0.0012717 10 1537.9 0.00845023 0.0194779 0.00577753
0.000512442 20 1538.9 0.0018813 0.0109653 -0.00345045
0.00726789 30 1539.9 0.000373782 -0.0179154 -0.0151874
0.00711591 40 1540.9 0.00180845 0.0191771 -0.00131077
0.00681686 50 1541.9 0.00372027 -0.00608568 -0.00741664
0.00102264 60 1542.9 0.00382871 2.6146e-05 0.00784182
0.000677817 70 1543.9 0.00568158 0.0110698 -0.00196187
0.000252769 80 1544.9 0.00684008 0.00618346 0.00393902
0.00417089 90 1545.9 0.00706459 0.0285609 0.0111517
0.00107449 100 1546.9 0.00547781 -0.00406984 0.0164103
0.000938919 110 1547.9 0.00333016 0.00120285 0.00233914
0.00142688 120 1548.9 0.00712932 0.00254422 0.00425307
0.00115804 130 1549.9 0.00607063 0.00492465 0.0117292
0.00288291 140 1550.9 0.00559619 0.00852348 0.00333528
0.0003727 150 1551.9 0.00331387 0.0147256 0.00814587
0.0141821 160 1552.9 0.0104608 0.014504 0.00548531
0.00248074 170 1553.9 0.00533507 0.0212161 0.000724966
0.0086419 180 1554.9 0.0136087 -0.0311987 -0.00649485
0.00179028 190 1555.9 0.00709933 -0.00804565 0.00993555
0.00172849 200 1556.9 0.00540869 -0.00564833 0.00149455
0.00194756 210 1557.9 0.00716351 0.00085003 0.00363183
0.00601353 220 1558.9 0.0101207 -0.0180256 0.0113761
0.00119904 230 1559.9 0.00506047 -0.00279625 0.00707123
0.00941641 240 1560.9 0.00949179 -0.0245315 -0.00716413
0.00421261 250 1561.9 0.0108668 0.0458609 0.0286712
0.00653467 260 1562.9 0.00803061 0.0248085 -0.00288134
0.0006079 270 1563.9 0.00743201 0.017658 0.0114773
0.00474254 280 1564.9 0.00693325 0.0344149 -0.00295096
0.0122257 290 1565.9 0.00610696 -0.0171993 0.00205473
0.00767569 300 1566.9 0.0055351 0.00459101 0.00293073
0.00838022 310 1567.9 0.00980471 -0.0336512 -0.010805
0.00558776 320 1568.9 0.0057528 0.0108396 0.0074863
0.000195952 330 1569.9 -0.0334191 0.0235619 -0.121205
0.0019352 340 1570.9 0.00695253 -0.00630331 0.00882124
0.00574428 350 1571.9 0.0100228 0.0452345 -0.0118023
0.00699598 360 1572.9 0.00652589 0.0108952 -0.00414679
0.000430647 370 1573.9 0.00935988 -0.03378 0.00813895
0.000397458 380 1574.9 0.0030474 0.0265299 0.0116524
0.00463733 390 1575.9 0.00501947 0.0306926 -0.0200379
0.00491439 400 1576.9 0.00327617 0.0206495 -0.00935136
0.00194886 410 1577.9 0.0116747 -0.000419019 0.011744
0.00816897 420 1578.9 0.00817694 0.00562761 0.0126725
0.00168827 430 1579.9 0.00723258 -0.014361 0.00318854
0.00196147 440 1580.9 0.0112737 -0.0113497 0.0149569
0.0061243 450 1581.9 0.00161223 0.000583973 -0.0134556
0.00215207 460 1582.9 0.00347805 0.0262912 0.00829922
0.00641164 470 1583.9 0.00784212 0.00269746 0.000416945
0.00208377 480 1584.9 0.00564244 0.0218621 0.0138201
0.000801402 490 1585.9 0.00595278 0.00158823 0.00529668
0.00246139 500 1586.9 0.00298685 -0.0194286 0.00337117
0.00397917 510 1587.9 0.000639422 0.0629286 0.00284786
0.0020844 520 1588.9 0.0113081 0.0160636 0.00442884
0.00712069 530 1589.9 0.0108094 0.0290405 0.0305154
0.0045703 540 1590.9 0.00899225 -0.0192951 0.0132892
0.00303137 550 1591.9 0.00742667 0.00831233 -0.00499732
0.00223182 560 1592.9 0.00323866 0.0246729 0.00177192
0.00113124 570 1593.9 0.00368638 0.0110051 0.0120847
0.00930363 580 1594.9 0.00386896 0.0226391 -0.00707106
0.0020345 590 1595.9 0.00704629 0.0209951 0.0107755
0.0113735 600 1596.9 0.0149789 -0.0236007 0.0019227
0.000961814 610 1597.9 0.00451691 0.0164311 -0.00554652
0.000627749 620 1598.9 0.014699 0.0073753 0.00658103
0.00252763 630 1599.9 0.00324716 0.0235965 -0.00102842
0.000977324 640 1600.9 0.00457914 -0.0011949 0.0143297
0.000917147 650 1601.9 0.00735112 0.00167503 -0.0101671
0.00173107 660 1602.9 0.00636996 0.0203396 -0.00763046
0.00361435 670 1603.9 0.00570147 0.027998 -0.00953415
0.00929521 680 1604.9 0.00725902 -0.0313758 -0.00219983
0.00679336 690 1605.9 0.00213158 -0.0187267 -0.0160001
0.00307496 700 1606.9 0.00642535 0.0097643 -0.00603043
0.00200404 710 1607.9 0.00649209 0.0372005 0.00279996
0.000995683 720 1608.9 0.00841797 0.0118739 0.00693039
0.00172571 730 1609.9 0.00298304 0.0445919 0.00532027
0.00424177 740 1610.9 0.00825177 -0.0033718 0.0153047
0.00733781 750 1611.9 0.0054474 -0.0384673 -0.00593499
0.00821622 760 1612.9 0.00618367 -0.0115639 -0.00414793
0.00189007 770 1613.9 0.0032265 0.0205756 0.00481212
0.0121392 780 1614.9 0.0102068 0.0167916 0.00802385
0.00206541 790 1615.9 0.00413955 0.0537437 0.0125173
0.00102862 800 1616.9 0.0025058 0.0178284 0.00437265
0.00565658 810 1617.9 0.00791032 0.0675658 0.000745279
0.00138695 820 1618.9 0.00178495 0.0089644 -0.00559533
0.00096904 830 1619.9 0.00725652 0.000776856 0.00647302
0.00292386 840 1620.9 0.00747661 -0.000565639 0.0150828
0.00311761 850 1621.9 0.00490626 0.0144067 0.00345305
0.0156687 860 1622.9 0.0060998 0.0193708 0.00044529
0.00262069 870 1623.9 0.0111512 -0.0469531 0.0170717
0.00541277 880 1624.9 0.00822259 0.0426678 0.00676168
0.000431437 890 1625.9 0.000808475 0.0032025 0.0251733
0.00170442 900 1626.9 0.00319415 0.0143969 -0.00455532
0.00824281 910 1627.9 0.0367008 0.125818 -0.0324426
0.0141438 920 1628.9 0.00283279 8.04085e-05 -0.00118125
0.00106643 930 1629.9 0.0062205 -0.00458012 -0.00124401
0.00949273 940 1630.9 0.00775457 0.0264744 0.0068321
0.00370772 950 1631.9 0.00473145 0.0214034 0.00696752
0.0100948 960 1632.9 0.00590439 0.0199806 -0.0044688
0.00336336 970 1633.9 0.00400521 0.0152481 0.00151352
0.00467095 980 1634.9 0.00278257 0.0300147 0.00867901
0.00698808 990 1635.9 0.0172904 -0.0443785 0.0103065
0.00328747 1000 1636.9 0.00137446 0.00323622 -0.00774952
0.00498748 1010 1637.9 0.00626377 0.0362985 0.0276041
0.00523491 1020 1638.9 0.00833219 -8.37688e-05 0.014583
0.00863023 1030 1639.9 0.00465527 0.0144061 -0.000636653
0.00313955 1040 1640.9 0.00389831 0.0337055 0.0118273
0.00161569 1050 1641.9 0.00881423 0.017988 -0.00365807
0.00285132 1060 1642.9 0.00757683 0.000682627 0.00448079
0.00437755 1070 1643.9 0.00446603 -0.00193474 -0.00258127
0.00263406 1080 1644.9 0.00752591 0.00196693 0.00971933
0.00846654 1090 1645.9 0.00602451 0.0630254 0.000305603
0.00698732 1100 1646.9 0.002716 0.000422019 -0.000342123
0.0136234 1110 1647.9 0.00622245 0.000460911 0.0142196
0.00469014 1120 1648.9 0.00698757 0.0273227 -0.0660558
0.00511842 1130 1649.9 0.00490488 0.0278604 -0.00650475
0.00530628 1140 1650.9 0.00647898 0.00836917 0.00125482
0.00115864 1150 1651.9 0.00373486 0.0677974 0.00449408
0.00737126 1160 1652.9 0.0128067 -0.0422686 -0.00714359
0.00822061 1170 1653.9 0.00382358 -0.0272656 -0.0102545
0.00112449 1180 1654.9 0.00349825 0.00529399 -0.00379641
0.00758974 1190 1655.9 0.00533327 0.0204502 0.00499084
0.0167042 1200 1656.9 0.00832172 -0.0127504 -0.0115364
0.0025186 1210 1657.9 0.00323959 0.0238952 -0.00330548
0.00103599 1220 1658.9 0.00677675 0.00468799 0.000390223
0.00683963 1230 1659.9 0.00593922 -0.0175306 -0.00196261
0.00144251 1240 1660.9 0.00528226 -0.00908446 0.0142319
0.00617566 1250 1661.9 0.00514488 0.025317 -0.00725691
0.00861176 1260 1662.9 -9.86767e-05 -0.0296558 0.00623165
0.00925742 1270 1663.9 0.031798 0.00422078 0.102158
0.00811274 1280 1664.9 0.00503451 0.0144256 0.00674359
0.00509438 1290 1665.9 0.0126763 0.0472967 0.0399186
0.00571765 1300 1666.9 0.00514765 0.0123023 0.0101695
0.00491555 1310 1667.9 0.00557512 0.000136219 0.00726995
0.00147176 1320 1668.9 0.00234481 0.0201432 0.0108486
0.00323025 1330 1669.9 0.00682635 0.02753 -0.000568349
0.000784926 1340 1670.9 -0.00250722 0.00978071 -0.0112604
0.00684645 1350 1671.9 0.00226525 0.0210487 -0.00769826
0.00362354 1360 1672.9 0.00854978 0.00867603 0.00649733
0.00833862 1370 1673.9 0.00127999 -0.0137876 -0.0177121
0.0139457 1380 1674.9 0.0137956 -0.0250905 -0.0109816
0.00431527 1390 1675.9 0.00786145 0.00517454 0.00969838
0.00619022 1400 1676.9 0.0112494 0.0451083 0.0233481
0.000299195 1410 1677.9 0.00227111 0.0181959 0.00207782
0.00375491 1420 1678.9 0.00550649 0.0649195 -0.000424263
0.00444036 1430 1679.9 0.00415653 0.0221042 -0.00360236
0.00396637 1440 1680.9 0.00490956 -0.0228114 0.0217993
0.00111252 1450 1681.9 0.00482066 0.0174947 0.00433971
0.00109905 1460 1682.9 0.0136843 -0.0247592 0.0238955
0.00297086 1470 1683.9 0.00714054 -0.00904299 0.00324314
0.0019254 1480 1684.9 0.0058612 -0.00721557 0.00601536
0.00225443 1490 1685.9 0.00250773 0.00460597 0.000855327
0.00831678 1500 1686.9 0.00123721 0.0334371 -0.0224902
0.00534691 1510 1687.9 0.0045486 0.0165069 0.0108696
0.00140387 1520 1688.9 0.00612781 0.0051318 0.0131757
0.00828202 1530 1689.9 0.00872306 0.0358249 -0.00164876
0.00212101 1540 1690.9 0.00728776 0.00924072 0.010575
0.00506288 1550 1691.9 0.0117551 -0.000395512 0.0147362
0.00420095 1560 1692.9 0.00787953 -0.00335793 -0.000930945
0.00159272 1570 1693.9 0.00625686 0.00592464 0.0142307
0.00490428 1580 1694.9 0.00420214 0.042822 -0.0129116
0.00180484 1590 1695.9 0.00350261 0.0246291 -0.00318257
0.00846782 1600 1696.9 0.00543742 0.0655408 -0.00340437
0.00735116 1610 1697.9 0.00152413 -0.0202622 -0.0197503
0.0117783 1620 1698.9 0.0157746 -0.0344607 -0.00306803
0.0103781 1630 1699.9 0.00545573 0.00592698 0.00481683
0.00871941 1640 1700.9 0.0106182 -0.00417836 0.0176914
0.00406963 1650 1701.9 0.00421489 0.0192337 0.00224326
0.00225376 1660 1702.9 0.0100421 0.0179138 -0.00557088
0.00888147 1670 1703.9 0.0169411 0.0194383 -0.000754019
0.00143042 1680 1704.9 0.00973924 0.00211809 -0.00691271
0.0124774 1690 1705.9 0.00451348 0.0318242 0.0146278
0.00143927 1700 1706.9 0.00641453 0.026284 -0.0010289
0.0117377 1710 1707.9 0.00313723 0.0293849 0.000370813
0.00531596 1720 1708.9 0.00458913 0.0436602 -0.00980728
0.00462173 1730 1709.9 0.00377086 0.0572054 0.018157
0.00505899 1740 1710.9 0.00954675 0.0336715 0.0243162
0.00118923 1750 1711.9 0.00696316 0.012782 0.00456535
0.00310366 1760 1712.9 0.00809232 -0.011805 0.0157337
0.0102738 1770 1713.9 0.00611991 0.0629419 0.00774166
0.00708627 1780 1714.9 0.00583154 0.00749309 0.00238017
0.00970151 1790 1715.9 0.00848649 -0.0194353 0.00358937
0.00431421 1800 1716.9 0.0052977 0.0251311 0.00836647
0.00331901 1810 1717.9 0.00981133 0.0405229 -0.000834601
0.0110087 1820 1718.9 0.0105581 0.0348544 0.0143489
0.00326743 1830 1719.9 0.0101123 -0.00860607 0.00515834
0.000449555 1840 1720.9 0.0100947 -0.00968721 0.0241296
0.00291364 1850 1721.9 0.00696396 -0.00845892 0.00611699
0.000605119 1860 1722.9 0.00542386 -0.00539893 -0.0434223
0.00694651 1870 1723.9 0.0034031 0.0166969 -0.00439106
0.0115991 1880 1724.9 0.0101463 0.00318745 0.0402486
0.00866733 1890 1725.9 0.00634582 -0.0187152 -0.00022738
0.00696836 1900 1726.9 0.00682133 0.00603879 0.00188393
0.00473946 1910 1727.9 0.00342905 -0.0145757 0.00264975
0.00120277 1920 1728.9 0.00205911 0.0189432 0.0098938
0.00859155 1930 1729.9 0.00672571 -0.00695001 0.00780886
0.010299 1940 1730.9 0.0017054 -0.0061395 -0.0201262
0.00452838 1950 1731.9 0.00318203 0.0386803 0.00297396
0.00188898 1960 1732.9 0.00547238 0.00359737 -0.00672225
0.00257355 1970 1733.9 0.0048202 0.0495197 -0.00588389
0.00477563 1980 1734.9 0.00446354 0.0100355 0.0108685
0.00809472 1990 1735.9 0.00529774 0.019164 0.00630659
0.00785542 2000 1736.9 0.00366773 0.00599026 -0.00311834
0.00699855 2010 1737.9 0.0049683 0.00781272 -0.00247727
0.014726 2020 1738.9 0.0132607 -0.00115664 0.023472
0.00677661 2030 1739.9 0.00574826 0.0177141 0.00882631
0.00774108 2040 1740.9 0.00627814 0.0327521 0.00774825
0.0102799 2050 1741.9 0.00644908 0.0328306 -0.00455185
0.00082733 2060 1742.9 0.00616986 -0.00510745 0.0186684
0.00708422 2070 1743.9 0.00867969 0.0247033 -0.00467326
0.00376467 2080 1744.9 0.0104371 -0.0168296 0.0354135
0.000686037 2090 1745.9 -0.00327219 -0.00421507 0.0293423
0.00463658 2100 1746.9 0.00351577 0.0270695 0.0108123
0.00178486 2110 1747.9 0.00904895 -0.00350323 0.0151807
0.0061715 2120 1748.9 0.00426136 0.0623015 0.00888816
0.00132504 2130 1749.9 0.00927951 -0.00283331 0.0127198
0.00104836 2140 1750.9 0.00159286 -0.000298995 -0.0183278
0.00169315 2150 1751.9 0.0118646 -0.0135534 0.0142001
0.0101324 2160 1752.9 0.00505829 0.0199817 0.00532511
0.00106732 2170 1753.9 0.00455075 0.0345971 0.0154996
0.00951561 2180 1754.9 0.00470282 0.000838968 -0.00652933
0.0125136 2190 1755.9 0.00981174 -0.0268198 -0.0128207
0.000600234 2200 1756.9 0.000233773 0.0118163 0.00305276
0.00397015 2210 1757.9 0.009397 -0.0159698 0.0158689
0.00760086 2220 1758.9 0.00217638 -0.0164367 -0.00942289
0.00224279 2230 1759.9 0.00464566 -0.00274238 0.0138912
0.00247733 2240 1760.9 0.0167638 -0.00655695 -0.0189274
0.0105197 2250 1761.9 0.00956025 -0.0221554 -0.00480772
0.00241865 2260 1762.9 0.00408895 0.0011011 -0.00178153
0.001044 2270 1763.9 0.00585591 0.022168 -0.0113956
0.000913581 2280 1764.9 0.0084074 -0.00409203 0.0168963
0.00121619 2290 1765.9 0.0109014 -0.0346671 0.0140083
0.00291928 2300 1766.9 0.00422808 0.0145454 -0.00437393
0.000995602 2310 1767.9 0.00429368 0.0224945 0.00580663
0.000893979 2320 1768.9 0.00562594 -0.0153382 0.00198208
0.00231026 2330 1769.9 0.00152754 0.000383397 0.00215107
0.00326382 2340 1770.9 0.00230061 0.00408244 -0.00302309
0.00074345 2350 1771.9 0.00498432 0.0175335 0.00832486
0.0093447 2360 1772.9 0.00605561 0.0585724 0.00016507
0.00677549 2370 1773.9 0.00607578 -0.00694442 -0.00567098
0.00468741 2380 1774.9 0.00690669 0.0014031 0.010686
0.000997822 2390 1775.9 0.00637836 0.000419203 0.00259088
0.000730394 2400 1776.9 0.0053909 0.0107026 0.0112594
0.0105691 2410 1777.9 -0.00293137 -0.0223825 0.0162969
0.00344584 2420 1778.9 0.00651806 0.0205376 0.000962959
0.0124194 2430 1779.9 0.00623118 -0.0129342 0.0101805
0.0014097 2440 1780.9 0.00420751 0.0234616 -0.00692894
0.0105669 2450 1781.9 0.00817986 -0.0362221 -0.0119152
0.0176426 2460 1782.9 0.0191634 0.127599 -0.0460674
0.0057324 2470 1783.9 0.000537263 -0.0171291 -0.0141426
0.0108669 2480 1784.9 0.00578799 0.0262696 -0.00282597
0.0068467 2490 1785.9 -0.00178113 0.0144051 -0.00419655
0.00106429 2500 1786.9 0.00752736 0.0230991 0.0130274
0.0133737 2510 1787.9 0.00512552 0.0262423 0.00106144
0.00194691 2520 1788.9 0.00809612 -0.0192701 0.0224639
0.000976276 2530 1789.9 0.00228139 0.0315949 0.00224269
0.00378098 2540 1790.9 0.00388912 0.0235487 0.00259548
0.00739062 2550 1791.9 0.00687191 0.025727 0.00331077
0.01172 2560 1792.9 0.00777468 -0.0302338 -0.017565
0.00839577 2570 1793.9 0.00474696 0.0279233 -0.000671423
0.00583051 2580 1794.9 0.00543432 0.034867 -0.00682163
0.00351352 2590 1795.9 0.00526972 0.0243554 0.00343962
0.000840461 2600 1796.9 0.00833046 0.00139414 0.0152017
0.00144956 2610 1797.9 -0.000457762 -0.00816758 0.0324719
0.0054758 2620 1798.9 0.00557127 0.0174757 0.00489183
0.00798308 2630 1799.9 0.00948557 0.0313182 0.00302984
0.00738592 2640 1800.9 0.0139526 0.011669 0.0125518
0.00684973 2650 1801.9 0.00644992 -0.0256185 0.00283235
0.00102296 2660 1802.9 0.00638363 0.00909253 0.00321513
0.00203122 2670 1803.9 0.0157994 -0.022968 0.0104537
0.00196638 2680 1804.9 0.00350354 0.03482 -1.74676e-05
0.00163954 2690 1805.9 0.00820952 0.0250662 0.00150732
0.000695282 2700 1806.9 0.00601929 0.0122972 0.00352013
0.00553485 2710 1807.9 0.00717311 -0.0311964 -0.0103125
0.0102266 2720 1808.9 0.0130212 -0.0141474 -0.0020702
0.00120822 2730 1809.9 0.0081373 0.00756612 0.00647228
0.000955332 2740 1810.9 0.00423572 0.0427035 0.00492432
0.00247558 2750 1811.9 0.00813756 -0.00563174 0.0103348
0.00622609 2760 1812.9 0.00334029 0.0631051 0.00537839
0.00161759 2770 1813.9 0.00579668 -0.0256618 0.0101583
0.00738573 2780 1814.9 0.00666929 0.0243654 0.00467089
0.00158506 2790 1815.9 0.0109984 0.0010623 0.0290324
0.00814521 2800 1816.9 0.0044775 -0.0203682 -0.0142003
0.00354986 2810 1817.9 0.00485061 0.0380934 -0.0197476
0.00674115 2820 1818.9 0.00487953 -0.0125928 -0.0021254
0.00156736 2830 1819.9 0.0110167 -0.00276061 0.0160061
0.00230863 2840 1820.9 0.00418796 -0.00274469 -0.00759279
0.0101856 2850 1821.9 -0.0012321 0.00264551 -0.0189232
0.00103459 2860 1822.9 0.00583889 0.00814012 0.00729669
0.00484406 2870 1823.9 0.00652753 0.0212098 0.00093041
0.00576352 2880 1824.9 0.00525625 0.0603278 -0.0027518
0.0112179 2890 1825.9 0.00562021 -0.0261825 -0.0110914
0.00926241 2900 1826.9 0.00473504 0.0195416 -0.00668082
0.00495799 2910 1827.9 0.00877313 -0.0163898 0.0104859
0.00624276 2920 1828.9 0.00117941 0.0110364 -0.0171126
0.00552631 2930 1829.9 -2.32707e-05 0.0231803 -0.014469
0.00682582 2940 1830.9 0.0026499 -0.0261674 0.0182658
0.00895367 2950 1831.9 0.00471872 -0.0234958 -0.0161093
0.00234544 2960 1832.9 0.00553565 0.00615858 0.0117839
0.000975155 2970 1833.9 0.00884826 -0.0122658 0.00382548
0.010253 2980 1834.9 0.00798459 -0.0344859 -0.00309046
0.00164091 2990 1835.9 0.00250308 0.0315171 0.00216367
0.0117586 3000 1836.9 0.00611589 -0.00703762 -0.00882658
0.0275481 3010 1837.9 -0.00404851 0.00940722 -0.00413057
0.000751827 3020 1838.9 0.00246974 0.0153835 0.000346527
0.00271373 3030 1839.9 0.00774702 -0.00540663 0.0135731
0.0115954 3040 1840.9 0.000723092 -0.00607626 -0.0229485
0.000979699 3050 1841.9 0.010618 -0.0145067 -0.0204956
0.00351426 3060 1842.9 0.000235672 0.0255736 -0.0188011
0.00319588 3070 1843.9 0.00138206 0.0208864 0.0168233
0.0112761 3080 1844.9 0.00365084 0.0276529 -0.00770933
0.00347633 3090 1845.9 0.00190706 0.0729285 -0.0011271
0.000956134 3100 1846.9 0.00439873 0.0142659 0.00838525
0.00880694 3110 1847.9 0.00530212 -0.0048878 0.0117844
0.00551727 3120 1848.9 0.00296291 0.0218998 -0.00870113
0.00813487 3130 1849.9 0.0114997 0.00632943 0.0233876
0.00291038 3140 1850.9 0.00851753 -0.00540354 0.0177741
0.000816697 3150 1851.9 0.00570986 -0.00930774 0.00146164
0.0173313 3160 1852.9 0.00545762 0.0169875 -0.00240462
0.00144772 3170 1853.9 0.00413203 0.0178514 -0.0069502
0.00133863 3180 1854.9 0.00338545 -0.0208371 0.00801337
0.000464549 3190 1855.9 0.00741069 -0.00285574 0.0172206
0.0123713 3200 1856.9 0.0172588 -0.0506456 -0.00780272
0.00978298 3210 1857.9 0.00875016 -0.0275284 -0.00338829
0.00115497 3220 1858.9 0.00705684 0.0193753 0.0261659
0.000576865 3230 1859.9 0.00566804 0.0139605 0.01871
0.00663573 3240 1860.9 0.00238285 0.0236543 -0.00497876
0.000676866 3250 1861.9 0.00214076 0.0295037 -0.0146417
0.0106814 3260 1862.9 0.00775946 -0.0124758 0.00860601
0.00353953 3270 1863.9 0.00499069 0.0157437 0.000931521
0.00332257 3280 1864.9 0.00402433 -0.0215852 0.0129588
0.000937707 3290 1865.9 0.00378468 0.0138138 -0.00673888
0.00266312 3300 1866.9 0.00182914 0.0198092 0.000266152
0.00928208 3310 1867.9 0.0065085 -0.0198275 -0.00394752
0.00397052 3320 1868.9 0.00190785 0.0223032 0.0161423
0.00808624 3330 1869.9 0.00895114 -0.0220594 -0.005958
0.00633278 3340 1870.9 0.00651025 0.00802879 -0.00180968
0.00207268 3350 1871.9 0.00625293 0.00635191 0.00369541
0.00194749 3360 1872.9 0.00854976 0.0571785 0.0646176
0.00273562 3370 1873.9 0.00877049 -0.00852161 0.00964051
0.0102553 3380 1874.9 0.00599233 0.0195207 0.00858987
0.00550747 3390 1875.9 0.00995498 -0.0130723 0.00125773
0.000731847 3400 1876.9 2.76812e-05 0.00458792 0.00128802
0.00152031 3410 1877.9 0.00487317 0.0242312 -0.00124998
0.002253 3420 1878.9 0.00636458 -0.00158452 0.00965412
0.00273588 3430 1879.9 0.00871105 0.0111218 0.00878585
0.00627221 3440 1880.9 0.00565457 0.0180894 8.5158e-05
0.00529227 3450 1881.9 0.00385851 0.0365597 -0.00801295
0.00521803 3460 1882.9 0.00575091 -0.0161837 0.00110714
0.00609808 3470 1883.9 0.00347598 0.0570641 0.00450024
0.00689161 3480 1884.9 0.00654367 -0.0240649 0.00165056
0.00197437 3490 1885.9 0.0030233 -0.00869434 -0.0084762
0.00157216 3500 1886.9 0.00505071 0.0166457 0.000884994
0.00152718 3510 1887.9 0.00236754 0.0233253 0.000168662
0.00776147 3520 1888.9 0.00826766 0.0220946 0.0115276
0.0059954 3530 1889.9 0.0142928 0.0485413 0.0286276
0.0083881 3540 1890.9 0.00477538 0.030657 0.0025428
0.0011281 3550 1891.9 0.0129253 -0.0108326 0.0211267
0.00799594 3560 1892.9 0.0107898 -0.0230396 -0.0118983
0.00484671 3570 1893.9 0.00565882 0.0121618 -0.00431409
0.000866098 3580 1894.9 0.00651865 0.00325968 0.00860332
0.00335263 3590 1895.9 0.00330541 0.0230087 0.000736857
0.00530817 3600 1896.9 0.010121 0.0149881 0.0141117
0.000873241 3610 1897.9 0.00432893 -0.000681056 -0.00441471
0.00569109 3620 1898.9 0.0039146 0.000704257 0.0115738
0.00323677 3630 1899.9 0.00253232 0.0180767 -0.0245456
0.00638003 3640 1900.9 0.00714031 0.0211621 0.00382935
0.0050653 3650 1901.9 0.00418097 -0.00728562 0.00259794
0.00851686 3660 1902.9 0.00281477 -0.0287096 -0.00952543
0.00214282 3670 1903.9 0.00971453 -0.000972528 0.0125236
0.00199687 3680 1904.9 0.00650588 -0.0112894 0.00485996
0.00548728 3690 1905.9 0.00540028 0.0252866 0.0102643
0.00549869 3700 1906.9 0.00357084 0.0208701 -0.018209
0.00623195 3710 1907.9 0.010085 -0.0315563 -0.00423879
0.00451181 3720 1908.9 0.00153684 0.0370677 -0.0350297
0.0016495 3730 1909.9 0.00481807 0.0171693 0.00356459
0.00153152 3740 1910.9 0.00281169 0.0162355 0.0134733
0.00463746 3750 1911.9 0.00383456 0.018241 0.00558705
0.00264639 3760 1912.9 0.0050975 0.00506474 0.00564905
0.000510248 3770 1913.9 0.000984707 0.0185078 -0.0132279
0.00805954 3780 1914.9 0.0135321 -0.0129896 0.000987531
0.000575465 3790 1915.9 0.00809062 0.00102656 0.0113906
0.00109873 3800 1916.9 0.0155209 0.0127153 0.041775
0.000962668 3810 1917.9 0.00966571 -0.0178971 0.0152433
0.00527099 3820 1918.9 0.00436764 0.0161909 -0.00240689
0.00064987 3830 1919.9 0.00845187 -0.0032228 0.0183436
0.00109332 3840 1920.9 0.00549087 0.0160459 0.00615602
0.00369557 3850 1921.9 0.005671 0.00505545 0.00326568
0.00313901 3860 1922.9 0.00592848 0.0110962 0.00850051
0.00233234 3870 1923.9 0.00353539 -0.00952649 0.0118067
0.000718624 3880 1924.9 0.00640873 -0.0104327 0.00845677
0.000696894 3890 1925.9 0.00314124 0.0144965 0.00102429
0.00355643 3900 1926.9 0.00558511 0.0224599 -0.010406
0.00175339 3910 1927.9 0.00254814 0.020592 0.00695375
0.000780666 3920 1928.9 0.00289241 0.0248685 -0.00788665
0.00323829 3930 1929.9 0.00278125 0.0390433 0.00135933
0.00365796 3940 1930.9 0.0104802 -0.0135244 0.0217442
0.00070039 3950 1931.9 0.00850699 -0.0295215 0.0100994
0.00166394 3960 1932.9 0.00631229 0.020968 0.00810794
0.004322 3970 1933.9 0.003153 0.00789728 -0.00912955
0.0086698 3980 1934.9 0.00275088 -0.00857079 0.00290936
0.000900738 3990 1935.9 0.00677691 0.00695423 0.00101219
0.00160154 4000 1936.9 0.00438001 -0.000140356 0.00955271
0.00592518 4010 1937.9 0.00688759 0.015781 0.00312475
0.0141402 4020 1938.9 0.0122063 -0.0198708 -0.0178396
0.000693427 4030 1939.9 0.00574349 0.0325114 0.0191632
0.00549482 4040 1940.9 0.0105056 -0.0386434 -0.00584153
0.00101742 4050 1941.9 0.0043418 0.0120121 0.00699885
0.000612131 4060 1942.9 0.00571816 0.00324231 0.00430998
0.00856145 4070 1943.9 0.0105629 0.0157565 0.00374862
0.00802998 4080 1944.9 0.00940645 -0.00925261 0.00402749
0.000891206 4090 1945.9 0.00303851 0.0200589 0.000234791
0.00997787 4100 1946.9 0.00765689 0.0295919 0.00688042
0.000790051 4110 1947.9 0.00792646 -0.0116886 0.0134998
0.00739233 4120 1948.9 0.00438954 0.0230992 0.00583942
0.00447812 4130 1949.9 0.00453075 0.0373443 -0.00377565
0.000162782 4140 1950.9 -0.00244178 -0.019976 0.0200849
0.00126783 4150 1951.9 0.00566895 0.0115062 0.00104546
0.00421297 4160 1952.9 0.00300887 0.00185149 -0.00614073
0.00890191 4170 1953.9 0.00573508 0.0119166 -0.000685572
0.0129759 4180 1954.9 0.00599904 -0.0227865 -0.00655121
0.0012464 4190 1955.9 0.00348646 0.0158693 0.00739968
0.0034 4200 1956.9 0.00543256 -0.015151 0.0219625
0.0065096 4210 1957.9 0.00380608 0.0191007 -0.00422896
0.00135434 4220 1958.9 0.00460124 0.0108571 0.0037772
0.00255032 4230 1959.9 0.0047442 -0.0184573 0.0133445
0.00550818 4240 1960.9 0.00401904 -0.0092707 0.00170983
0.00690404 4250 1961.9 0.00211557 0.050602 0.0070347
0.0014536 4260 1962.9 0.00400538 0.00946196 0.00262728
0.00935674 4270 1963.9 0.00462453 0.0551586 0.00265062
0.00881232 4280 1964.9 0.00327339 0.0154037 -0.0105143
0.0102196 4290 1965.9 0.00564202 -0.0164657 -0.00624531
0.00935124 4300 1966.9 0.00368038 0.0265053 0.00341482
0.00204231 4310 1967.9 0.00877609 -0.0194422 0.00843996
0.00300112 4320 1968.9 0.00787171 0.00632039 0.0111258
0.00495684 4330 1969.9 0.00873356 0.020726 -0.000395741
0.0050507 4340 1970.9 0.00687241 0.0226582 0.0140266
0.00162676 4350 1971.9 0.00789218 -0.00302914 0.0154037
0.00364538 4360 1972.9 0.00434129 0.00852262 -0.00188883
0.00709301 4370 1973.9 0.00216623 0.0290614 -0.0031974
0.0144975 4380 1974.9 0.00395729 0.0264206 -0.00107825
0.00742751 4390 1975.9 0.00598199 -0.000792871 0.00492889
0.00290283 4400 1976.9 0.00519244 -0.0171325 0.00385481
0.00459938 4410 1977.9 0.00967624 0.0119608 0.016746
0.00443532 4420 1978.9 0.00555164 0.0148827 0.00474426
0.00285355 4430 1979.9 0.00342995 0.0215391 -0.00915497
0.00128359 4440 1980.9 -0.00530304 0.0226239 -0.00628888
0.004627 4450 1981.9 0.00961019 0.0316487 0.00530286
0.00491948 4460 1982.9 0.00274206 0.0308846 -0.00138597
0.00318384 4470 1983.9 0.00927876 0.0205164 6.19913e-05
0.00402028 4480 1984.9 0.00247215 0.0294026 0.00145677
0.000538417 4490 1985.9 0.00598903 0.0215365 0.00130131
0.0038121 4500 1986.9 0.00307905 0.0248189 -0.00841506
0.00781957 4510 1987.9 0.00478917 -0.0224324 0.00168992
0.00441129 4520 1988.9 0.00366474 0.00906135 0.00142756
0.0092534 4530 1989.9 0.0060143 -0.0197893 -0.00555479
0.0161726 4540 1990.9 0.0116392 -0.0227589 -0.00615707
0.000515457 4550 1991.9 0.00190714 0.0202656 0.00369749
0.00332612 4560 1992.9 0.00608623 0.0263468 0.0122207
0.0013086 4570 1993.9 0.00532974 -0.00630025 -0.00676832
0.00191925 4580 1994.9 0.00872252 0.036527 0.0151207
0.0109711 4590 1995.9 0.00828521 0.0198168 0.00484816
0.00856868 4600 1996.9 0.00485762 0.0348901 -0.00231735
0.00787403 4610 1997.9 0.0049643 0.0249505 0.00132935
0.00861013 4620 1998.9 -0.000134747 -0.026592 0.010731
0.00130432 4630 1999.9 0.0037277 0.0650536 0.0118326
0.000916003 4640 2000.9 0.00260839 0.0403266 -0.0048982
0.000772073 4650 2001.9 0.00394367 -0.00103849 0.0102806
0.00201914 4660 2002.9 0.00519073 0.033263 -0.000446927
0.00117459 4670 2003.9 0.000559169 0.01293 -0.00723516
0.00854857 4680 2004.9 0.00807102 -0.0259625 -0.0111302
0.00919328 4690 2005.9 0.002927 0.0232886 -0.00756296
0.00155299 4700 2006.9 0.00681639 -0.00428907 -0.00304046
0.0028444 4710 2007.9 0.0035708 0.0150876 -0.00935476
0.0104175 4720 2008.9 0.00539099 -0.0207813 -0.0131488
0.0013461 4730 2009.9 0.00095928 -0.0128271 -0.0280016
0.00610729 4740 2010.9 0.0037025 0.0160145 0.0123807
0.0046485 4750 2011.9 0.0049134 0.00793841 0.000482949
0.00253729 4760 2012.9 0.00780595 0.00445397 0.00625136
0.0054647 4770 2013.9 0.00426825 0.0203766 0.00392698
0.00740541 4780 2014.9 0.00699474 0.00579957 0.00306879
0.00117786 4790 2015.9 0.0119231 0.00383103 0.0215432
0.00128081 4800 2016.9 0.00505571 -0.00664355 0.00686998
0.00218281 4810 2017.9 0.00798856 0.00696377 0.00300726
0.00135562 4820 2018.9 0.00596095 0.0280358 0.00624967
0.010535 4830 2019.9 0.00377351 0.0080314 0.00492863
0.00750162 4840 2020.9 0.00512002 0.00139546 -0.00813704
0.0180706 4850 2021.9 0.00792697 -0.027411 2.25967e-05
0.00521547 4860 2022.9 0.00755428 -0.00819808 -0.000143935
0.00189988 4870 2023.9 0.00869429 -0.0213645 0.0117687
0.0030352 4880 2024.9 0.00653137 -0.00954181 0.0116885
0.00995538 4890 2025.9 0.00418791 -0.00294303 -0.0139732
0.00619737 4900 2026.9 0.00955388 -0.0413531 -0.0054875
0.00118462 4910 2027.9 0.00771886 0.00596389 0.0052012
0.00402446 4920 2028.9 0.00520283 0.0268627 -0.00201878
0.00147709 4930 2029.9 0.00499049 0.00588499 -0.0019328
0.00271701 4940 2030.9 0.01325 0.00214004 0.00999772
0.00432467 4950 2031.9 0.0054165 0.00222791 -0.00216342
0.00199155 4960 2032.9 0.00935883 0.00122912 0.00941787
0.00419685 4970 2033.9 0.00838501 -0.0085072 0.0258011
0.00955501 4980 2034.9 0.00551396 0.0103092 0.00592663
0.00717157 4990 2035.9 0.00775787 0.0309512 0.00211623
0.00521538 5000 2036.9 0.00635982 -0.0089562 0.00862975
0.0100978 5010 2037.9 0.00706841 0.0793144 0.00266711
0.00419328 5020 2038.9 0.00709182 0.0106773 0.010964
0.0103556 5030 2039.9 0.0019205 0.015799 -0.0106624
0.00615382 5040 2040.9 0.00357428 0.0569025 0.0100955
0.00587693 5050 2041.9 0.00510668 0.0318066 -0.00327688
0.00172541 5060 2042.9 0.00660363 0.00989227 0.0240362
0.00727766 5070 2043.9 0.0106857 0.0298847 0.0237869
0.00454317 5080 2044.9 -0.00458574 0.0527234 -0.00884586
0.00645228 5090 2045.9 0.00417971 0.0373221 0.00458508
0.00284181 5100 2046.9 0.000255655 0.0196025 -0.0260813
0.00212744 5110 2047.9 0.00412401 0.0154173 0.00188786
0.00321569 5120 2048.9 0.00685207 0.00113337 0.00648959
0.00320964 5130 2049.9 0.00313265 0.0282598 0.00482695
0.00736656 5140 2050.9 0.00449817 0.0212279 0.000695766
0.00136271 5150 2051.9 -0.00472449 0.019035 -0.00865635
0.00177252 5160 2052.9 0.00422236 0.0144122 0.000450543
0.00458513 5170 2053.9 0.00716838 0.00366516 0.0148482
0.01045 5180 2054.9 0.00799171 -0.0122513 0.00652807
0.00352862 5190 2055.9 0.00677684 0.0350219 0.0173659
0.00100326 5200 2056.9 0.00337973 0.0142872 0.00276595
0.0012333 5210 2057.9 0.00347876 -0.000622216 -0.00908873
0.0062503 5220 2058.9 0.00210578 -0.00328696 -0.0122846
0.0129963 5230 2059.9 0.0048008 0.0211636 -0.0059864
0.000503933 5240 2060.9 0.00239553 0.00510264 0.029335
0.00303761 5250 2061.9 0.0130694 0.0188106 -0.00881983
0.00167142 5260 2062.9 0.00730596 -0.00828263 0.000614085
0.00127294 5270 2063.9 0.00553876 0.0208243 0.00561302
0.0040592 5280 2064.9 0.0021466 0.0435075 -0.0129597
0.00293243 5290 2065.9 0.00485844 0.0635486 0.0109045
0.000701433 5300 2066.9 0.0043899 0.0152308 0.00951489
0.0034547 5310 2067.9 0.00651128 0.00511504 0.0089541
0.00165399 5320 2068.9 0.0044773 0.0412466 0.0134868
0.0114205 5330 2069.9 0.00464405 0.0242572 -0.00280077
0.00584968 5340 2070.9 -0.00168144 0.070876 -0.0269161
0.00240562 5350 2071.9 0.00412751 -0.00296799 -0.00145801
0.00895804 5360 2072.9 0.00519938 0.0324409 0.0104814
0.00942676 5370 2073.9 0.00456428 0.0169014 0.00657868
0.00385474 5380 2074.9 0.00235012 0.0641665 -0.00196165
0.00253456 5390 2075.9 0.00796276 -0.0104487 0.0122017
0.00758585 5400 2076.9 0.00680703 0.0152902 0.00201889
0.00850475 5410 2077.9 0.00379776 0.00695477 -0.000795973
0.000758895 5420 2078.9 0.00520284 0.00216753 0.00853757
0.00813837 5430 2079.9 0.00276254 0.00886117 -0.0106702
0.00472553 5440 2080.9 0.00464967 0.0257627 -0.0010388
0.00744075 5450 2081.9 -0.00548511 0.0572488 -0.00889547
0.00553829 5460 2082.9 0.00577208 -0.0356159 -0.0051149
0.00408802 5470 2083.9 0.00686602 0.0165591 -0.00373445
0.00178942 5480 2084.9 0.00315832 0.0156075 -0.00326503
0.0101675 5490 2085.9 0.00826062 0.0163448 -0.000898025
0.00627511 5500 2086.9 0.00508475 0.00206462 0.0143818
0.00117183 5510 2087.9 0.00656259 0.00823805 0.00905768
0.00703378 5520 2088.9 0.0106531 -0.0108367 0.017541
0.00620254 5530 2089.9 0.00633093 0.0193246 0.00376758
0.000572751 5540 2090.9 0.0104129 0.000780641 0.0238974
0.00562778 5550 2091.9 0.00803121 0.028103 -0.00258179
0.00232586 5560 2092.9 0.00228358 0.0044582 -0.00567287
0.0138929 5570 2093.9 0.0186947 -0.0443262 -0.00711328
0.00295993 5580 2094.9 0.00445326 0.0225059 0.00231991
0.00457215 5590 2095.9 0.0050716 0.0149425 0.00244095
0.0051636 5600 2096.9 0.00398304 0.0537478 0.00511914
0.0127902 5610 2097.9 0.0077639 -0.0222409 -0.00766055
0.00530066 5620 2098.9 0.00503367 0.0157161 -0.00112466
0.00686062 5630 2099.9 0.00280529 0.0282087 -0.000677474
0.0121933 5640 2100.9 0.00502366 0.0146149 -0.000422244
0.0160283 5650 2101.9 -0.0256179 0.0279199 -0.0839245
0.0021533 5660 2102.9 0.0112492 -0.0265222 0.0267963
0.00414712 5670 2103.9 0.00779537 -0.0143004 0.0118691
0.00801424 5680 2104.9 0.00175322 0.0112621 -0.00902699
0.0124855 5690 2105.9 0.00627203 -0.0398282 -0.0176936
0.000805164 5700 2106.9 0.00360168 0.00370122 0.00494243
0.00174722 5710 2107.9 0.00534011 0.0260831 0.00998291
0.00155746 5720 2108.9 0.010437 -0.00277824 0.0174691
0.0092704 5730 2109.9 0.00397049 -0.00697765 -0.00573989
0.00275211 5740 2110.9 -2.24937e-06 0.0171685 -0.00540686
0.00761067 5750 2111.9 0.00558001 0.0155829 0.00698093
0.00381866 5760 2112.9 0.00213105 0.0188689 0.00392614
0.0073832 5770 2113.9 0.00910284 -0.0227602 0.0103417
0.00702373 5780 2114.9 0.0062041 -0.0153849 0.00783985
0.011057 5790 2115.9 0.00759007 -0.0350326 0.0621724
0.00288489 5800 2116.9 0.00240046 0.00938185 -0.00931114
0.0116951 5810 2117.9 0.00752126 -0.0145581 0.00195658
0.00189896 5820 2118.9 0.0068716 0.0213699 0.0112295
0.00889737 5830 2119.9 0.00728035 -0.0223034 0.0130771
0.00266093 5840 2120.9 0.00541113 0.000180389 0.00517496
0.00062842 5850 2121.9 0.00597524 0.00427343 0.0226861
0.0014072 5860 2122.9 0.00146361 0.01204 -0.000548023
0.00131459 5870 2123.9 0.00721449 0.0314357 0.00810916
0.00325343 5880 2124.9 0.00316369 0.00883141 -0.0110918
0.00739252 5890 2125.9 0.00731163 0.00533999 0.00702225
0.00842345 5900 2126.9 0.00447909 0.0278061 -0.00411564
0.0063369 5910 2127.9 0.0225813 0.0408605 0.0678253
0.00774073 5920 2128.9 0.00508057 0.0364484 -0.00013387
0.0021332 5930 2129.9 0.00399819 0.0599593 0.00242893
0.00422157 5940 2130.9 0.00735645 -0.0260175 0.000610514
0.00228266 5950 2131.9 0.00686915 0.0447904 0.000125622
0.00860668 5960 2132.9 0.00555879 -0.00486902 0.0098239
0.00144292 5970 2133.9 0.00471792 -0.00139267 0.00913431
0.00163187 5980 2134.9 0.00517448 0.0166842 0.00686598
0.00229439 5990 2135.9 0.0100007 -0.0255807 0.012938
0.016569 6000 2136.9 0.00771335 -0.0170376 -0.0142474
0.00121407 6010 2137.9 0.00437963 -0.0141783 0.000680397
0.00261007 6020 2138.9 0.00390843 0.0345768 0.00317161
0.00822785 6030 2139.9 0.0101316 -0.0203805 -0.00628926
0.0060311 6040 2140.9 0.00659933 -0.0194061 -0.00571513
0.00503897 6050 2141.9 0.00521521 0.00415651 0.0111998
0.0141953 6060 2142.9 0.00109163 -0.0189755 -0.0136969
0.00819596 6070 2143.9 0.00852456 0.0538524 0.0114198
0.00321446 6080 2144.9 0.010487 -0.00805757 0.00724433
0.000599052 6090 2145.9 0.00318774 0.0177886 -0.00150847
0.00411616 6100 2146.9 0.00746111 -0.0190845 0.00706754
0.0136637 6110 2147.9 0.00271438 -0.0425822 -0.00607091
0.00201165 6120 2148.9 -0.00103234 -0.00477106 0.0134581
0.00626795 6130 2149.9 0.00133637 -0.0128836 0.00272156
0.00591012 6140 2150.9 0.00256486 0.0253012 -0.00338708
0.00125563 6150 2151.9 0.00377936 0.0187326 0.00896768
0.0148562 6160 2152.9 0.0094202 0.0178824 -0.00343043
0.00489961 6170 2153.9 0.00957421 0.00804265 0.0122784
0.0107842 6180 2154.9 0.00533652 0.0115443 0.013239
0.00622177 6190 2155.9 0.00312723 0.00641226 -0.00790835
0.0127303 6200 2156.9 0.00214546 -0.00192167 -0.0182843
0.0058763 6210 2157.9 0.00687886 0.033662 -0.00273314
0.00389827 6220 2158.9 0.00637523 0.000302515 0.0101025
0.00410301 6230 2159.9 0.00573021 0.0152409 0.00352749
0.00139944 6240 2160.9 0.0052978 0.0111807 -0.0026539
0.00414813 6250 2161.9 0.00289134 -0.0104894 0.00800997
0.00537172 6260 2162.9 0.00427844 -0.00944496 -0.0108789
0.00449083 6270 2163.9 0.00248463 0.0340999 -0.00279228
0.0153849 6280 2164.9 0.00503719 -0.0229613 -0.0104223
0.0156976 6290 2165.9 0.00290948 0.0310163 -0.0141565
0.000770286 6300 2166.9 0.0039758 0.0318611 -0.0019608
0.000245803 6310 2167.9 0.0328501 -0.00682331 -0.0149917
0.0117575 6320 2168.9 -0.00393505 -0.00325562 0.0307843
0.00130853 6330 2169.9 0.00928513 0.0129478 0.0183861
0.00532349 6340 2170.9 0.00806181 -0.0161831 0.00774454
0.00288848 6350 2171.9 0.0102574 -0.0113601 -0.0035407
0.00103136 6360 2172.9 0.00708184 -5.87742e-05 0.00376618
0.00302979 6370 2173.9 0.00550612 0.0211907 -0.00156837
0.00332338 6380 2174.9 0.00518641 -0.01309 0.0197865
0.00198481 6390 2175.9 0.0168161 -0.0350237 -0.000678152
0.00485899 6400 2176.9 0.00138149 0.0220824 0.01498
0.00223438 6410 2177.9 0.00647677 -0.00212208 0.0205032
0.000611913 6420 2178.9 0.00206365 0.0151843 -0.0152459
0.00886307 6430 2179.9 0.00878343 0.00852579 0.011882
0.00982079 6440 2180.9 0.00735723 -0.00673958 0.00350602
0.00252836 6450 2181.9 0.00719372 -0.00334613 0.00464767
0.00127188 6460 2182.9 0.00352884 0.0185304 0.00221859
0.000750042 6470 2183.9 0.00582819 0.0126607 0.00739748
0.000943692 6480 2184.9 0.00827527 0.0301098 0.00929841
0.00795374 6490 2185.9 0.00709717 0.0375972 -0.00289644
0.0089095 6500 2186.9 0.00410244 0.0582633 0.00521038
0.00104432 6510 2187.9 0.00218975 0.0293783 -0.0017526
0.009238 6520 2188.9 0.0074646 0.0205182 0.00165077
0.00661682 6530 2189.9 0.00325429 0.0320526 -0.0123702
0.000585303 6540 2190.9 0.000480983 0.00184283 0.0174054
0.0103002 6550 2191.9 0.00977139 -0.0367544 -0.0145074
0.0076165 6560 2192.9 -0.00207813 -0.0377301 0.0138229
0.00282003 6570 2193.9 0.00556484 0.0117441 0.00952221
0.00379043 6580 2194.9 0.00326334 -0.00708636 0.0121195
0.00166142 6590 2195.9 0.0073547 0.00146967 0.00244692
0.000986599 6600 2196.9 0.00833621 -0.00873775 0.00435393
0.00220892 6610 2197.9 0.00503268 0.0016575 0.0121071
0.00176009 6620 2198.9 0.00546306 0.00152715 0.0070792
0.0094185 6630 2199.9 0.000242081 0.044575 -0.00926999
0.00157037 6640 2200.9 0.00911186 0.03711 -0.0187367
0.0033864 6650 2201.9 0.00189276 0.0312643 -0.00446223
0.00177561 6660 2202.9 0.00333592 0.0187874 0.00359148
0.00942382 6670 2203.9 0.00341434 0.0196863 -0.0168583
0.0103392 6680 2204.9 0.0088135 0.028715 0.00665597
0.00591944 6690 2205.9 0.00611959 -0.00462759 0.000981985
0.00364548 6700 2206.9 0.00120517 0.0301648 -0.0128985
0.0106334 6710 2207.9 -0.00110062 -0.0134262 0.00943081
0.00675318 6720 2208.9 0.00111515 0.00909672 0.00153418
0.00590048 6730 2209.9 0.00493038 -0.00999899 -0.0017891
0.000925955 6740 2210.9 -0.012483 -0.0177955 0.0234881
0.000404039 6750 2211.9 -0.0248033 -0.0178642 0.00605509
0.00916672 6760 2212.9 0.000308261 0.0169792 0.00469958
0.00127507 6770 2213.9 0.00693124 -0.0047296 0.00530848
0.0011666 6780 2214.9 0.00775254 0.0243764 0.00845325
0.00160222 6790 2215.9 0.00783256 0.00156652 0.00566385
0.000765309 6800 2216.9 0.00447967 0.0134668 -0.00308956
0.0034395 6810 2217.9 0.00209468 0.0088679 0.0229004
0.00294543 6820 2218.9 0.00200516 0.00133814 -0.0166992
0.00700432 6830 2219.9 0.0149675 0.0320522 0.00346508
0.00215072 6840 2220.9 0.00840629 0.011747 0.00995396
0.00206538 6850 2221.9 0.00232571 0.016996 0.00556514
0.00195577 6860 2222.9 0.00613105 -0.0163677 0.00822973
0.0140538 6870 2223.9 0.00191038 0.06577 -0.00194275
0.000855472 6880 2224.9 0.00512876 0.017103 0.00573023
0.00404955 6890 2225.9 0.00217137 0.00928848 0.000490224
0.00928493 6900 2226.9 0.00100731 -0.0186205 -0.0137197
0.00172053 6910 2227.9 0.00639164 0.00361915 0.00363331
0.000986635 6920 2228.9 0.00468293 0.0111643 -0.00563739
0.00977405 6930 2229.9 0.00679919 -8.07826e-05 0.019554
0.00571653 6940 2230.9 0.0114181 -0.0282319 0.000611492
0.0011258 6950 2231.9 -0.00462783 -0.0167842 0.0373719
0.00153227 6960 2232.9 0.00581453 0.0129561 0.00541371
0.00429293 6970 2233.9 0.00423691 0.0571805 0.0123567
0.00382405 6980 2234.9 0.00624288 -0.0144211 0.00050847
0.00499267 6990 2235.9 0.00318189 0.0246218 0.0154085
0.00312832 7000 2236.9 0.00696293 0.0165046 0.0020139
0.0117378 7010 2237.9 0.00546673 2.7271e-05 -0.000913896
0.00394619 7020 2238.9 0.00500759 0.0614297 0.0123741
0.0103177 7030 2239.9 0.00435546 0.0228577 -0.00520572
0.00170274 7040 2240.9 0.00883141 0.0365765 0.0141274
0.00465856 7050 2241.9 0.00666837 -0.0124351 0.0290172
0.0020191 7060 2242.9 0.00579321 0.0277103 0.000240016
0.00386806 7070 2243.9 0.00562412 -0.00244692 -0.000102544
0.00702068 7080 2244.9 0.00686968 0.0232996 0.0129832
0.00300387 7090 2245.9 0.0070264 0.0021971 0.0125523
0.000843191 7100 2246.9 0.00405384 0.0234178 0.0080281
0.00537985 7110 2247.9 0.00430612 0.0666037 0.000259743
0.00506436 7120 2248.9 0.00541749 0.010104 0.0141017
0.00242429 7130 2249.9 0.00456803 0.021994 0.00636233
0.0023792 7140 2250.9 0.00620441 0.0232835 0.017739
0.00530257 7150 2251.9 0.00641079 0.0373894 0.00434786
0.00561168 7160 2252.9 0.0135118 0.0467522 0.0349635
0.00392301 7170 2253.9 0.00633937 -0.0068353 0.00323219
0.0124426 7180 2254.9 0.00263116 0.0182929 -0.00229166
0.00903829 7190 2255.9 0.00634228 -0.0310079 -0.00565798
0.00392235 7200 2256.9 0.00541112 0.0177725 0.00912468
0.00525774 7210 2257.9 0.00757781 -6.75266e-05 0.00449597
0.00447143 7220 2258.9 0.00382677 0.0214847 0.00473881
0.00700104 7230 2259.9 0.00241353 0.0261844 -0.0140991
0.000813112 7240 2260.9 0.00348681 0.0237386 -0.025143
0.000689527 7250 2261.9 0.00902389 0.00389493 0.0267482
0.00702404 7260 2262.9 0.00361191 0.0134135 0.00478412
0.00519599 7270 2263.9 0.00208695 0.0344179 -0.00950151
0.00347418 7280 2264.9 0.00306163 -0.00105574 0.0113943
0.000792111 7290 2265.9 -0.00401993 0.0108766 -0.00612162
0.0124568 7300 2266.9 0.00922692 -0.021915 -0.0091586
0.00439559 7310 2267.9 0.00581165 -0.00824389 -0.00331393
0.0120381 7320 2268.9 0.00748727 0.00509611 -0.00515054
0.00192574 7330 2269.9 0.00860177 -0.0139692 0.0148182
0.0019846 7340 2270.9 0.00288295 0.0024217 0.0116543
0.00359801 7350 2271.9 0.00523084 0.0265817 -0.000791372
0.012483 7360 2272.9 0.00549993 -0.00159308 -0.0132701
0.0115477 7370 2273.9 0.00489862 -0.023475 -0.00812772
0.004585 7380 2274.9 0.00674923 0.0345761 0.00881114
0.00196261 7390 2275.9 0.00894444 -0.00864643 0.00738
0.0114377 7400 2276.9 0.00674117 -0.00730978 -0.00594455
0.00869156 7410 2277.9 0.00532953 0.0198666 -0.00643232
0.0139095 7420 2278.9 0.00682515 0.00156438 0.00985601
0.00488075 7430 2279.9 0.00741794 0.017086 -0.00259934
0.00836473 7440 2280.9 0.00707133 0.014936 0.00803893
0.00828096 7450 2281.9 0.0228096 0.0378742 0.0437151
0.000602892 7460 2282.9 0.00542556 -0.00127408 0.000655023
0.00704523 7470 2283.9 0.00639312 0.0214369 0.0069467
0.00625097 7480 2284.9 0.00447566 0.0264907 -0.0190461
0.0045586 7490 2285.9 0.00600244 0.00974802 0.0093766
0.00025476 7500 2286.9 0.0034581 0.033894 0.0021703
0.00206805 7510 2287.9 0.00829544 0.00826357 0.00406677
0.00444752 7520 2288.9 0.00513482 -0.00902851 -0.00107527
0.00370167 7530 2289.9 0.00590026 0.0122497 -0.00259019
0.00195182 7540 2290.9 0.00357201 0.0201709 0.00406362
0.00470902 7550 2291.9 0.0038648 0.0108336 -0.00482597
0.00412811 7560 2292.9 0.00589569 0.0494672 0.0137095
0.000512867 7570 2293.9 0.00684361 -0.00166195 0.00969089
0.00256296 7580 2294.9 0.00614321 0.0453156 -0.00654661
0.00517938 7590 2295.9 0.00684169 0.064868 0.00673174
0.00566757 7600 2296.9 0.00288802 0.0411207 -0.00214495
0.000478251 7610 2297.9 0.00585137 0.0248737 -0.00431572
0.00440269 7620 2298.9 0.00782593 -0.0237279 -0.000883613
0.00857826 7630 2299.9 0.00165041 -0.0174917 0.00201224
0.00650128 7640 2300.9 0.0037114 0.0122033 -0.0102112
0.00109356 7650 2301.9 0.00564247 0.0111997 -0.000259333
0.00308509 7660 2302.9 0.00392753 0.0221652 0.00270533
0.00265812 7670 2303.9 0.00302378 0.00501567 -0.00013036
0.00647849 7680 2304.9 0.0111357 0.0313147 -0.00663703
0.00562167 7690 2305.9 0.00502442 0.0276838 -0.0040987
0.00128333 7700 2306.9 0.00472383 0.0144877 -0.0012525
0.000652912 7710 2307.9 0.01135 0.0823059 -0.00242804
0.00204578 7720 2308.9 0.00211882 0.0207155 -0.0152574
0.0124505 7730 2309.9 0.0117945 -0.0253348 -0.0149753
0.00740361 7740 2310.9 0.00603523 0.010727 0.00551684
0.00728033 7750 2311.9 0.010173 -0.0509879 0.00796066
0.0173958 7760 2312.9 0.009436 0.0133746 0.0136819
0.00301153 7770 2313.9 0.00380594 0.0265712 -0.0108898
0.000838004 7780 2314.9 0.00311002 0.00815455 0.00450269
0.00147665 7790 2315.9 0.00304883 0.000394797 -0.000105754
0.00667201 7800 2316.9 0.00497363 -0.0140508 0.0162363
0.000251869 7810 2317.9 0.0046245 0.0172346 0.00433046
0.00525739 7820 2318.9 0.00468059 0.0312364 -0.00394807
0.00233575 7830 2319.9 0.00935677 -0.0101542 0.0158663
0.00425266 7840 2320.9 0.00622408 -0.0310506 -0.000795746
0.0117993 7850 2321.9 0.00586238 0.0145641 0.00150604
0.00200809 7860 2322.9 0.00598582 -0.00656704 0.0162754
0.00352483 7870 2323.9 -0.000354673 0.0359342 -0.0121716
0.00481699 7880 2324.9 0.0101999 -0.0446824 -0.0039134
0.0115816 7890 2325.9 0.00601852 0.0149124 -0.00638783
0.00256699 7900 2326.9 0.00313084 0.0215707 -0.00423911
0.015488 7910 2327.9 0.00232758 0.0147894 -0.00310995
0.00725704 7920 2328.9 0.0049985 0.0174953 0.00142781
0.00264742 7930 2329.9 0.00687785 -0.00406671 0.00412333
0.0103322 7940 2330.9 0.00597312 -0.0213923 -0.00904034
0.00799059 7950 2331.9 0.00718844 0.0126809 0.00685369
0.000461232 7960 2332.9 0.00388933 -0.00546735 -0.0368439
0.0129703 7970 2333.9 0.00131644 0.0236525 -0.00308052
0.00418171 7980 2334.9 0.00698205 0.0273815 0.000516057
0.0077164 7990 2335.9 0.00989944 -0.015621 0.0111953
0.007008 8000 2336.9 0.00682882 -0.00748606 0.00309241
0.00515736 8010 2337.9 0.00781 0.034327 -0.00618289
0.00462774 8020 2338.9 0.00632175 0.0153947 0.00525296
0.00552678 8030 2339.9 0.00687289 0.047009 0.0176196
0.00532532 8040 2340.9 0.00441448 0.011129 7.99672e-05
0.00224646 8050 2341.9 0.00780075 -0.0163156 0.0226022
0.000819167 8060 2342.9 0.00664512 -0.00703799 -0.00157258
0.00371276 8070 2343.9 0.00310835 0.00779556 0.00513068
0.00885513 8080 2344.9 0.00362702 -0.0178399 -0.010323
0.00126892 8090 2345.9 0.00707616 -0.0180015 0.00601698
0.0052695 8100 2346.9 0.00999794 0.0362869 0.0105444
0.00114578 8110 2347.9 0.00411555 0.0303507 -0.00266057
0.000909121 8120 2348.9 0.00409521 0.0259966 -0.00274852
0.0101088 8130 2349.9 0.00884499 0.0293208 0.0109654
0.00564757 8140 2350.9 0.00418056 0.0143121 -0.000328601
0.000974052 8150 2351.9 0.00899304 0.0217044 0.0163652
0.000375008 8160 2352.9 0.107731 -0.0181026 -0.0163574
0.00890319 8170 2353.9 0.00452423 -0.0236491 -0.00865694
0.0118403 8180 2354.9 0.00365789 -0.0116944 0.0046334
0.0046957 8190 2355.9 0.00575135 -0.0226672 0.0101839
0.00280152 8200 2356.9 0.00307857 0.0231023 0.00545663
0.00115744 8210 2357.9 -0.00238955 -0.0178951 0.0230096
0.00263735 8220 2358.9 0.00755266 -0.0149393 0.0110603
0.00795945 8230 2359.9 0.0110265 0.00757553 0.0106024
0.00163055 8240 2360.9 -0.00251679 0.0151095 -0.00232526
0.0110439 8250 2361.9 0.00561996 -0.0272125 -0.0102911
0.00429385 8260 2362.9 0.00687432 -0.0173169 0.0151514
0.00169667 8270 2363.9 0.00206013 0.0237048 -0.00432494
0.000732457 8280 2364.9 0.00682218 0.0102119 0.0236235
0.000550419 8290 2365.9 0.00773674 0.0062376 0.00123036
0.00159648 8300 2366.9 0.00258118 0.0114233 -0.00538247
0.00402935 8310 2367.9 0.00531332 0.0105407 0.00488158
0.0010095 8320 2368.9 0.00758739 -0.00214075 0.00789795
0.0126645 8330 2369.9 0.00562776 -0.0207396 -0.00770328
0.00761458 8340 2370.9 0.00287821 0.0315719 -0.00465394
0.00566951 8350 2371.9 0.0260997 -0.0160922 0.073528
0.00203652 8360 2372.9 0.00673876 0.00281956 -0.01158
0.00158399 8370 2373.9 0.00787236 0.0273886 -5.25021e-05
0.00266759 8380 2374.9 0.00163825 0.00351432 -0.00883793
0.00401031 8390 2375.9 0.00806027 0.0134843 0.00285738
0.00462443 8400 2376.9 0.00381432 0.000962053 -0.00446711
0.00711233 8410 2377.9 0.00469691 -0.021481 -0.0102527
0.00773406 8420 2378.9 0.00331652 0.0111752 -0.00202832
0.00773197 8430 2379.9 -0.00110404 0.0141305 -0.0124515
0.0114154 8440 2380.9 0.00686808 0.00995763 0.00986661
0.00847378 8450 2381.9 -0.00136552 -0.00607883 0.0251929
0.00314213 8460 2382.9 0.003187 0.0233046 0.00669437
0.00333052 8470 2383.9 0.00438924 -0.000382684 -0.00361921
0.00583947 8480 2384.9 0.00517425 0.0336041 -0.00595204
0.00781091 8490 2385.9 0.00422777 0.0171122 0.0028408
0.00864685 8500 2386.9 0.00316868 0.0574863 0.00977805
0.00568908 8510 2387.9 0.0071163 0.0239897 -0.000643211
0.00264429 8520 2388.9 0.0070527 0.00514212 0.00787835
0.0124827 8530 2389.9 0.0122053 0.0158792 0.00572273
0.00226095 8540 2390.9 0.00667153 0.00637492 -0.00289147
0.00790339 8550 2391.9 0.00783663 0.00345385 0.00245103
0.0117118 8560 2392.9 0.00824312 0.00770214 0.00750193
0.00885407 8570 2393.9 0.00408962 0.0521296 0.00557273
0.00752572 8580 2394.9 0.0070442 -0.0265205 0.012671
0.00422849 8590 2395.9 0.00590401 0.00662405 0.00430973
0.00212273 8600 2396.9 0.00245001 -0.00772077 0.000103773
0.00291137 8610 2397.9 0.00389196 0.00833068 -0.00327826
0.00149881 8620 2398.9 0.00665667 0.000406457 0.0102043
0.000753766 8630 2399.9 0.00586294 0.0159691 0.00830251
0.00116406 8640 2400.9 -0.000204315 -0.0234152 0.0264372
0.00541596 8650 2401.9 0.00488646 0.0183185 0.00169458
0.002218 8660 2402.9 0.00873598 -0.0125518 0.0106739
0.00144978 8670 2403.9 0.00555355 0.021635 0.00306323
0.00626197 8680 2404.9 0.0110042 0.0432029 0.0389182
0.0201676 8690 2405.9 0.00265815 0.0172612 0.000450199
0.00207262 8700 2406.9 0.00437852 0.00316218 -0.00167143
0.00307677 8710 2407.9 0.00396942 0.0252979 -0.0211416
0.00627873 8720 2408.9 0.00567011 -0.027382 0.00412838
0.00523977 8730 2409.9 0.00200458 0.0655971 0.00692131
0.00966556 8740 2410.9 0.00244073 0.0160757 -0.00922487
0.00342143 8750 2411.9 0.0053401 0.0108791 0.00479646
0.00341171 8760 2412.9 0.00522962 0.00032998 -0.00495643
0.00945744 8770 2413.9 0.00240748 0.0146671 -0.00897098
0.000885699 8780 2414.9 0.00455179 0.0186144 -0.00349714
0.000841563 8790 2415.9 0.00684066 -0.0166119 0.00630227
0.00746364 8800 2416.9 0.00396206 -0.00580258 0.0134878
0.00588061 8810 2417.9 0.00519675 0.0159425 0.00541079
0.00544905 8820 2418.9 0.00466009 0.00825575 0.00588161
0.00589003 8830 2419.9 0.00404404 -0.0190049 -0.054822
0.00228882 8840 2420.9 0.010569 -0.00367844 0.00366117
0.00159616 8850 2421.9 0.00383811 0.0081217 -0.00258827
0.00888439 8860 2422.9 0.0011842 0.027522 -0.00821764
0.00187981 8870 2423.9 0.00326796 0.015293 -0.000548657
0.00786531 8880 2424.9 0.00429952 0.0235033 -0.0315903
0.00429992 8890 2425.9 0.00773791 0.0223491 -0.00531858
0.00109782 8900 2426.9 0.00641516 -0.0236245 -0.0049719
0.00203447 8910 2427.9 0.00639227 0.0367229 0.0103569
0.0111731 8920 2428.9 0.0108723 -0.0344554 -0.0033425
0.00122553 8930 2429.9 0.0120965 -0.000804687 0.00364455
0.00620062 8940 2430.9 0.00107108 0.0183741 -0.0177319
0.00598403 8950 2431.9 0.00836627 -0.00572522 0.00557826
0.00612974 8960 2432.9 0.0124321 0.0335719 0.00196507
0.000795962 8970 2433.9 0.0105382 0.000974944 0.0110008
0.00144328 8980 2434.9 0.00915856 -0.00554964 0.0054167
0.00424018 8990 2435.9 0.00494548 0.00201614 0.00852243
0.00100783 9000 2436.9 0.00568096 0.00580727 -0.00270537
0.00250924 9010 2437.9 0.0068944 0.00582778 0.00542993
0.00443754 9020 2438.9 0.000260348 0.0248788 -0.0366564
0.0101135 9030 2439.9 0.00540739 -0.0106981 0.000496027
0.00518337 9040 2440.9 0.0115681 -0.00780821 0.0159832
0.00482914 9050 2441.9 0.00615067 0.0307956 0.009948
0.00216347 9060 2442.9 0.0148966 0.00844048 0.021123
0.00311773 9070 2443.9 0.00591681 -0.00862517 0.00516272
0.00177627 9080 2444.9 0.00214536 -0.00866939 -0.000445267
0.00587953 9090 2445.9 0.00760898 0.0164684 0.00717796
0.000843071 9100 2446.9 0.00461289 0.000468441 0.000902908
0.00201037 9110 2447.9 0.0041255 0.0118468 0.0109798
0.00338916 9120 2448.9 0.00245689 0.0299905 -0.00189984
0.00176198 9130 2449.9 0.00463992 0.050948 0.00228398
0.00212401 9140 2450.9 0.00472545 0.0345327 -0.0155249
0.00258889 9150 2451.9 0.00462151 -0.00382108 -0.00313039
0.00342633 9160 2452.9 0.00737403 0.00531951 0.00169891
0.00459849 9170 2453.9 0.00509885 0.0179794 -0.00854581
0.00398894 9180 2454.9 0.00451957 0.0386495 -0.00451045
0.000640206 9190 2455.9 0.0074022 -0.00469074 0.0137056
0.00463872 9200 2456.9 0.00727638 0.0207744 0.0074729
0.00134579 9210 2457.9 0.00653076 0.00274317 0.0169148
0.00171026 9220 2458.9 0.00573577 0.00645122 0.000887137
0.00348675 9230 2459.9 0.0112619 0.0493317 0.0403602
0.0110328 9240 2460.9 0.00491139 -0.0125959 -0.00412231
0.00518982 9250 2461.9 0.00371179 0.0187185 -0.00445929
0.00552255 9260 2462.9 0.00511272 0.0274239 0.012063
0.000910606 9270 2463.9 0.00516411 0.0167627 -0.000413513
0.012003 9280 2464.9 0.00611751 -0.0136511 -0.00726686
0.0019899 9290 2465.9 0.00768244 0.00631172 0.00596908
0.0016836 9300 2466.9 0.0128455 0.00112759 0.0127737
0.00351885 9310 2467.9 0.00561397 0.0205054 0.00304534
0.0102941 9320 2468.9 0.00877554 0.0695655 0.00708107
0.00307335 9330 2469.9 0.00271714 0.0201954 0.00844983
0.00541236 9340 2470.9 0.00566355 -0.035584 -0.00246426
0.00806869 9350 2471.9 0.00542374 0.0132108 0.0088869
0.00223061 9360 2472.9 0.0207807 -0.00940193 0.00799017
0.00673579 9370 2473.9 0.00732766 0.0216148 0.00186616
0.00126508 9380 2474.9 0.00637564 0.00967541 0.0080131
0.00310916 9390 2475.9 0.00648935 0.0042259 0.00146485
0.00590626 9400 2476.9 0.00726823 -0.0245821 0.00869416
0.00438244 9410 2477.9 0.00245451 -0.0126261 0.011624
0.00661147 9420 2478.9 0.00796321 0.00333542 0.00746536
0.00201627 9430 2479.9 0.00540998 -0.0051858 0.0114994
0.000969262 9440 2480.9 0.00632312 -0.0191831 0.011078
0.00221332 9450 2481.9 0.0065337 0.0282651 0.0228327
0.000777297 9460 2482.9 0.00792985 0.00762705 0.0116643
0.000569579 9470 2483.9 0.00558058 -0.00710532 0.00869417
0.013465 9480 2484.9 0.00792692 0.0168534 0.00733848
0.00448784 9490 2485.9 0.010937 0.0472193 0.0238337
0.00237904 9500 2486.9 0.00501455 0.0606945 0.00738138
0.020215 9510 2487.9 0.00663392 -0.00920399 -0.0139217
0.00126941 9520 2488.9 0.00612171 -0.00960346 0.0117979
0.00340025 9530 2489.9 0.00352034 0.019677 0.00240326
0.00251879 9540 2490.9 0.00677424 0.0219018 0.00660817
0.00720225 9550 2491.9 0.00468709 0.0104757 0.00339453
0.00632849 9560 2492.9 0.0171635 -0.00015731 0.0344268
0.0047181 9570 2493.9 0.00629338 0.0333005 0.0104676
0.0052296 9580 2494.9 0.00664867 -0.0208702 -0.00457369
0.00683617 9590 2495.9 0.00865816 0.0108182 -0.00090019
0.00084229 9600 2496.9 0.0019244 0.0128058 -0.00860427
0.00902848 9610 2497.9 0.00780643 0.0167295 0.00268597
0.0068212 9620 2498.9 0.00872748 -0.019068 -0.0145979
0.00670143 9630 2499.9 0.0042678 0.0179296 -0.0116331
0.000869343 9640 2500.9 0.00429503 0.00811928 0.0104403
0.012608 9650 2501.9 0.00442078 0.0212905 -0.00785241
0.00253818 9660 2502.9 0.00707657 -0.0080034 0.0215154
0.00560578 9670 2503.9 0.00017516 0.00805804 -0.000226075
0.000856736 9680 2504.9 0.00807326 0.000285148 0.0135276
0.0136843 9690 2505.9 0.00635567 -0.000360282 -0.000941073
0.00159336 9700 2506.9 0.0058828 0.0299163 0.017239
0.00236911 9710 2507.9 0.0104852 -0.0137248 0.014542
0.00181194 9720 2508.9 0.00875926 0.0100729 0.0107145
0.00877325 9730 2509.9 0.0100344 -0.0348346 0.0134305
