0.15843 10 561.2 0.109681 -0.0865652 -0.101511
0.13096 20 562.199 0.103807 -0.0554528 -0.243834
0.0555205 30 563.2 0.154491 -0.0343659 -0.082891
0.129212 40 564.199 0.118407 -0.0529009 -0.110432
0.13913 50 565.2 0.161439 -0.0680499 0.000660608
0.0533106 60 566.2 0.149632 -0.0626979 -0.10296
0.0948764 70 567.199 0.175156 0.0322093 0.0288497
0.0989858 80 568.2 0.094117 -0.0888184 -0.164306
0.139392 90 569.2 0.156158 0.144003 -0.0164761
0.052224 100 570.199 0.163312 -0.0214555 -0.0350101
0.134985 110 571.2 0.14487 0.0370958 0.0665925
0.140799 120 572.2 0.125113 -0.0436368 -0.0911866
0.0909609 130 573.2 0.0526418 0.00765489 0.576081
0.0542335 140 574.2 0.10881 -0.1565 -0.148117
0.1678 150 575.199 0.125448 -0.0451774 -0.189702
0.0736234 160 576.2 0.179097 -0.00119323 -0.0193307
0.0153762 170 577.199 0.19299 0.048082 0.0416396
0.154373 180 578.199 0.0369423 -0.0647533 -0.380935
0.0162278 190 579.199 0.197624 0.0275006 0.0364261
