0.00108191 10 1537.9 0.00398982 0.011218 0.00933702
0.000484784 20 1538.9 0.00115977 0.0157663 -0.00139218
0.005942 30 1539.9 0.0063121 0.0116766 0.0102623
0.00463832 40 1540.9 0.00349863 0.0450379 0.00835955
0.00584204 50 1541.9 0.0029781 -0.00948921 -0.0041455
0.00127807 60 1542.9 0.00265328 -0.000201719 0.00303977
0.000813032 70 1543.9 0.00479758 0.0157102 0.00494737
0.000898329 80 1544.9 0.00299862 0.0143089 -0.0118006
0.00470673 90 1545.9 0.00603301 0.012589 0.0152452
0.00131783 100 1546.9 0.0028831 -0.00475763 0.00509792
0.0011272 110 1547.9 0.0057539 0.01096 0.00489786
0.00167141 120 1548.9 0.0150569 0.100697 0.0765462
0.00104323 130 1549.9 0.00855993 -0.00422282 0.0242199
0.00268563 140 1550.9 0.00646334 0.00859954 0.00733924
0.000686589 150 1551.9 0.00336327 0.0148025 0.0083828
0.0115456 160 1552.9 0.0088679 0.0188933 0.00939479
0.00292811 170 1553.9 0.00638925 0.0224855 0.0184197
0.00653107 180 1554.9 0.0172302 0.123659 -0.0353639
0.00142518 190 1555.9 0.00834936 -0.00546912 0.0226634
0.00207201 200 1556.9 0.00750795 -0.00503334 0.00775234
0.00211776 210 1557.9 0.00511035 0.00607099 0.00214185
0.00468988 220 1558.9 0.0142497 -0.0189251 0.0173734
0.00123377 230 1559.9 0.00721154 -0.00409377 0.0234814
0.00772403 240 1560.9 0.0246492 0.13191 -0.0329603
0.0028899 250 1561.9 0.0116156 0.0483097 0.0355329
0.00404875 260 1562.9 0.00458653 0.0167457 -0.00287753
0.000384033 270 1563.9 0.00665212 0.0184446 0.00989743
0.00339632 280 1564.9 0.00802132 0.0218455 -0.00343889
0.00570097 290 1565.9 0.0106931 0.111041 -0.00655447
0.00705572 300 1566.9 0.0045126 0.00218053 0.00159308
0.00643111 310 1567.9 0.0127909 -0.0357685 -0.00804839
0.00516513 320 1568.9 -0.00136341 0.000820556 -0.0143394
0.000749724 330 1569.9 0.0254233 0.0249276 -0.0483321
0.00223269 340 1570.9 0.0105552 -0.0039326 0.0166554
0.00500004 350 1571.9 0.00609872 0.0306626 0.00474163
0.00707902 360 1572.9 0.00615703 0.0118224 -0.00607199
0.00085534 370 1573.9 0.00936625 -0.0576392 0.022798
0.000465763 380 1574.9 0.00762585 0.013585 0.00443198
0.00516811 390 1575.9 0.0166771 0.0310269 -0.0208445
0.00451416 400 1576.9 0.00175099 0.0217408 -0.00891905
0.00208775 410 1577.9 0.00842104 -0.000546433 0.00851906
0.00877149 420 1578.9 0.00968898 0.00519383 0.0163062
0.00162085 430 1579.9 0.0120422 -0.0128733 0.0403594
0.00196955 440 1580.9 0.00904306 -0.00283909 0.0186957
0.00469709 450 1581.9 0.0032399 -0.00283662 -0.00864432
0.00154683 460 1582.9 0.00415007 0.0229464 0.0135261
0.00475836 470 1583.9 0.0094096 -0.0133474 0.00667174
0.00174311 480 1584.9 0.00214048 0.022598 0.00966212
0.000224288 490 1585.9 0.0120403 0.00716565 0.00185776
0.00364079 500 1586.9 0.00400361 -0.0199582 0.0143213
0.00457166 510 1587.9 0.00628556 0.0650949 0.00919873
0.00177659 520 1588.9 0.0192955 -0.0312016 0.0155992
0.00602895 530 1589.9 0.0115085 0.0290863 0.0252537
0.00500793 540 1590.9 0.0111087 -0.0208142 0.0153705
0.00249625 550 1591.9 0.0126974 0.0118385 -0.00470095
0.00164943 560 1592.9 0.00179645 0.0232573 0.00302786
0.0012715 570 1593.9 0.00264167 0.0112391 0.00794029
0.00525148 580 1594.9 0.00421563 0.0200336 0.00151501
0.00156151 590 1595.9 0.00504678 0.012728 0.0124364
0.00887973 600 1596.9 0.016384 -0.0296422 -0.00786582
0.000643932 610 1597.9 0.00413558 0.0101494 0.000448436
0.000657454 620 1598.9 -0.0028291 0.00974942 -0.00562351
0.00322562 630 1599.9 0.00229165 0.0233451 0.000942116
0.00112339 640 1600.9 0.00309836 0.000386958 0.0129611
0.00118283 650 1601.9 0.0134135 -0.000957244 0.026434
0.0017916 660 1602.9 0.0038454 0.0194569 -0.0166738
0.00276876 670 1603.9 0.00396987 0.030136 -0.00598559
0.00487879 680 1604.9 0.00621429 0.115957 -0.0133017
0.00562345 690 1605.9 0.00548276 -0.0157829 -0.00341031
0.00310226 700 1606.9 0.00487122 -0.000173492 0.000215474
0.002088 710 1607.9 0.0049885 0.0359315 -0.000579579
0.00098882 720 1608.9 0.00442839 0.00540583 0.00817553
0.00144631 730 1609.9 0.00309856 0.0423746 0.00508276
0.00516942 740 1610.9 0.0080989 0.00245848 0.0187196
0.00862506 750 1611.9 0.00406407 0.0224565 -0.00491341
0.00765066 760 1612.9 0.00440037 -0.0117264 -0.00734257
0.00171722 770 1613.9 0.00384407 0.0256527 0.00247587
0.00255282 780 1614.9 0.0327536 -0.0584987 -0.0114676
0.00293538 790 1615.9 0.00444096 0.0490192 0.0149799
0.00108568 800 1616.9 0.00503397 0.0317479 0.0220314
0.00384781 810 1617.9 0.0390364 -0.0517377 -0.00997935
0.00150982 820 1618.9 0.00409779 0.0144169 0.00285773
0.00134996 830 1619.9 0.00543817 0.00521009 0.0198448
0.00290319 840 1620.9 0.00890235 -0.00551504 0.0147957
0.00279175 850 1621.9 0.00337783 0.0166403 -0.00561673
0.0115029 860 1622.9 0.0053823 0.0220405 0.00361554
0.00293594 870 1623.9 0.0069233 0.0664752 0.00124962
0.00535611 880 1624.9 0.014281 -0.0187957 0.0193533
0.000858078 890 1625.9 -0.00219335 0.00012241 -0.034437
0.0016297 900 1626.9 0.00179463 0.0074469 -0.0102266
0.00487765 910 1627.9 0.0330694 0.116632 -0.0570966
0.0121559 920 1628.9 0.00364091 -0.013471 -0.00602557
0.00205659 930 1629.9 0.01012 0.000676144 0.0126247
0.0107814 940 1630.9 0.00639558 0.0205337 0.00767012
0.00268078 950 1631.9 0.00225528 0.0118703 0.00341642
0.0122094 960 1632.9 0.0147354 0.0970221 0.00689485
0.00341294 970 1633.9 0.00385548 0.011311 0.00245161
0.00445237 980 1634.9 0.00308244 0.0336208 0.00821594
0.00386066 990 1635.9 0.0324261 0.0810854 -0.0356605
0.00255949 1000 1636.9 0.002032 0.0069206 -0.000164183
0.0076084 1010 1637.9 0.00680858 0.0239268 0.0345535
0.0050008 1020 1638.9 0.00780889 0.00488835 0.0193593
0.00711126 1030 1639.9 0.00690638 0.0138147 0.0101132
0.00301211 1040 1640.9 0.000128464 -0.0306068 -0.00409539
0.00159555 1050 1641.9 0.00999512 -0.00795476 0.00234495
0.00235207 1060 1642.9 0.0224122 -0.0429758 -0.00574708
0.00384667 1070 1643.9 0.00611757 -0.00694311 0.0104012
0.00237934 1080 1644.9 0.00604512 -0.00609745 0.0112138
0.00142576 1090 1645.9 0.0239893 -0.0555767 -0.0140477
0.00628421 1100 1646.9 0.000783625 -7.13115e-05 0.00277073
0.00423158 1110 1647.9 0.0291984 -0.0534304 -0.000951773
0.00426672 1120 1648.9 0.00462354 0.021407 -0.0019369
0.00501682 1130 1649.9 0.00493245 0.0278137 -0.00531896
0.0050403 1140 1650.9 0.0053399 0.0128132 0.000966954
0.00429219 1150 1651.9 0.0215358 0.119445 -0.0344532
0.00449892 1160 1652.9 0.0290166 -0.0510546 -0.00870648
0.00581065 1170 1653.9 0.00664403 -0.0341215 -0.00575357
0.00123965 1180 1654.9 0.0111526 0.0121415 0.0310709
0.00636364 1190 1655.9 0.00504145 0.0222497 0.00419254
0.0121544 1200 1656.9 0.00957774 -0.0337434 -0.014813
0.00187159 1210 1657.9 0.00264854 0.0177117 0.000205322
0.00140436 1220 1658.9 0.01279 0.00844479 0.0353966
0.00919126 1230 1659.9 0.00507038 -0.0171215 -0.0062484
0.00234416 1240 1660.9 0.00498732 0.000482574 0.0155792
0.00423501 1250 1661.9 0.00400205 0.0231025 -0.00874782
0.00402422 1260 1662.9 -0.00110368 -0.0317183 0.00458532
0.00717808 1270 1663.9 0.0185483 -0.00197586 0.0661548
0.00919825 1280 1664.9 0.00409296 0.0107799 0.00878648
0.00349863 1290 1665.9 0.0109146 0.0471916 0.041599
0.00530063 1300 1666.9 0.00561857 0.0049898 0.00927973
0.00355624 1310 1667.9 0.00546824 -0.00535546 0.0100446
0.00121873 1320 1668.9 -0.0272445 0.0325483 -0.0832825
0.00151141 1330 1669.9 0.0134404 -0.0351017 -0.00379286
0.000719247 1340 1670.9 0.0184938 0.0167179 0.0368328
0.0062883 1350 1671.9 0.0024786 0.0190078 -0.00738942
0.00343136 1360 1672.9 0.00595014 0.00125615 0.00744837
0.00561688 1370 1673.9 0.00673088 0.117661 -0.0257053
0.0077043 1380 1674.9 0.026343 -0.039003 -0.00733134
0.00303967 1390 1675.9 0.00613458 0.0108943 0.0135084
0.00518774 1400 1676.9 0.00720199 0.0586473 0.0260047
0.000707609 1410 1677.9 0.00095061 0.0158973 0.0125392
0.00471279 1420 1678.9 0.00444266 0.0643479 0.00616482
0.00345261 1430 1679.9 0.00761631 0.0230064 -0.000640432
0.00318919 1440 1680.9 0.00483966 -0.0221233 0.0201029
0.00192385 1450 1681.9 0.00157832 0.0148073 0.000996814
0.00145627 1460 1682.9 0.0479888 0.138089 0.0409826
0.00241588 1470 1683.9 0.00690848 -0.0106477 0.0195777
0.00217699 1480 1684.9 0.00876298 0.00392792 0.0253017
0.0023181 1490 1685.9 0.00205636 0.00298125 -0.000820279
0.00711276 1500 1686.9 0.00752075 0.0278018 -0.0107317
0.00406793 1510 1687.9 0.00525708 0.0222053 0.00856408
0.00153375 1520 1688.9 0.00810839 0.00169886 0.0159149
0.00668612 1530 1689.9 0.00793989 0.0279273 0.0247432
0.00181049 1540 1690.9 0.0058425 0.0102802 0.012018
0.00415379 1550 1691.9 0.00816383 -0.00388704 0.0103679
0.00397398 1560 1692.9 0.00133215 -0.00835839 -0.00457748
0.00172765 1570 1693.9 0.00607885 0.00454039 0.0145247
0.00438671 1580 1694.9 0.00341643 0.03531 -0.0063824
0.00138229 1590 1695.9 0.00565774 0.0272196 0.0142541
0.00572461 1600 1696.9 -8.0128e-05 0.0565425 -0.00677098
0.00609356 1610 1697.9 0.00176993 -0.022269 -0.0174947
0.00840778 1620 1698.9 0.02372 -0.0344153 -0.000601477
0.00830165 1630 1699.9 0.00431306 0.00830571 0.00843425
0.00667166 1640 1700.9 0.00556378 -0.0131556 0.019629
0.00384936 1650 1701.9 0.00340724 0.0164185 0.00221046
0.00217462 1660 1702.9 0.00605291 0.021519 -0.00608006
0.00769979 1670 1703.9 0.0620171 0.0134407 -0.00518357
0.00153582 1680 1704.9 0.00474563 0.00286393 0.00944361
0.0105338 1690 1705.9 0.00279142 0.0277084 0.0269231
0.00111195 1700 1706.9 0.00643366 0.00966583 0.00867246
0.0073143 1710 1707.9 0.00302171 0.0323004 0.00149791
0.007191 1720 1708.9 0.00495081 0.0399089 0.0063199
0.00280912 1730 1709.9 0.00335402 0.0547112 0.0183787
0.0060014 1740 1710.9 0.00755309 0.0316822 0.0200498
0.00122913 1750 1711.9 0.00818997 0.0139212 0.0189237
0.00304439 1760 1712.9 0.00931265 -0.0109618 0.0299911
0.0044755 1770 1713.9 0.0125547 0.130956 -0.0401579
0.00470245 1780 1714.9 0.0059482 0.00997698 0.0116472
0.00746493 1790 1715.9 0.00882816 -0.0199084 0.00833236
0.00320796 1800 1716.9 0.00533417 0.0242785 0.00187868
0.00241639 1810 1717.9 0.0211883 0.127245 0.0232231
0.0128239 1820 1718.9 0.0108202 -0.04009 0.0619292
0.00302056 1830 1719.9 0.00712191 -0.00974796 0.00739271
0.00161759 1840 1720.9 0.00973555 -0.00688561 0.021536
0.00286494 1850 1721.9 0.00848588 -0.00739094 0.0136575
0.0012519 1860 1722.9 0.00559238 -0.00198832 0.000833296
0.00671798 1870 1723.9 0.00409027 0.0128041 -0.00233175
0.0109482 1880 1724.9 0.0105932 0.00512196 0.0573167
0.00642478 1890 1725.9 0.00388413 0.128112 -0.0194575
0.00535307 1900 1726.9 0.0123649 0.00328537 0.00149751
0.00385182 1910 1727.9 0.00704955 -0.0171158 0.0154724
0.00138464 1920 1728.9 0.00671038 0.00946464 -0.000550465
0.00699826 1930 1729.9 0.000434633 -0.0160042 0.00739008
0.00894452 1940 1730.9 0.00350722 -0.00684775 -0.0133378
0.0024672 1950 1731.9 0.00366923 0.0264201 0.0017759
0.00238658 1960 1732.9 0.00603137 0.00943304 0.0073221
0.00304047 1970 1733.9 0.00505958 0.0533172 0.00208088
0.00449361 1980 1734.9 0.00570822 0.00571596 0.0111306
0.00336601 1990 1735.9 0.0107341 -0.0274707 0.00191308
0.00544304 2000 1736.9 0.00539796 0.0152458 0.00172411
0.00669018 2010 1737.9 0.00414808 0.00810483 -0.00214468
0.00984057 2020 1738.9 0.0156777 -0.00211574 0.0378493
0.0069234 2030 1739.9 0.0035959 0.0162778 0.00599664
0.00486037 2040 1740.9 0.0014717 0.0269808 0.0107685
0.00658267 2050 1741.9 0.00284749 0.043832 -0.00512098
0.000960256 2060 1742.9 0.00597813 -0.00469451 0.0193889
0.00459657 2070 1743.9 0.0222456 0.0179382 -0.00169531
0.00360947 2080 1744.9 0.00810218 -0.0209676 0.023666
0.000682082 2090 1745.9 0.00626071 0.012141 0.0161795
0.00766235 2100 1746.9 0.00165592 0.0263982 0.00539683
0.00196532 2110 1747.9 0.00767506 -0.000894985 0.0144716
0.00242294 2120 1748.9 0.0165637 -0.0288039 -0.00812366
0.00118043 2130 1749.9 0.00683591 -0.00482013 0.0224098
0.00125384 2140 1750.9 0.0162919 0.00936776 0.0325187
0.00142318 2150 1751.9 0.012337 -0.0187889 -0.00560425
0.00864355 2160 1752.9 0.00280812 0.0148328 0.0118694
0.00274919 2170 1753.9 0.00415317 0.0368541 0.00238599
0.00645673 2180 1754.9 -0.00453379 -0.0171234 0.00806903
0.00894719 2190 1755.9 0.0091044 -0.0252425 -0.00541478
0.000948362 2200 1756.9 0.00886947 0.0249095 0.0338961
0.00182199 2210 1757.9 0.0295304 0.106852 0.0159137
0.00567001 2220 1758.9 -0.00147191 -0.0219808 0.0109011
0.00124341 2230 1759.9 0.00796359 0.0327493 0.0416981
0.00219729 2240 1760.9 0.000820181 0.014026 0.0379226
0.00837531 2250 1761.9 0.0102153 -0.0285038 -0.0069831
0.00210918 2260 1762.9 0.00923293 0.0078316 0.0264696
0.000785002 2270 1763.9 0.000815087 -0.00884713 -0.00333436
0.00119173 2280 1764.9 0.00757332 0.00510893 0.0155963
0.00188264 2290 1765.9 0.00755807 -0.0548621 0.0230723
0.00290066 2300 1766.9 0.00488397 0.0152374 -0.00550896
0.0022741 2310 1767.9 0.00517272 0.0217586 -0.00124577
0.00208538 2320 1768.9 0.00766429 0.00286092 0.00256574
0.00256299 2330 1769.9 0.00357027 0.00595874 0.0132596
0.00314572 2340 1770.9 0.00182403 0.00666811 3.67417e-05
0.000956701 2350 1771.9 0.00518449 0.0101047 0.0157796
0.00514318 2360 1772.9 -0.00100384 0.120047 -0.0232942
0.00661001 2370 1773.9 0.00712047 -0.00610445 -0.00322769
0.00431682 2380 1774.9 0.00404381 0.000513653 0.00907181
0.00124877 2390 1775.9 0.00836069 0.00693551 0.0140309
0.00097619 2400 1776.9 0.00613053 0.00884575 0.0188603
0.00195353 2410 1777.9 0.00727325 -0.121551 -0.0254581
0.00287881 2420 1778.9 0.00222585 0.023528 -0.000504182
0.0131232 2430 1779.9 0.00398615 0.0295148 0.000967929
0.00143003 2440 1780.9 0.00635965 0.0185066 0.00128419
0.00231227 2450 1781.9 0.0152408 -0.0558043 -0.00949974
0.00223286 2460 1782.9 0.016682 0.125354 -0.0405506
0.0068668 2470 1783.9 0.00339349 -0.0295829 -0.014535
0.0108874 2480 1784.9 0.0056895 0.0233169 0.0115511
0.00351326 2490 1785.9 0.00858909 0.0768967 0.0128705
0.000754684 2500 1786.9 0.0049533 0.0114769 0.00488496
0.0118207 2510 1787.9 0.00677306 0.0259153 0.0049479
0.00208287 2520 1788.9 0.00633208 -0.0207974 0.0191332
0.00286129 2530 1789.9 0.000548293 0.0312903 0.000547551
0.00547108 2540 1790.9 0.00446433 0.0169147 0.0003154
0.00620434 2550 1791.9 -3.6322e-05 0.0732028 -0.00484538
0.0089822 2560 1792.9 0.0518843 -0.0216576 -0.0154899
0.00740604 2570 1793.9 0.0050673 0.0595988 0.0138253
0.00446846 2580 1794.9 0.00112651 0.0241116 -0.00370751
0.00284415 2590 1795.9 0.00497261 0.017618 0.00748122
0.00138251 2600 1796.9 0.0102685 -0.00502309 0.0375234
0.00199278 2610 1797.9 0.00810319 -0.00824592 0.0204204
0.00478912 2620 1798.9 0.00465696 0.0160581 0.00823444
0.0119009 2630 1799.9 0.00856805 0.0269585 0.00520807
0.00921969 2640 1800.9 0.0187532 0.0036352 0.00695956
0.00353537 2650 1801.9 0.00392694 0.11872 -0.00853728
0.000922024 2660 1802.9 0.00722431 -0.00569136 0.0120912
0.00320285 2670 1803.9 0.00998985 -0.0201358 0.0195993
0.00150364 2680 1804.9 0.00318565 0.0336248 0.00330168
0.00177665 2690 1805.9 0.0102609 0.0192748 0.00284004
0.000717508 2700 1806.9 0.00481168 0.00995748 0.00117819
0.00540941 2710 1807.9 0.00378793 -0.0299367 -0.0133797
0.00492116 2720 1808.9 0.0190602 -0.0296314 -0.00573958
0.00148385 2730 1809.9 0.0064942 0.00887285 -0.00542206
0.00363657 2740 1810.9 0.00443613 -0.0212781 0.0137998
0.00258137 2750 1811.9 0.00761954 -0.00270238 0.0147819
0.00694601 2760 1812.9 -0.000564295 0.0551125 -0.00655671
0.00136198 2770 1813.9 0.00158741 -0.0232035 0.0265216
0.00556559 2780 1814.9 0.00498792 0.0240473 0.00526708
0.00208595 2790 1815.9 0.0082983 -0.0232083 -0.0118345
0.00688763 2800 1816.9 0.00775148 0.000149641 0.00299786
0.003367 2810 1817.9 0.00605163 0.0450333 0.0222074
0.00811074 2820 1818.9 0.00339054 -0.00940218 -0.000993034
0.00137858 2830 1819.9 0.010508 -0.00217417 0.0231966
0.00234183 2840 1820.9 0.00529241 0.00472981 0.0145408
0.00652179 2850 1821.9 0.00982383 -0.0108043 0.0175546
0.00105346 2860 1822.9 0.00562696 0.0099733 0.0101839
0.00496843 2870 1823.9 0.00528051 0.0234844 -0.00197584
0.00588726 2880 1824.9 0.0158862 0.0222172 -0.0122202
0.0114712 2890 1825.9 0.0064266 -0.031253 -0.0138151
0.00551271 2900 1826.9 0.0313197 0.0758875 -0.0191866
0.00425421 2910 1827.9 0.00981253 -0.0121505 0.0223126
0.0045331 2920 1828.9 0.00682976 0.0203691 9.26883e-05
0.00277952 2930 1829.9 -0.00656322 0.0795168 -0.0337734
0.00585646 2940 1830.9 0.00448178 -0.027858 0.0215963
0.00358093 2950 1831.9 0.0059103 0.130169 -0.0237872
0.00275297 2960 1832.9 0.00625181 0.00225059 0.00945799
0.00118852 2970 1833.9 0.00998472 -0.00892126 0.016244
0.00687348 2980 1834.9 0.0101335 0.114552 -0.0560411
0.00170854 2990 1835.9 0.00335164 0.0327083 0.0109028
0.00958394 3000 1836.9 0.00439461 -0.00840949 -0.0093948
0.0164769 3010 1837.9 0.0049848 0.0183049 0.00539014
0.000634175 3020 1838.9 0.00300188 0.011087 0.00522684
0.00243197 3030 1839.9 0.00483672 -0.00926296 0.019172
0.0100517 3040 1840.9 0.00671814 -0.00943511 -0.0165258
0.00107089 3050 1841.9 0.0184618 -0.0240891 -0.0112315
0.00169187 3060 1842.9 0.00423278 0.0358864 0.00358919
0.00174977 3070 1843.9 0.00364702 -0.0405835 0.00603144
0.00941332 3080 1844.9 0.00384541 0.026092 -0.00562952
0.00335475 3090 1845.9 0.0552461 0.123648 -0.0600616
0.00142228 3100 1846.9 0.00132951 0.00813115 -0.00066818
0.00597299 3110 1847.9 0.00579766 -0.00547487 0.0137904
0.0049909 3120 1848.9 0.00346605 0.00529761 -0.00919236
0.00722857 3130 1849.9 0.0139383 0.00693647 0.0297197
0.00246532 3140 1850.9 0.004827 -0.00626204 -0.00266507
0.00128674 3150 1851.9 0.00464285 -0.00792962 0.00718643
0.00950223 3160 1852.9 0.0082834 0.0185319 0.000964618
0.00164759 3170 1853.9 0.00412256 0.011631 0.00282296
0.00121713 3180 1854.9 0.00443046 -0.0142463 0.0197288
0.000575388 3190 1855.9 0.000403117 -0.00985382 0.0182995
0.0086047 3200 1856.9 0.0356163 -0.0636402 -0.0101938
0.0101512 3210 1857.9 0.00681067 -0.0263183 -0.00645592
0.00145754 3220 1858.9 0.010482 0.00853396 0.0308004
0.000860447 3230 1859.9 0.0045198 0.0145151 0.0111993
0.00516685 3240 1860.9 0.00292646 0.018712 8.12212e-05
0.000645256 3250 1861.9 0.00156415 0.016982 -0.0136418
0.0069449 3260 1862.9 0.00850832 -0.0279634 0.0192671
0.00309071 3270 1863.9 0.00466679 0.0139409 0.00440499
0.0027256 3280 1864.9 0.00261436 -0.0232401 0.0118177
0.000836757 3290 1865.9 0.00513299 0.0140974 -0.00369416
0.00224346 3300 1866.9 -0.000690816 0.0176447 -0.00601737
0.00767545 3310 1867.9 0.00574283 -0.03443 -0.00528067
0.00429316 3320 1868.9 0.00420742 0.0197658 0.0191836
0.00625925 3330 1869.9 0.00535185 -0.0309728 -0.0102366
0.00490944 3340 1870.9 0.00644682 0.0142336 0.00550729
0.00109435 3350 1871.9 0.00655445 -0.00100311 0.0100504
0.0043239 3360 1872.9 0.00674208 0.0365703 0.0269021
0.00258168 3370 1873.9 0.00927378 -0.00962481 0.0228878
0.00790084 3380 1874.9 0.00258855 0.0168855 0.00344526
0.00677662 3390 1875.9 0.00873889 0.0231162 0.00915277
0.00112562 3400 1876.9 0.00181128 -0.00925442 -0.00210471
0.00163591 3410 1877.9 0.00481489 0.0277285 -0.00499195
0.00157312 3420 1878.9 0.00450635 0.00123937 0.00875045
0.00289278 3430 1879.9 0.00763237 0.00485549 0.0171772
0.00615407 3440 1880.9 0.00505843 0.0131797 0.00296925
0.00517607 3450 1881.9 0.00885101 0.0311771 -0.00207465
0.00614492 3460 1882.9 0.00514775 -0.0170462 0.00600434
0.0039296 3470 1883.9 0.00342813 0.063183 0.0152134
0.00566053 3480 1884.9 0.00714294 -0.0312005 0.00192651
0.00190778 3490 1885.9 0.0113293 0.00330004 0.0279429
0.0023577 3500 1886.9 0.0045995 0.0103657 0.0025568
0.000954755 3510 1887.9 0.000820036 0.0134115 0.0136108
0.0053998 3520 1888.9 0.0182205 -0.0245623 0.00329182
0.00343275 3530 1889.9 0.00452371 0.0388489 0.0573962
0.00637887 3540 1890.9 0.00320992 0.0246204 0.00550614
0.00121062 3550 1891.9 0.0100857 -0.0118953 0.0167083
0.00245764 3560 1892.9 0.0219454 -0.055205 -0.0125004
0.00445361 3570 1893.9 0.00766539 0.0110595 0.0109752
0.00101936 3580 1894.9 0.00182231 -0.00574227 0.00147694
0.00305146 3590 1895.9 0.00464535 0.0205326 -0.000819548
0.00372232 3600 1896.9 0.0107742 0.0163207 0.0191613
0.000851843 3610 1897.9 0.00974704 0.00418491 0.0146207
0.00660228 3620 1898.9 0.00460057 -0.000144913 0.0103911
0.00293001 3630 1899.9 0.0037793 0.0178629 -0.0169087
0.00530591 3640 1900.9 0.00690019 0.0204944 0.00420455
0.00465323 3650 1901.9 0.00352563 0.00657283 0.00289224
0.00975363 3660 1902.9 0.00499956 -0.0196987 -0.00914917
0.00201646 3670 1903.9 0.0122513 -0.00240408 0.0141164
0.0018015 3680 1904.9 0.00807776 -0.01786 0.0245377
0.00684511 3690 1905.9 0.00742692 -0.0114723 0.00403426
0.00514206 3700 1906.9 0.00531978 0.018869 -0.0048552
0.00581868 3710 1907.9 0.0119541 -0.0483436 -0.00648449
0.00564675 3720 1908.9 0.00428296 0.0356577 -0.00971924
0.00174566 3730 1909.9 0.00390728 0.0183098 0.00962305
0.00126743 3740 1910.9 0.00446006 0.0231073 0.00155237
0.00307298 3750 1911.9 0.00361858 0.0482746 -0.00018213
0.00254431 3760 1912.9 0.00401176 0.00509619 0.00324117
0.000684145 3770 1913.9 0.00570988 0.0224998 0.0122215
0.00569314 3780 1914.9 0.0155884 -0.0192753 0.0028819
0.000921563 3790 1915.9 0.00646489 0.00734618 0.00493451
0.00112086 3800 1916.9 0.00938816 0.0127835 0.0226453
0.00235023 3810 1917.9 0.000983429 0.0193423 0.0265294
0.00391009 3820 1918.9 0.0198851 0.0927844 0.0202284
0.000902335 3830 1919.9 0.00714658 -0.00116418 0.0165443
0.0010657 3840 1920.9 0.00346036 0.0109765 0.00348452
0.00945936 3850 1921.9 0.00788604 0.00458516 0.0226661
0.00342374 3860 1922.9 0.00383167 0.00924787 0.00491664
0.00236841 3870 1923.9 0.00354173 -0.010136 0.0110142
0.00138663 3880 1924.9 -0.00492244 -0.0184413 0.0220232
0.000750647 3890 1925.9 0.00397832 0.0131535 0.00623486
0.00306931 3900 1926.9 0.00642739 0.0192364 -0.0107899
0.00108574 3910 1927.9 0.00140529 0.0137057 0.00735625
0.00100497 3920 1928.9 0.00238817 0.0268435 0.0016658
0.00471359 3930 1929.9 0.0046793 0.0290488 0.002775
0.0028049 3940 1930.9 0.012 -0.011335 0.0237636
0.00140262 3950 1931.9 0.00958617 -0.0291587 0.0248993
0.00184626 3960 1932.9 0.00481941 0.014033 0.00732313
0.00315757 3970 1933.9 0.00215473 0.00975367 -0.00455396
0.00704317 3980 1934.9 0.00305568 -0.00909447 0.00745184
0.00147569 3990 1935.9 3.13271e-06 0.0104105 -0.0648678
0.00248785 4000 1936.9 0.00289427 -0.00863375 0.00818301
0.00703481 4010 1937.9 0.00413178 0.0225862 -0.00137512
0.00779686 4020 1938.9 0.029066 -0.0372328 -0.016738
0.000670748 4030 1939.9 0.00813104 0.0325401 0.00670399
0.00618901 4040 1940.9 0.00577479 0.108131 -0.0221294
0.00112344 4050 1941.9 0.00517648 0.0103162 0.00835127
0.000778116 4060 1942.9 0.00487936 0.00414103 0.00769525
0.00603693 4070 1943.9 0.027824 -0.00176168 0.00697903
0.00849655 4080 1944.9 0.00913473 -0.0101533 0.0161154
0.000917955 4090 1945.9 0.0023214 0.0235024 0.00233706
0.00895789 4100 1946.9 0.00880311 0.0281638 0.0113198
0.00136208 4110 1947.9 0.0131214 -0.00942426 0.030296
0.00703091 4120 1948.9 0.00388208 0.0244965 0.00938755
0.00417198 4130 1949.9 0.00554894 0.0370884 0.0154972
0.00157089 4140 1950.9 0.00591081 -0.00981829 0.021294
0.000908859 4150 1951.9 0.00428753 0.00850774 0.00471865
0.00306564 4160 1952.9 0.0136081 0.0121605 -0.0114388
0.00792536 4170 1953.9 0.00727361 0.0156128 0.00793653
0.00837467 4180 1954.9 0.00873701 -0.0343528 -0.0134428
0.00102016 4190 1955.9 -0.00326506 0.0121981 -0.0073007
0.00337634 4200 1956.9 0.00566066 -0.0127531 0.0225713
0.00664343 4210 1957.9 0.00401058 0.0221413 0.00290918
0.00173263 4220 1958.9 0.00664544 0.0135396 0.0150568
0.00195854 4230 1959.9 0.00534859 -0.0206217 0.0199673
0.00433416 4240 1960.9 0.00185006 -0.0074424 0.00377504
0.00730859 4250 1961.9 0.00160317 0.0535007 0.00532256
0.00171377 4260 1962.9 0.00292191 0.000480779 0.0122147
0.0104088 4270 1963.9 0.00569829 -0.0142634 -0.0146315
0.00753438 4280 1964.9 0.00245027 0.0163593 -0.00716181
0.00712654 4290 1965.9 0.00491017 -0.0201647 -0.00836108
0.00690771 4300 1966.9 0.000209497 0.023044 0.00283475
0.00209677 4310 1967.9 0.0121066 -0.0121402 0.0228779
0.00245834 4320 1968.9 0.00579047 0.010368 0.00842677
0.00456919 4330 1969.9 0.01383 0.0162432 -0.00125228
0.00444884 4340 1970.9 0.00576082 0.0219034 0.0145184
0.00132618 4350 1971.9 0.00767169 -0.00460944 0.0250133
0.00358316 4360 1972.9 0.00482569 0.0190207 -0.00018121
0.0085895 4370 1973.9 0.000982352 0.046279 0.011209
0.00802976 4380 1974.9 0.0164579 0.101068 0.0134902
0.0124687 4390 1975.9 0.0101146 -0.00330669 0.0218599
0.00303094 4400 1976.9 0.00511735 -0.0141391 0.00993529
0.00430407 4410 1977.9 0.00599962 0.0172763 0.00180889
0.00423256 4420 1978.9 0.00290572 0.0172002 0.00821347
0.00343034 4430 1979.9 0.00474162 0.0209954 -0.00471974
0.000839086 4440 1980.9 0.00444693 -0.0222826 0.00163933
0.00412485 4450 1981.9 0.00427078 0.0233954 0.020105
0.00392954 4460 1982.9 0.00105181 0.0232802 -0.00533884
0.00342008 4470 1983.9 0.00264563 0.0202419 -0.0319868
0.00424751 4480 1984.9 0.00072254 0.0301493 -0.0151865
0.000771703 4490 1985.9 0.00665475 0.0214021 0.00909269
0.00295594 4500 1986.9 0.00481617 0.0334916 -0.0019051
0.00703679 4510 1987.9 0.00607101 -0.0180497 0.00320289
0.00356589 4520 1988.9 0.00489022 0.0104609 0.00436374
0.00737809 4530 1989.9 -0.00325183 -0.0316168 0.00879606
0.00815595 4540 1990.9 0.0210659 0.125211 -0.0508665
0.000664216 4550 1991.9 0.00212897 0.0205337 0.01186
0.00317846 4560 1992.9 0.00507262 0.0249761 0.0115581
0.00117106 4570 1993.9 0.00495338 -0.00379379 -0.00809614
0.00175839 4580 1994.9 0.00568771 0.0293408 0.0065689
0.00942482 4590 1995.9 0.00880378 0.0185506 0.00861105
0.00595403 4600 1996.9 0.00697231 0.0362625 0.00538278
0.00616494 4610 1997.9 -0.00207599 0.0200487 -0.00460018
0.00473484 4620 1998.9 0.0116884 -0.116175 -0.0255662
0.00427489 4630 1999.9 0.0014534 0.0619913 -0.0254226
0.000915504 4640 2000.9 0.00805722 0.0305915 0.00598068
0.00128299 4650 2001.9 -0.00324373 -0.00412958 0.0197968
0.00187305 4660 2002.9 0.00882786 0.0317733 0.019194
0.000685434 4670 2003.9 0.00128367 0.0163457 0.00842542
0.00505619 4680 2004.9 0.00406328 -0.00809801 0.00286909
0.00773265 4690 2005.9 0.0077123 0.0262376 -0.000151269
0.00152232 4700 2006.9 0.0220436 -0.00485951 -0.00253796
0.00282612 4710 2007.9 0.00332962 0.0155694 -0.00395298
0.0136878 4720 2008.9 0.00606841 -0.026556 -0.0151088
0.00171958 4730 2009.9 0.0188339 -0.00676555 0.046585
0.0044241 4740 2010.9 0.00267435 0.0154828 0.0147372
0.00381556 4750 2011.9 0.00407732 0.0101584 0.000598665
0.00190295 4760 2012.9 0.00587727 0.000723098 0.00635465
0.00466656 4770 2013.9 0.00463424 0.0207955 0.000621631
0.00560764 4780 2014.9 0.00335507 -0.00417559 0.00114299
0.00134488 4790 2015.9 0.00893694 -0.000648855 0.0143034
0.00165452 4800 2016.9 0.00636472 -0.00598528 0.0171447
0.00224561 4810 2017.9 0.0075347 0.00615843 -0.000821039
0.00111591 4820 2018.9 0.00486556 0.0217566 0.0124628
0.00606122 4830 2019.9 0.00420672 0.0107951 0.00557485
0.00629493 4840 2020.9 0.00608007 0.00386258 -0.0037869
0.0119103 4850 2021.9 0.0040252 -0.039197 0.000192292
0.00472593 4860 2022.9 0.00301611 -0.0183994 -0.000103629
0.00250566 4870 2023.9 0.00714207 -0.0152716 0.0132165
0.00312303 4880 2024.9 0.00289728 -0.0130079 0.00043978
0.00765415 4890 2025.9 0.00431945 -0.0116044 -0.0130863
0.00507215 4900 2026.9 0.0201491 0.125047 -0.0350678
0.00146213 4910 2027.9 0.00679786 0.0121682 0.00875568
0.00315572 4920 2028.9 0.00485691 0.0260644 0.00438056
0.00144746 4930 2029.9 0.00212305 0.0128281 -0.018997
0.00280389 4940 2030.9 0.0168299 -0.00334707 0.015055
0.00480887 4950 2031.9 0.00626526 -0.00603225 0.00932282
0.00198748 4960 2032.9 0.0109181 0.00250502 0.0142664
0.00380023 4970 2033.9 0.00803564 -0.0084126 0.0178858
0.00886514 4980 2034.9 0.0282058 0.123675 -0.0227648
0.00645174 4990 2035.9 0.00834796 0.0294542 0.0053927
0.00485864 5000 2036.9 0.00576011 -0.0113895 0.0145403
0.00746863 5010 2037.9 0.0279393 -0.0103833 -0.0210444
0.00361128 5020 2038.9 0.000391045 0.00465088 0.0169727
0.0070877 5030 2039.9 0.00337305 0.0164407 -0.00246222
0.0054336 5040 2040.9 0.00388684 0.0571164 0.0167946
0.00502583 5050 2041.9 0.00630673 0.0287947 0.00212448
0.000733493 5060 2042.9 0.00596015 0.0272112 0.00490833
0.00697925 5070 2043.9 0.00749692 0.0208494 0.0315734
0.0033272 5080 2044.9 0.0154085 0.00539607 -0.0021132
0.00510312 5090 2045.9 0.00405781 0.0315646 0.000830722
0.00418863 5100 2046.9 0.00110404 0.0105228 -0.014568
0.00234887 5110 2047.9 0.00470566 0.005304 0.00253367
0.003121 5120 2048.9 0.0101891 -0.00201352 0.00646194
0.00264405 5130 2049.9 0.00254785 0.02258 0.00897989
0.00790062 5140 2050.9 0.00801803 0.0267818 0.0108375
0.00138398 5150 2051.9 0.00199573 0.0161321 -0.00547389
0.0016118 5160 2052.9 0.00953769 0.0166635 0.0262179
0.00365847 5170 2053.9 0.00770543 -0.00136027 0.0179292
0.00447409 5180 2054.9 0.029634 0.0886341 0.0107356
0.00316699 5190 2055.9 0.00505074 0.0372941 0.0206545
0.0012295 5200 2056.9 0.00237283 0.0139115 -0.000560417
0.00109234 5210 2057.9 0.0040809 0.0166984 0.00313659
0.00556264 5220 2058.9 0.00496496 -0.0037702 -0.00630108
0.0110333 5230 2059.9 0.00369543 0.0158697 -0.00586479
0.00126618 5240 2060.9 0.00532301 -0.0299049 0.0455947
0.00312579 5250 2061.9 0.0196166 0.00089608 -0.0193538
0.0016848 5260 2062.9 0.0159275 -0.0114391 -0.013418
0.00110025 5270 2063.9 0.00233053 0.0172882 0.00555514
0.00339534 5280 2064.9 -0.000289375 0.0513762 -0.0121111
0.00472027 5290 2065.9 0.00117478 0.0570542 0.0190045
0.000877806 5300 2066.9 0.00362604 0.000380956 0.00395232
0.00370878 5310 2067.9 0.00661905 0.0049966 0.0110354
0.00126152 5320 2068.9 0.00365411 0.0347496 0.0103581
0.00860128 5330 2069.9 0.00913624 0.0201549 0.00140061
0.00610955 5340 2070.9 -0.0116502 0.0800419 -0.0236738
0.00236971 5350 2071.9 0.00487982 -0.00359673 0.0154262
0.00613733 5360 2072.9 0.00487206 0.0275138 0.0110249
0.00526046 5370 2073.9 0.007611 -0.0118729 0.00386234
0.00542 5380 2074.9 -0.00100095 0.0518906 -0.00782835
0.00264925 5390 2075.9 0.00713616 -0.010723 0.0138329
0.00409414 5400 2076.9 0.0296526 -0.0556308 -0.0108472
0.00625285 5410 2077.9 0.00392501 0.01002 -0.000476363
0.000951347 5420 2078.9 0.00943835 0.0145514 0.00635843
0.00771295 5430 2079.9 0.00606588 0.00129656 -0.00581969
0.00435882 5440 2080.9 0.000404849 -0.0138888 -0.00533969
0.00621376 5450 2081.9 0.0125168 0.0670339 0.0103206
0.00447358 5460 2082.9 0.00968346 -0.032938 -0.00297826
0.00299239 5470 2083.9 0.00903393 0.0205884 0.00979756
0.00142459 5480 2084.9 0.00169441 0.0163705 -0.0074246
0.00823862 5490 2085.9 0.0075677 0.0179472 0.00265097
0.00523524 5500 2086.9 0.00362826 -0.00210196 0.0106589
0.00137501 5510 2087.9 0.0048405 -0.00075532 0.0124844
0.00413244 5520 2088.9 0.021091 0.137257 0.0142637
0.00419399 5530 2089.9 0.00501383 0.0183461 0.00489695
0.000877608 5540 2090.9 0.0074167 0.0217685 0.0109609
0.00446335 5550 2091.9 0.0192695 -0.0408061 -0.00626001
0.00211041 5560 2092.9 0.00467281 0.00626567 0.0021868
0.00947697 5570 2093.9 0.0295148 -0.0484994 -0.00354773
0.00209114 5580 2094.9 0.000391057 0.0148613 0.00716806
0.00405779 5590 2095.9 0.00463726 0.0149346 0.00273415
0.00420205 5600 2096.9 0.00330642 0.0567912 0.00420473
0.00731598 5610 2097.9 0.0116061 0.126686 -0.0234141
0.0162875 5620 2098.9 0.00921427 0.0150364 0.0328772
0.00566112 5630 2099.9 0.00660678 0.0289366 0.00831193
0.0090861 5640 2100.9 0.00681544 0.0151028 0.000461584
0.0102389 5650 2101.9 -0.0425197 0.0457489 -0.0857565
0.00202179 5660 2102.9 0.00990929 -0.0226711 0.0238481
0.00419671 5670 2103.9 0.00650431 -0.0159713 0.011116
0.00438973 5680 2104.9 0.00483137 0.0180975 0.00309624
0.0108247 5690 2105.9 0.000531209 0.00883748 -0.00249112
0.00140029 5700 2106.9 0.00468655 0.0145157 0.00387942
0.00180729 5710 2107.9 0.00440899 0.021455 0.00649298
0.00160167 5720 2108.9 0.0156067 -0.000614123 0.0397414
0.00888709 5730 2109.9 -0.00040631 -0.0105847 0.00643675
0.00282389 5740 2110.9 0.00137293 -0.0327535 -0.0117349
0.00648372 5750 2111.9 0.00706184 0.0165393 0.00832438
0.00392138 5760 2112.9 0.000605726 0.0190207 -0.000205535
0.00289814 5770 2113.9 0.0395621 -0.0530532 -0.00387559
0.00603814 5780 2114.9 0.00675538 0.0103711 0.0151518
0.0137998 5790 2115.9 0.00167689 0.00216345 0.063051
0.00330821 5800 2116.9 0.000843459 0.00100078 -0.00978657
0.0110343 5810 2117.9 0.00712927 -0.0150104 0.000430049
0.00182199 5820 2118.9 0.00596446 0.0215678 0.0128165
0.00734211 5830 2119.9 0.00773705 -0.0216484 0.0141157
0.0026446 5840 2120.9 0.00361928 0.00519764 0.00587562
0.000640182 5850 2121.9 0.00459129 0.0047147 0.0226444
0.00102308 5860 2122.9 0.00817262 0.014322 0.00320377
0.00256155 5870 2123.9 0.00631998 0.0167766 0.0141582
0.00275293 5880 2124.9 0.00783787 0.0154951 0.0089667
0.00719009 5890 2125.9 0.00625959 -0.000618204 0.018399
0.00743102 5900 2126.9 0.000968206 -0.0200751 -0.00462904
0.00493542 5910 2127.9 0.0152469 0.0380412 0.035958
0.00878327 5920 2128.9 0.00471555 0.0281849 0.0038246
0.00854976 5930 2129.9 0.00432374 0.0487521 -0.00389226
0.0030614 5940 2130.9 0.00879163 -0.0308137 0.000291457
0.00290346 5950 2131.9 0.00419811 0.0288942 0.00384005
0.0059725 5960 2132.9 -0.00465536 0.0791577 -0.0188552
0.00123464 5970 2133.9 0.000417695 -0.00837023 0.00458922
0.00178942 5980 2134.9 0.00761197 0.0163959 0.0114485
0.00336566 5990 2135.9 0.010058 -0.025868 0.0226474
0.0110278 6000 2136.9 0.0235891 0.157365 -0.047689
0.00179658 6010 2137.9 0.00893154 -0.00910209 0.0234548
0.00263356 6020 2138.9 0.00438503 0.0356889 0.0179686
0.00710833 6030 2139.9 0.0102413 -0.0149701 -0.00817489
0.00593848 6040 2140.9 0.00783259 -0.0327064 -0.00747549
0.00420068 6050 2141.9 0.00766187 -0.00655926 0.0126918
0.00722007 6060 2142.9 0.00491039 0.113842 -0.0209558
0.00852007 6070 2143.9 0.0053631 0.0562455 0.0164622
0.00280774 6080 2144.9 0.00829424 0.000223439 0.00886089
0.00166466 6090 2145.9 0.00398906 0.0172137 0.0081341
0.00624484 6100 2146.9 0.00858518 -0.0315575 0.00540255
0.00429772 6110 2147.9 0.0215598 -0.0595749 -0.00100809
0.00251521 6120 2148.9 0.0111427 0.00261526 0.0225535
0.00516542 6130 2149.9 0.00340289 -0.00982389 0.00462343
0.00644459 6140 2150.9 0.00584759 0.028681 0.00839897
0.00128011 6150 2151.9 0.00539244 0.0206009 0.00981924
0.0120325 6160 2152.9 0.00265308 0.0724681 0.00797675
0.00421793 6170 2153.9 0.00675777 0.00767393 0.014733
0.00670366 6180 2154.9 0.00469601 0.000211419 0.0133576
0.00485166 6190 2155.9 0.00281186 0.0116493 -0.00286794
0.0114319 6200 2156.9 0.003615 -0.00420207 -0.012792
0.0046979 6210 2157.9 0.00454588 -0.0115259 0.00682506
0.00290318 6220 2158.9 0.00039887 -0.00800127 0.00973194
0.00325632 6230 2159.9 0.00428506 0.016397 0.0022564
0.00129445 6240 2160.9 0.00367296 0.00605674 0.00226861
0.00324681 6250 2161.9 0.00439927 -0.0190877 0.0182973
0.00483287 6260 2162.9 0.00300022 -0.0108957 -0.0143186
0.0046682 6270 2163.9 0.00163324 0.0359722 -0.00628888
0.00932163 6280 2164.9 0.00855078 -0.0291578 -0.0050441
0.00913362 6290 2165.9 0.0214431 0.106084 -0.00850065
0.00121061 6300 2166.9 0.00420393 0.0318214 0.0026345
0.00174847 6310 2167.9 0.00549616 0.0186672 0.00145358
0.00756051 6320 2168.9 -0.00618716 -0.00800749 0.0245915
0.00150504 6330 2169.9 0.000186444 -0.00183687 0.00997346
0.00415767 6340 2170.9 0.00307506 -0.0231014 0.00189558
0.00296808 6350 2171.9 0.0319678 -0.000707186 -0.00440374
0.00104638 6360 2172.9 0.00877133 0.00227258 0.00678217
0.0026742 6370 2173.9 0.00712731 0.0203606 0.000507411
0.00313181 6380 2174.9 0.00487583 -0.0143977 0.0221125
0.00221083 6390 2175.9 0.00669053 0.049481 0.00452957
0.00378249 6400 2176.9 0.0038825 0.0382689 0.00330813
0.00188361 6410 2177.9 0.00118522 -0.0114588 0.0244171
0.00101045 6420 2178.9 0.0129354 0.00950343 -0.00446259
0.00639649 6430 2179.9 0.00860387 0.00901672 0.0110914
0.00773201 6440 2180.9 0.00611767 -0.00375655 0.0111981
0.00262216 6450 2181.9 0.00757809 -0.00234226 0.00962985
0.00130051 6460 2182.9 0.00393624 0.0203155 0.0125149
0.00788915 6470 2183.9 0.0132407 0.0139043 0.0448943
0.000959444 6480 2184.9 0.00830686 0.0293446 0.0132063
0.0105735 6490 2185.9 0.0276416 0.00555075 -0.0151664
0.00750418 6500 2186.9 0.00536237 0.059428 0.00691715
0.00114631 6510 2187.9 0.00335201 0.0253226 -0.00102924
0.00926511 6520 2188.9 0.00857808 0.0216383 0.00760363
0.00580128 6530 2189.9 0.00376834 0.0322763 -0.00772028
0.000839348 6540 2190.9 0.00243814 0.0119372 0.0097371
0.00428015 6550 2191.9 0.0393455 -0.0493603 -0.0148118
0.00533747 6560 2192.9 0.00546992 -0.0505073 -0.0152382
0.00206009 6570 2193.9 0.00624357 0.00737473 0.00950369
0.00332416 6580 2194.9 0.0055859 -0.00354285 0.0197646
0.00163803 6590 2195.9 0.0165605 0.0170146 -0.0185797
0.00149139 6600 2196.9 0.00568655 -0.00961772 0.00261683
0.00178647 6610 2197.9 7.07209e-05 0.00579367 0.0121534
0.00176057 6620 2198.9 0.00391943 0.010864 0.00549235
0.0042421 6630 2199.9 -0.00464293 0.0805548 -0.0827815
0.00126731 6640 2200.9 0.0179011 0.0322845 -0.0211836
0.00305898 6650 2201.9 0.00210622 0.0302677 0.00301995
0.00152937 6660 2202.9 0.00330516 0.019045 0.00803905
0.00647678 6670 2203.9 0.00461782 0.0146003 -0.00242419
0.0123287 6680 2204.9 0.0117116 0.0163419 0.00940198
0.00516445 6690 2205.9 0.00617312 0.00195154 -0.00111709
0.00360389 6700 2206.9 0.00409811 0.0269461 0.00555183
0.00950152 6710 2207.9 -0.00153686 -0.018309 0.000525403
0.00506823 6720 2208.9 0.00411802 0.0814011 0.0172534
0.00448931 6730 2209.9 0.00532551 -0.0078584 0.00146165
0.0014578 6740 2210.9 0.00580118 -0.00935768 0.0394942
0.000899483 6750 2211.9 0.0109821 0.0248709 0.00920724
0.00472792 6760 2212.9 0.0227904 -0.0515168 0.00119754
0.00189222 6770 2213.9 0.00461178 -0.00505372 -0.00610358
0.000772834 6780 2214.9 -0.000798614 0.0125809 -0.0110987
0.00111109 6790 2215.9 0.0128744 -0.00418539 0.00649648
0.000770511 6800 2216.9 0.00480021 0.0129829 0.00621981
0.00283542 6810 2217.9 0.000435699 0.016551 0.0159631
0.00301761 6820 2218.9 0.00338633 -0.00210577 -0.00471471
0.00802046 6830 2219.9 0.010851 0.0446658 0.0172202
0.00246176 6840 2220.9 0.00965318 0.0109798 0.00831509
0.00195225 6850 2221.9 0.0024398 0.0147178 0.00717834
0.00302999 6860 2222.9 0.00933384 -0.0096132 0.023677
0.0122948 6870 2223.9 0.00249345 0.065548 -0.000577473
0.000790537 6880 2224.9 0.00638289 0.0198074 0.00889961
0.00381737 6890 2225.9 0.0017255 0.0106933 0.000996756
0.00771912 6900 2226.9 0.0015977 -0.022398 -0.0124876
0.00194841 6910 2227.9 0.00755264 0.00945065 0.00561916
0.000574725 6920 2228.9 0.00491816 0.0138541 0.0085915
0.00705926 6930 2229.9 0.003375 -0.008281 0.0135167
0.00495051 6940 2230.9 0.0100084 -0.0327584 0.00360227
0.000946653 6950 2231.9 0.00790901 -0.00882308 0.0152821
0.00165998 6960 2232.9 0.000473053 0.00635381 -0.00745729
0.0042762 6970 2233.9 0.00345834 0.0544745 0.00790331
0.00361837 6980 2234.9 0.00786702 0.00160647 0.00302758
0.00418745 6990 2235.9 0.00511058 0.0252455 0.0174706
0.00247109 7000 2236.9 0.00394625 0.0150821 -2.95084e-05
0.0102294 7010 2237.9 0.00543952 -0.000132507 3.35341e-05
0.00547513 7020 2238.9 0.0103713 0.115413 -0.0102965
0.00733098 7030 2239.9 0.00342681 -0.00987356 -0.0184307
0.00173379 7040 2240.9 0.0115716 0.0334144 0.029967
0.00328737 7050 2241.9 0.00575252 -0.0138984 0.0269363
0.00178098 7060 2242.9 0.00378974 0.0251551 0.0101272
0.00360996 7070 2243.9 0.00778695 0.000826338 0.00983691
0.00452548 7080 2244.9 0.00115473 -0.022827 0.00478519
0.00229398 7090 2245.9 0.0049711 0.00728718 0.0162778
0.00258477 7100 2246.9 0.00168368 0.0274201 -0.00424149
0.0054664 7110 2247.9 0.00120416 0.0594619 0.00879428
0.00472992 7120 2248.9 0.00271016 0.0279194 -0.0287057
0.00226307 7130 2249.9 0.0038664 0.0234177 0.00867479
0.00211163 7140 2250.9 0.00192208 0.0242544 0.0151929
0.00487589 7150 2251.9 0.00608444 0.0378371 0.00929264
0.00345149 7160 2252.9 -0.0397294 0.0554218 -0.0977415
0.00426074 7170 2253.9 0.00757734 -0.00898014 0.011478
0.00963915 7180 2254.9 0.00208394 0.0188261 -0.00276709
0.00614784 7190 2255.9 0.0127809 -0.0350548 0.00510464
0.00335965 7200 2256.9 0.00600891 0.0182869 0.00948142
0.0051653 7210 2257.9 0.00593356 -0.00351913 0.00638593
0.00469085 7220 2258.9 0.00251544 0.0138337 -0.00294753
0.00705832 7230 2259.9 0.00175151 0.0611717 0.00676163
0.000980582 7240 2260.9 0.00493141 0.0255323 0.00433044
0.00132185 7250 2261.9 0.00729517 0.0171563 0.00700964
0.00714863 7260 2262.9 0.00332225 0.0106838 0.00501084
0.00434452 7270 2263.9 0.00319888 0.051562 -0.013254
0.00324988 7280 2264.9 0.00880243 0.00275521 0.0166787
0.00147508 7290 2265.9 0.00245852 0.0121705 -0.00659303
0.00558022 7300 2266.9 0.0131091 0.124742 -0.0320687
0.00353479 7310 2267.9 0.00556048 -0.00860356 0.00126022
0.0107113 7320 2268.9 0.00684715 -0.00709256 -0.00932885
0.00193661 7330 2269.9 0.00826161 -0.0142614 0.0167288
0.00179846 7340 2270.9 0.00145185 0.000659892 0.00919719
0.00331026 7350 2271.9 0.00423617 0.026271 -0.000956336
0.00980425 7360 2272.9 0.00300706 -0.0140118 -0.00917181
0.00905322 7370 2273.9 0.00879771 -0.0269267 -0.00179685
0.00364571 7380 2274.9 0.00639383 0.00616909 0.006076
0.0020137 7390 2275.9 0.0105372 -0.00839758 0.0157333
0.00955757 7400 2276.9 0.00994555 -0.012344 -0.00458638
0.00699967 7410 2277.9 0.003013 0.0163206 -0.00631316
0.0115403 7420 2278.9 0.00688137 0.00467276 0.0166405
0.00281495 7430 2279.9 0.0285686 -0.0564035 -0.00582922
0.00391885 7440 2280.9 0.00967869 -0.0319598 0.000395179
0.00602771 7450 2281.9 0.0142029 0.0266007 0.0538895
0.000707219 7460 2282.9 0.013091 -0.00312973 -0.012753
0.00474575 7470 2283.9 0.00567568 0.020735 0.0131707
0.00531224 7480 2284.9 0.00209425 0.0274205 -0.0213441
0.00446936 7490 2285.9 0.0050215 0.00845275 0.0126578
0.000937361 7500 2286.9 0.00994846 0.0313068 0.0298276
0.00177019 7510 2287.9 0.011883 -0.00142444 0.00648155
0.00695793 7520 2288.9 0.00587125 0.0254032 0.00966023
0.00340177 7530 2289.9 0.00129775 0.0107246 0.000310931
0.00149539 7540 2290.9 0.00465351 0.0189515 0.00830211
0.00419661 7550 2291.9 0.00410973 0.00717815 0.00538138
0.00259775 7560 2292.9 0.0047871 0.0492768 0.0175771
0.00132155 7570 2293.9 0.00412315 0.00234205 0.00731683
0.00185936 7580 2294.9 0.00393542 0.0372232 -0.00266568
0.0021739 7590 2295.9 0.00508342 -0.0370401 -0.00943245
0.00533114 7600 2296.9 0.00231267 0.0391149 -0.0032527
0.000582853 7610 2297.9 0.00690265 0.0148921 -0.00110109
0.00392232 7620 2298.9 0.00594766 -0.0282219 0.00324021
0.00650582 7630 2299.9 0.000524344 0.0121872 0.0100586
0.00529077 7640 2300.9 0.00679956 0.0113041 -0.00549375
0.00135452 7650 2301.9 0.00471491 0.0115716 0.0017997
0.00247414 7660 2302.9 0.00283492 0.0204883 5.0668e-05
0.00210376 7670 2303.9 0.00477241 -0.00103065 0.0120972
0.00485296 7680 2304.9 0.0149102 0.0323722 -0.00564155
0.00361576 7690 2305.9 0.00333086 0.0312067 -0.00260051
0.00175497 7700 2306.9 0.00836804 0.00807378 0.0140479
0.00103673 7710 2307.9 0.0166621 0.0339064 0.069218
0.00183353 7720 2308.9 0.00441458 0.0187181 -0.00640679
0.00609921 7730 2309.9 0.00831225 -0.021769 -0.0131988
0.00725359 7740 2310.9 0.00648437 0.0114429 0.00825393
0.00495992 7750 2311.9 0.020914 -0.0480198 0.00988967
0.0196134 7760 2312.9 0.00672336 0.0125126 0.00880642
0.00296045 7770 2313.9 0.000688256 0.0236271 -0.0126018
0.000664327 7780 2314.9 0.00064718 0.0197403 -0.00695108
0.00171553 7790 2315.9 0.000261752 -4.51042e-05 -0.00230379
0.00592004 7800 2316.9 0.00564431 -0.011408 0.0233726
0.00073017 7810 2317.9 0.00522468 0.0143874 0.00996842
0.00438444 7820 2318.9 0.00105279 0.0277024 -0.00396345
0.00219002 7830 2319.9 0.00803898 -0.0103512 0.01615
0.00356244 7840 2320.9 0.000783005 -0.0244287 -0.0100057
0.00886875 7850 2321.9 0.00247373 0.00522574 0.000732621
0.00207188 7860 2322.9 0.00620716 -0.0121221 0.0162334
0.00272364 7870 2323.9 0.010395 0.0207947 -0.00676882
0.00686362 7880 2324.9 0.00758746 -0.0343207 -0.00311722
0.0113869 7890 2325.9 0.00297718 0.0139926 -0.00576784
0.00336871 7900 2326.9 0.0032581 0.00978721 0.00372065
0.00836299 7910 2327.9 -0.000213538 0.106867 -0.0194352
0.00517815 7920 2328.9 0.00675132 0.0194347 0.00705842
0.00350921 7930 2329.9 0.00706422 0.00126645 0.0144262
0.00882146 7940 2330.9 0.00834876 -0.0203963 -0.002603
0.00631825 7950 2331.9 0.00755088 0.0113857 0.00750092
0.000677215 7960 2332.9 0.00932194 0.00478854 0.0131954
0.0059659 7970 2333.9 0.0150795 -0.0025785 -0.00233054
0.00308262 7980 2334.9 0.00585876 0.0271831 0.00142332
0.00686511 7990 2335.9 0.00583532 -0.0191498 0.0117167
0.00666026 8000 2336.9 0.0217703 -0.0404638 -0.00683853
0.00450269 8010 2337.9 0.00530519 0.0277905 -0.00829825
0.00393981 8020 2338.9 0.00325616 0.0161423 0.00490856
0.00430391 8030 2339.9 0.00537302 0.0478162 0.0296803
0.00407895 8040 2340.9 0.00495896 0.0124857 0.00254915
0.00234108 8050 2341.9 0.00564897 -0.0190227 0.0160236
0.00138122 8060 2342.9 0.00821999 -0.0108774 -0.0149518
0.00307061 8070 2343.9 0.00551869 -0.00104457 0.00530677
0.00736402 8080 2344.9 0.00283627 -0.0188094 -0.0063824
0.00167661 8090 2345.9 0.00695357 -0.0115975 0.0104993
0.00668049 8100 2346.9 -0.0272795 0.0290956 -0.0831866
0.0011344 8110 2347.9 0.00525417 0.0317489 0.0048266
0.00092298 8120 2348.9 0.000979692 0.0218207 0.00070558
0.0133793 8130 2349.9 0.00486396 0.0232009 0.00868205
0.00493176 8140 2350.9 0.00109047 0.0145674 -0.00291037
0.000687589 8150 2351.9 0.00525555 0.0152817 0.00647401
0.00166909 8160 2352.9 0.00026685 0.050997 -0.0608025
0.00710461 8170 2353.9 0.00699268 0.119912 -0.0240154
0.00915445 8180 2354.9 0.00312624 -0.011186 0.00420256
0.00420248 8190 2355.9 0.00503005 -0.0203503 0.0129176
0.00236852 8200 2356.9 0.00357135 0.0182311 0.0138632
0.0078675 8210 2357.9 0.0105225 -0.0166132 0.0425304
0.00260748 8220 2358.9 0.0076182 -0.00525438 0.0264689
0.00536204 8230 2359.9 0.00931817 0.00997358 0.0116843
0.00114096 8240 2360.9 0.0182914 0.0171051 0.001075
0.0103177 8250 2361.9 0.00326373 -0.0317185 -0.00997992
0.00413767 8260 2362.9 0.00798647 -0.0192084 0.0174491
0.00240676 8270 2363.9 0.00133185 0.0291365 0.0046388
0.000854173 8280 2364.9 0.00395166 0.0117111 0.00982485
0.00095079 8290 2365.9 0.00807868 0.0125802 0.00374683
0.00217801 8300 2366.9 0.00271213 0.00911615 -0.00181375
0.00423858 8310 2367.9 0.0055455 0.0152719 0.00733303
0.00143284 8320 2368.9 0.00915175 0.00766517 0.0148426
0.0107618 8330 2369.9 0.0058588 -0.0245429 -0.00191915
0.0058296 8340 2370.9 -0.000354588 0.0226082 -0.000183973
0.00313575 8350 2371.9 0.0302198 -0.00473132 0.112142
0.00194171 8360 2372.9 0.0160085 0.00335335 -0.0146967
0.00180597 8370 2373.9 0.0217164 0.0414643 -0.0214703
0.00240087 8380 2374.9 0.00105102 -0.000139844 -0.00664245
0.00426501 8390 2375.9 0.00772362 0.0113161 0.00466343
0.00399085 8400 2376.9 0.00440186 0.00389306 0.00633298
0.00612654 8410 2377.9 0.00598047 -0.0141043 -0.00668072
0.00536559 8420 2378.9 0.0080157 -0.015743 0.0195433
0.00623583 8430 2379.9 -0.000461131 -0.041521 0.00206926
0.00845498 8440 2380.9 0.00560868 0.0148924 0.0103951
0.00567248 8450 2381.9 -0.00109012 -0.00570721 0.0253595
0.00306991 8460 2382.9 0.00458861 0.0237061 0.00690292
0.00343522 8470 2383.9 -0.000234258 -0.00639772 0.000364812
0.00641891 8480 2384.9 0.00350346 0.0255587 0.00978335
0.00573704 8490 2385.9 0.00419581 0.0140128 0.00438917
0.0073403 8500 2386.9 -0.000362081 0.0494822 -0.0121667
0.00498476 8510 2387.9 0.00887961 0.0223721 -0.000167322
0.00253948 8520 2388.9 0.00686228 0.00679437 0.00954024
0.00988022 8530 2389.9 0.0202295 0.0767597 -0.000895391
0.00235765 8540 2390.9 0.00571903 0.00763638 -0.00591579
0.00794654 8550 2391.9 0.010495 0.00572567 0.00213791
0.00862108 8560 2392.9 0.00075469 0.0348306 -0.000925472
0.00944569 8570 2393.9 0.00412148 0.0484734 0.00828899
0.00625565 8580 2394.9 0.0075174 -0.0299511 0.014805
0.00351251 8590 2395.9 0.00335617 -0.000273193 0.00875893
0.00194237 8600 2396.9 0.00335859 -0.0072203 0.00624771
0.00314208 8610 2397.9 0.0044796 0.00804045 -0.00271878
0.00143626 8620 2398.9 0.00493329 -0.0120578 0.0124512
0.00066262 8630 2399.9 0.00904868 0.0159719 0.0190337
0.00133226 8640 2400.9 0.000313557 -0.0190383 0.0309574
0.0049808 8650 2401.9 0.00381795 0.0148757 0.00185294
0.00157177 8660 2402.9 0.00928707 -0.0174567 0.0242336
0.00113795 8670 2403.9 0.00375331 0.020373 -5.78686e-05
0.00781019 8680 2404.9 0.0117468 0.0309232 0.0359208
0.0167214 8690 2405.9 0.005384 0.0206251 0.00223856
0.00198772 8700 2406.9 0.00405392 0.00619095 -0.000413539
0.00313649 8710 2407.9 0.00484523 0.0213272 0.00353498
0.00544442 8720 2408.9 0.00517372 -0.0177045 -0.0002589
0.00389516 8730 2409.9 0.00263259 0.0694638 0.0105572
0.00718241 8740 2410.9 0.00282176 0.0165348 -0.00860561
0.00312004 8750 2411.9 0.00372911 0.0142404 0.00118119
0.00278943 8760 2412.9 0.00189218 -0.00342877 -0.0353272
0.00458205 8770 2413.9 0.0183606 0.104352 0.0169082
0.00100326 8780 2414.9 0.00453732 0.0188091 -0.00181615
0.0016133 8790 2415.9 0.0165163 -0.0417589 -0.000750859
0.00932846 8800 2416.9 0.00359115 -0.00434607 0.0126318
0.0057862 8810 2417.9 0.00453483 0.0225178 0.0123715
0.00469026 8820 2418.9 0.00660037 0.00424368 0.0154226
0.00235589 8830 2419.9 0.0430152 0.0201644 -0.0530575
0.00167767 8840 2420.9 0.011836 0.0121241 -0.000475871
0.00172145 8850 2421.9 0.00542085 0.0111116 0.00574975
0.00460566 8860 2422.9 0.0139851 0.122235 -0.0343026
0.00171969 8870 2423.9 0.00312637 0.0129305 -0.00128478
0.00618339 8880 2424.9 0.0285219 0.029593 -0.0325987
0.00359148 8890 2425.9 0.00373525 0.0263446 -0.0371788
0.00170882 8900 2426.9 0.0189543 -0.0393183 -0.00227234
0.00167513 8910 2427.9 0.00642377 0.0355109 0.0264179
0.00603587 8920 2428.9 0.0233397 -0.0524561 0.0056475
0.000750269 8930 2429.9 0.0224723 0.00205605 0.0103138
0.00416437 8940 2430.9 0.00630585 -0.0208078 0.0271495
0.00454449 8950 2431.9 0.0108048 -0.00560007 0.00633251
0.00759084 8960 2432.9 0.00511339 0.0279962 0.00731797
0.000949117 8970 2433.9 0.00961417 -0.00581499 0.0297689
0.00114964 8980 2434.9 0.0138148 -0.00281549 0.00546655
0.00378812 8990 2435.9 0.00617978 0.00307063 0.0102334
0.00142242 9000 2436.9 0.00669525 0.0144585 0.00746887
0.00251982 9010 2437.9 0.00721913 0.000842536 0.00915391
0.0042362 9020 2438.9 0.0035057 0.02155 -0.00456718
0.0085482 9030 2439.9 0.00503187 -0.0148828 0.00213642
0.00285225 9040 2440.9 0.0156308 -0.0477691 0.0054809
0.00368351 9050 2441.9 0.00557272 0.0270107 0.0120517
0.00194786 9060 2442.9 0.0226041 -0.00138858 0.0123035
0.00250357 9070 2443.9 0.00665307 -0.00753591 0.0207899
0.00230722 9080 2444.9 0.00210142 -0.0114974 0.00483308
0.00546501 9090 2445.9 0.00580069 0.0170044 0.00497734
0.00113576 9100 2446.9 0.0071327 0.0125405 0.0143778
0.001957 9110 2447.9 0.0049758 0.0186881 0.0129028
0.00273402 9120 2448.9 0.00273088 0.0297623 0.00183518
0.00269597 9130 2449.9 0.00454096 0.0468466 0.00385
0.00194867 9140 2450.9 0.00529859 0.033754 0.00443504
0.00262875 9150 2451.9 0.00439204 -0.00826016 0.00144946
0.00312669 9160 2452.9 0.0123065 -0.0236911 0.0107976
0.00431383 9170 2453.9 0.00382424 0.0146163 -0.00693333
0.00369756 9180 2454.9 0.00390743 0.0384551 0.0019546
0.00128079 9190 2455.9 0.00691652 -0.00648676 0.017115
0.00420528 9200 2456.9 -0.00514061 0.074865 -0.0195112
0.00149045 9210 2457.9 0.00649943 0.00257962 0.0187127
0.00135562 9220 2458.9 0.0103059 0.00463794 0.0182229
0.00214619 9230 2459.9 0.0127723 0.045175 0.0387785
0.0104833 9240 2460.9 0.00545311 -0.0101256 -0.00360021
0.0037177 9250 2461.9 0.00538024 0.0192801 -0.00272712
0.00473766 9260 2462.9 0.00591458 0.0300002 0.0138702
0.00119608 9270 2463.9 0.0157879 0.0201005 0.0343003
0.0120186 9280 2464.9 0.00382713 -0.0141312 -0.011222
0.00200143 9290 2465.9 0.00199117 0.0033224 0.00796156
0.00236325 9300 2466.9 0.0114149 -0.00308291 0.00356961
0.0215248 9310 2467.9 0.010688 0.00537215 0.0219798
0.00790287 9320 2468.9 0.0067781 0.0746839 0.0116205
0.00218713 9330 2469.9 0.00145704 0.0188743 0.00646142
0.00194461 9340 2470.9 0.00904184 -0.0524216 -0.00269868
0.00599592 9350 2471.9 0.00588706 0.0109642 0.0103361
0.00184039 9360 2472.9 0.0151521 -0.0134187 0.0118914
0.00529562 9370 2473.9 0.00663567 0.0194912 0.00306786
0.00155999 9380 2474.9 0.0039416 0.0100408 0.00529861
0.00269641 9390 2475.9 0.00996303 0.0116621 0.00534821
0.00498681 9400 2476.9 0.00524146 -0.0279184 0.00888658
0.00342694 9410 2477.9 0.00478557 -0.00969111 0.00830019
0.00532445 9420 2478.9 0.00539444 0.000372023 0.0118117
0.0018352 9430 2479.9 0.00840605 0.00211606 0.036386
0.00167349 9440 2480.9 0.00743995 -0.0282673 0.0205092
0.00181609 9450 2481.9 0.00479514 0.0291693 0.0133036
0.00123061 9460 2482.9 0.00602746 0.000670048 0.0159698
0.000555201 9470 2483.9 0.0050655 -0.00508464 0.00444116
0.0109502 9480 2484.9 0.0029707 -0.00517347 -0.00646395
0.00522906 9490 2485.9 0.0133122 -0.00433697 0.0586859
0.00361916 9500 2486.9 0.000977352 0.0613324 -0.0184384
0.0119969 9510 2487.9 0.0240463 -0.00947113 -0.0126155
0.00177623 9520 2488.9 0.00468966 -0.0155571 0.0162439
0.00347925 9530 2489.9 0.0046421 0.0203938 0.00865898
0.00271326 9540 2490.9 0.0049871 0.0237267 0.00151173
0.00678119 9550 2491.9 0.00604908 0.0133189 0.0210239
0.00558379 9560 2492.9 0.0217163 0.00985352 0.0663231
0.00373754 9570 2493.9 0.0044644 0.0309973 0.00433077
0.00323566 9580 2494.9 0.0123435 -0.0222791 0.00193941
0.00593511 9590 2495.9 0.0163308 0.0146343 0.0342564
0.00104628 9600 2496.9 0.00107531 0.0138999 -0.0161621
0.00879985 9610 2497.9 0.00282951 0.0158432 0.00123025
0.00692435 9620 2498.9 0.00835021 -0.024359 -0.0138054
0.00393061 9630 2499.9 0.00658351 -0.0910376 0.0355166
0.00120239 9640 2500.9 0.00476378 0.00755576 0.0133043
0.00671953 9650 2501.9 0.0262979 -0.0447182 -0.0088478
0.00842944 9660 2502.9 0.00720936 -0.011782 0.0309895
0.00583392 9670 2503.9 0.00090469 -0.00834639 -0.000545436
0.00119165 9680 2504.9 0.00577836 -0.00383695 0.0124403
0.00955764 9690 2505.9 0.0239198 -0.00300096 -0.00427286
0.00167127 9700 2506.9 0.00455579 0.0234524 0.00785177
0.00256208 9710 2507.9 0.00909859 -0.0230314 0.0202794
0.00936862 9720 2508.9 0.00596778 -0.000189236 0.0281162
0.00664337 9730 2509.9 0.00937249 -0.0333919 0.0125079
