0.00508868 10 3152.5 0.00356991 0.0104586 0.00505726
0.000684034 20 3153.5 0.00661016 0.0255335 -0.0123383
0.00273789 30 3154.5 0.0321374 -0.042021 -0.0124658
0.0069588 40 3155.5 0.00881172 -0.0381949 0.010145
0.00539042 50 3156.5 0.0151627 -0.0115565 0.0682968
0.00752157 60 3157.5 0.00253374 -0.0217225 -0.0153435
0.00478841 70 3158.5 0.00559403 0.00693175 0.00485913
0.00121688 80 3159.5 0.00105328 0.00870508 0.00137183
0.000732333 90 3160.5 0.00405373 0.0141565 -0.00537833
0.00601687 100 3161.5 0.00382761 -0.0271607 -0.00232738
0.0011933 110 3162.5 0.00610806 0.0158961 0.00748299
0.0026343 120 3163.5 0.00504172 0.0124552 -0.00222799
0.00508155 130 3164.5 0.00293012 0.00953781 -0.00403317
0.000967934 140 3165.5 0.00291724 0.0100593 0.00162938
0.00525259 150 3166.5 0.0195392 0.035238 0.00791429
0.00149183 160 3167.5 0.00772457 -0.0161419 0.0176252
0.0031459 170 3168.5 0.0042515 0.00965358 8.35609e-05
0.00382951 180 3169.5 0.00278341 0.0238724 0.00332004
0.00292585 190 3170.5 0.00464729 0.0160958 -0.00189562
0.00474469 200 3171.5 0.00313773 -0.000873378 0.00600319
0.00798921 210 3172.5 0.00897835 0.0135958 0.0124253
0.00129541 220 3173.5 0.00394862 0.0105316 0.00733082
0.000998545 230 3174.5 0.0105463 0.0326076 -0.0026702
0.0112346 240 3175.5 0.00925275 0.025928 0.0243373
0.00478592 250 3176.5 0.020467 -0.0246158 -0.012875
0.00793959 260 3177.5 0.00117688 -0.0465323 -0.00382219
0.00566301 270 3178.5 0.00230632 0.0108041 0.00415847
0.0096017 280 3179.5 0.00314099 0.0240191 0.0153159
0.00796907 290 3180.5 0.00144027 -0.00487543 -0.0161853
0.00260817 300 3181.5 0.00198885 0.0219137 -0.00438867
0.0032734 310 3182.5 0.00302393 0.0117791 0.00331735
0.0117989 320 3183.5 0.00467718 -0.0200123 -0.00171377
0.000910837 330 3184.5 0.00556123 0.00764246 0.00806296
0.00912173 340 3185.5 0.00497923 0.017144 0.00386425
0.00186933 350 3186.5 0.008144 -0.0050118 0.0157209
0.000931919 360 3187.5 0.0141039 -0.00606679 -0.0210698
0.00721754 370 3188.5 0.00484963 -0.00128918 -0.00862304
0.00103979 380 3189.5 0.00351751 0.00822395 -0.00425301
0.00246365 390 3190.5 0.00958109 -3.99884e-05 0.00900717
0.00163575 400 3191.5 0.0177769 0.0216175 -0.0141346
0.00929099 410 3192.5 0.00924297 0.0141124 0.0133666
0.00361414 420 3193.5 0.00706857 0.0166684 -0.00390305
0.00292428 430 3194.5 0.00895971 -0.0139193 0.0177066
0.00209732 440 3195.5 0.00148065 0.0152517 0.00790023
0.0101415 450 3196.5 0.00620265 -0.00748421 -0.0153264
0.006034 460 3197.5 0.00477923 0.0685406 0.0152214
0.00553796 470 3198.5 0.0056721 0.0334306 0.00580765
0.00533383 480 3199.5 0.0110681 -0.00599881 0.00307152
0.00223894 490 3200.5 0.00278221 0.00821275 0.000125581
0.00105346 500 3201.5 0.00841613 0.000660997 0.0186281
0.00470164 510 3202.5 0.0224323 -0.0416287 -0.0195934
0.00549977 520 3203.5 -0.00108352 -0.0347441 0.0132876
0.00124096 530 3204.5 0.00482613 0.0258044 -0.0017223
0.00630992 540 3205.5 0.0133923 -0.0147143 0.0137183
0.00173068 550 3206.5 0.0091664 -0.00691684 0.0266418
0.00120194 560 3207.5 0.0029733 0.00662094 -0.00120727
0.000712694 570 3208.5 0.00775669 -0.00422257 0.0244604
0.000973705 580 3209.5 0.00523382 0.00991263 0.00706861
0.00884663 590 3210.5 -0.00160735 0.000268586 -0.018397
0.00710819 600 3211.5 0.00261937 -0.0281735 0.00288157
0.00074554 610 3212.5 -0.00153015 0.0115404 -0.00571102
0.00336389 620 3213.5 0.0214326 -0.0442858 0.0140082
0.00586123 630 3214.5 0.0239265 -0.0225389 -0.0105682
0.0143509 640 3215.5 0.0128487 -0.0208336 0.011037
0.00303054 650 3216.5 0.00559391 -0.00930938 0.0161955
0.00148043 660 3217.5 0.00568439 0.0145402 0.0122433
0.00165444 670 3218.5 0.00389837 0.0161551 -0.00574241
0.00151517 680 3219.5 0.00206038 0.00899774 0.00205181
0.00197763 690 3220.5 0.00451462 -0.00775218 0.0142221
0.00261988 700 3221.5 0.00516532 0.0147082 0.00198479
0.0055832 710 3222.5 0.0012432 0.00516409 -0.00251071
0.00408519 720 3223.5 0.0016267 0.0217598 0.00140107
0.000781989 730 3224.5 0.00620542 0.0145782 0.00569981
0.00225724 740 3225.5 0.00378684 0.0150611 0.00499722
0.00615105 750 3226.5 0.00253474 0.0159954 5.66033e-05
0.00104588 760 3227.5 0.00828146 -0.00516179 0.0316307
0.0032922 770 3228.5 0.00915183 -0.00355163 0.0166086
0.00326118 780 3229.5 0.000152861 0.0571898 -0.0089856
0.00116562 790 3230.5 0.00792387 -0.00446805 0.0184348
0.00212376 800 3231.5 0.00578923 0.0273523 0.00836216
0.0121242 810 3232.5 0.0124282 -0.0061788 0.0183758
0.00757796 820 3233.5 9.64375e-05 0.0199436 -0.00861284
0.0013118 830 3234.5 0.00542594 0.0107228 0.00536879
0.00508217 840 3235.5 0.037307 -0.0379539 -0.0031768
0.00550564 850 3236.5 0.0148426 0.112601 0.0109602
0.00441818 860 3237.5 0.00848636 -0.00908182 0.000944754
0.00234042 870 3238.5 0.00428957 0.00166351 0.00635415
0.00326376 880 3239.5 0.00723818 0.0189194 0.0224522
0.00704548 890 3240.5 0.00704903 0.0144269 0.0128532
0.00170609 900 3241.5 0.00663361 -0.00185838 0.0145533
0.00713384 910 3242.5 0.0029751 0.0246944 -0.00146865
0.00149985 920 3243.5 0.0304461 -0.0466433 0.00210547
0.00525938 930 3244.5 0.00571588 0.027267 0.00388903
0.00074523 940 3245.5 0.00571777 0.000761841 0.00702589
0.00558081 950 3246.5 0.0112242 -0.0232553 -0.00617549
0.00146577 960 3247.5 0.00674911 -0.0144204 0.012827
0.000921163 970 3248.5 0.0059057 0.00402337 0.0100528
0.0122583 980 3249.5 0.00811878 -0.0257895 -0.0118993
0.00111146 990 3250.5 0.00115252 0.0117178 0.00348782
0.00608116 1000 3251.5 0.00461622 -0.0201867 0.00139919
0.0103836 1010 3252.5 0.00386197 0.00186279 -0.00583156
0.00283204 1020 3253.5 0.00661253 0.00883766 0.00907765
0.00275063 1030 3254.5 0.00350396 -0.00180139 -0.00203843
0.0137949 1040 3255.5 0.00817056 -0.0139377 0.0527269
0.00665067 1050 3256.5 0.00498806 0.0260892 -0.00355615
0.00463052 1060 3257.5 0.00252089 0.0143697 0.00690793
0.010404 1070 3258.5 0.00490769 -0.00457915 -0.00256632
0.00379751 1080 3259.5 0.00693297 0.0249305 0.00876426
0.00123909 1090 3260.5 0.00718178 0.011195 0.0089475
0.00448912 1100 3261.5 0.00355979 0.0340985 0.00516109
0.00638043 1110 3262.5 0.00607784 0.0206296 0.00912711
0.00237972 1120 3263.5 0.0170513 -0.0160793 -0.00297981
0.00462426 1130 3264.5 0.00271462 0.0195302 0.00939436
0.000509758 1140 3265.5 0.000252131 0.00862134 0.00235907
0.00306748 1150 3266.5 0.0024346 0.0271627 0.00508826
0.00122778 1160 3267.5 0.00634826 0.0107702 0.0127244
0.00140268 1170 3268.5 0.00750207 -0.0169169 0.022262
0.00227847 1180 3269.5 0.00370839 0.0228386 0.0133388
0.0117119 1190 3270.5 0.0236313 -0.0127427 0.015469
0.0028976 1200 3271.5 0.00406983 -0.0057282 -0.0137774
0.00156068 1210 3272.5 0.00417326 0.0255067 0.00812785
0.00190267 1220 3273.5 0.00337023 0.0232087 -0.0030575
0.00426269 1230 3274.5 0.00596552 -0.00549169 0.0184031
0.00108353 1240 3275.5 -0.0010607 0.00813119 -0.017938
0.00537696 1250 3276.5 0.00412757 0.000579409 0.00680782
0.00473298 1260 3277.5 0.00526958 -0.00354233 0.00617022
0.00943321 1270 3278.5 0.00609879 -0.0237969 -0.00734798
0.00136451 1280 3279.5 0.00533388 0.0158149 0.0139831
0.00836756 1290 3280.5 0.00279584 -0.0249194 -0.0112623
0.00226742 1300 3281.5 0.0045757 0.0118967 0.00448708
0.00683977 1310 3282.5 0.00912264 0.0221509 0.0210545
0.0017695 1320 3283.5 0.00470353 0.0221462 0.00665471
0.0115016 1330 3284.5 0.00682144 -0.0335483 -0.013466
0.0106775 1340 3285.5 0.00645312 -0.02549 -0.00864729
0.00248962 1350 3286.5 0.0198962 -0.042985 -0.00761745
0.00183471 1360 3287.5 0.00863281 -0.0454602 0.00111218
0.00134797 1370 3288.5 0.00390681 0.0125449 0.00448311
0.00315618 1380 3289.5 0.0105643 0.00943476 -0.00753614
0.00123196 1390 3290.5 0.00255581 0.0170165 0.00680197
0.00193053 1400 3291.5 0.0158107 -0.0163927 0.0419165
0.000548093 1410 3292.5 0.00438937 0.0089045 -0.00407221
0.00878739 1420 3293.5 0.0198275 -0.0383212 -0.00709097
0.0049032 1430 3294.5 0.00432091 0.00648691 0.0163832
0.00662084 1440 3295.5 0.00836075 -0.0464587 -0.00330371
0.00696818 1450 3296.5 0.00733137 -0.0131291 0.00643148
0.00236765 1460 3297.5 0.00455362 0.0365117 -0.0018813
0.00497605 1470 3298.5 0.0237645 0.106834 -0.0354737
0.00521508 1480 3299.5 0.00477576 0.0201421 0.0112708
0.00503367 1490 3300.5 0.00272357 -0.0230645 -0.0114883
0.00884348 1500 3301.5 0.00518955 -0.0172677 0.00470922
0.00787163 1510 3302.5 0.00476408 0.013018 -0.000226708
0.000668609 1520 3303.5 0.0216587 0.0350627 -0.0727838
0.00113102 1530 3304.5 0.00233682 0.0106156 0.00141754
0.00327699 1540 3305.5 0.0124812 -0.0326096 0.0233837
0.0039663 1550 3306.5 0.00718633 0.00902161 0.0116354
0.00328364 1560 3307.5 0.00293433 0.00979233 0.00134801
0.00281551 1570 3308.5 0.00723858 -0.0464115 0.00667664
0.0032782 1580 3309.5 0.00574278 0.0134217 0.00415281
0.00138207 1590 3310.5 0.0062634 0.00151401 0.00557888
0.00209693 1600 3311.5 0.00721217 0.0129689 -0.0115449
0.00727519 1610 3312.5 0.00601239 -0.00392365 0.000935899
0.00393134 1620 3313.5 0.00673235 -0.0302708 -0.00480161
0.00188239 1630 3314.5 0.00487168 0.0088183 0.0109992
0.00493331 1640 3315.5 0.00778238 -0.000317185 0.0121213
0.00474442 1650 3316.5 0.00529208 -0.00225972 0.00348464
0.00355618 1660 3317.5 0.00784791 -0.0132116 0.010411
0.00164223 1670 3318.5 0.00408107 0.00393437 0.00832439
0.00361548 1680 3319.5 0.039528 -0.0583956 -0.0130891
0.000828914 1690 3320.5 0.00589791 0.0129311 0.00808129
0.00315144 1700 3321.5 0.00314553 0.0189465 0.00220955
0.004848 1710 3322.5 0.0250472 0.00123161 0.0872115
0.00722108 1720 3323.5 0.00806043 -0.00123116 0.0116035
0.00398859 1730 3324.5 0.00204498 0.0212262 0.000505622
0.00211157 1740 3325.5 0.00439149 0.0350913 0.00533855
0.00300662 1750 3326.5 0.0053564 0.00574268 0.00659317
0.00124122 1760 3327.5 0.00563717 0.0100698 0.0130237
0.00167887 1770 3328.5 0.0179668 -0.00131741 -0.00599303
0.00177444 1780 3329.5 0.00760012 -0.0150378 0.0222802
0.00283409 1790 3330.5 -0.00187096 0.000282041 -0.0104607
0.00222782 1800 3331.5 0.00432849 0.0243823 0.00290177
0.00150675 1810 3332.5 0.0108939 0.0133261 -0.00329544
0.00906081 1820 3333.5 0.00341943 0.00399568 0.000911131
0.00249528 1830 3334.5 0.0101431 0.0204132 -0.00818495
0.00454541 1840 3335.5 0.00267611 0.0339952 0.00122273
0.00559913 1850 3336.5 0.0049145 0.0180188 0.000390611
0.00296551 1860 3337.5 0.0356278 0.0435144 -0.0368614
0.0121598 1870 3338.5 0.0296509 0.149546 -0.0146639
0.00644425 1880 3339.5 0.00484364 -0.00645336 -0.00755809
0.0034003 1890 3340.5 0.0175252 -0.0144011 0.000853466
0.00565172 1900 3341.5 0.00580403 0.0324763 0.0031759
0.00278078 1910 3342.5 0.00666727 -0.0108369 0.0221484
0.00179976 1920 3343.5 0.00607199 0.0216678 0.0132448
0.00534121 1930 3344.5 0.0103209 0.0427814 0.0102885
0.010833 1940 3345.5 0.00453236 -0.00362606 0.00802709
0.00133192 1950 3346.5 0.00605948 0.0276367 0.00885076
0.00114073 1960 3347.5 0.0222612 -0.00429302 -0.00875464
0.00293693 1970 3348.5 0.00576291 -0.0226594 0.0176437
0.00380055 1980 3349.5 0.00178888 0.0013973 0.000758003
0.000870104 1990 3350.5 0.00403872 -0.0260338 0.0231958
0.00745 2000 3351.5 0.00383559 0.0418817 0.0125463
0.00773548 2010 3352.5 0.00528443 -0.0177466 0.0102594
0.00325545 2020 3353.5 0.00809122 -0.00161918 0.0036583
0.0092645 2030 3354.5 0.00538183 0.0184317 -0.000747047
0.00536967 2040 3355.5 0.00882689 0.00057189 0.0166689
0.0050069 2050 3356.5 0.00398296 0.00795222 -0.00664536
0.00321583 2060 3357.5 -0.0161696 0.0742217 -0.0340255
0.017248 2070 3358.5 0.00321455 0.0375988 0.0320331
0.00265318 2080 3359.5 0.00756814 0.00451703 9.6626e-05
0.0119791 2090 3360.5 0.00599732 0.00689106 0.0121047
0.000657499 2100 3361.5 0.00392965 0.0076593 0.00196884
0.0062041 2110 3362.5 0.0110215 -0.0134683 -0.00296673
0.00107879 2120 3363.5 0.000236394 0.02172 -0.0102093
0.0034619 2130 3364.5 0.00306942 0.0251202 -0.00392171
0.00758426 2140 3365.5 0.010682 -0.00640344 0.00978419
0.0023044 2150 3366.5 0.00503523 0.00652039 -0.000125776
0.00216238 2160 3367.5 0.00116729 0.0604376 -0.0217469
0.00454856 2170 3368.5 0.00370558 0.0184206 -0.00355233
0.00674656 2180 3369.5 0.00459292 -0.00156545 0.0156022
0.00391249 2190 3370.5 0.012357 -0.0375529 0.00744992
0.00741023 2200 3371.5 -0.00381029 0.0755115 -0.0133373
0.00559523 2210 3372.5 0.00485703 0.0149643 0.0114121
0.00182876 2220 3373.5 0.00652877 0.0487453 -0.0163702
0.00510488 2230 3374.5 0.00581335 -0.0141672 0.0102258
0.0014868 2240 3375.5 0.0181772 0.0135518 0.0450559
0.000927318 2250 3376.5 0.0196997 -0.00355573 0.00137293
0.00583436 2260 3377.5 0.00181825 -0.0122115 -0.00350968
0.00378199 2270 3378.5 0.00463523 0.0228394 -0.00392416
0.00210828 2280 3379.5 0.00772001 0.0216797 0.0148514
0.00536277 2290 3380.5 0.0154223 0.0131051 -0.0139092
0.00672024 2300 3381.5 0.00374253 0.021506 0.00527458
0.00524679 2310 3382.5 0.0101492 0.0236389 0.0132514
0.0020642 2320 3383.5 0.0168571 -0.00740171 -0.0162677
0.00756389 2330 3384.5 0.00455004 0.0235909 0.00582229
0.00336441 2340 3385.5 0.00149423 -0.0284755 -0.00807283
0.00380002 2350 3386.5 0.00553816 0.0194565 0.00407755
0.00635006 2360 3387.5 0.0063147 -0.000128386 0.0141234
0.000870951 2370 3388.5 0.00355497 0.0123116 0.0182915
0.00656792 2380 3389.5 0.0200328 0.109968 0.00998787
0.00128158 2390 3390.5 0.00377124 0.0164356 0.00403822
0.00677656 2400 3391.5 0.00493317 -0.0157208 0.0113032
0.000486319 2410 3392.5 0.0406836 -0.052279 -0.0633236
0.00304063 2420 3393.5 0.00571354 0.00158804 -0.00184219
0.00554691 2430 3394.5 -0.00129996 0.0169933 -0.00967266
0.00141207 2440 3395.5 0.00333501 0.00811537 0.0240536
0.0024951 2450 3396.5 0.0270626 -0.049715 -0.0164838
0.00301799 2460 3397.5 0.0125088 0.065791 0.00895482
0.00104291 2470 3398.5 0.000967009 -0.0104629 -0.0169492
0.00267696 2480 3399.5 0.00906923 0.0251236 -0.00754851
0.00239355 2490 3400.5 0.00634105 0.0242169 0.00269383
0.00148154 2500 3401.5 0.0133337 -0.00352599 0.00967734
0.00313084 2510 3402.5 0.00467892 0.0183592 0.00585371
0.00097858 2520 3403.5 0.00957529 0.0236392 0.0142611
0.00748553 2530 3404.5 0.00655081 0.0463687 0.0257147
0.00381415 2540 3405.5 0.00263494 0.0352701 0.00267943
0.00390896 2550 3406.5 0.0144905 0.0382461 -0.0241484
0.00183657 2560 3407.5 0.00213779 0.0179443 -0.00287264
0.00472148 2570 3408.5 0.00721859 -0.00341924 0.0155747
0.0014916 2580 3409.5 0.00723755 0.0025768 0.0133339
0.00412343 2590 3410.5 0.0167 -0.00708644 -0.00729043
0.00177948 2600 3411.5 0.016536 0.00455406 -0.000520592
0.00723782 2610 3412.5 0.00454713 0.0107225 0.000796976
0.000813991 2620 3413.5 0.00532382 0.0130159 0.00601106
0.00477205 2630 3414.5 0.00506492 0.0186863 0.00759043
0.00263985 2640 3415.5 0.00746128 0.0125173 0.0161436
0.00132212 2650 3416.5 0.0023961 -0.00581983 0.013213
0.000853592 2660 3417.5 0.00605134 -0.00201049 0.0298029
0.000476626 2670 3418.5 0.0303653 0.0284573 -0.0626532
0.00732451 2680 3419.5 0.00137603 0.0681953 0.00368685
0.00138945 2690 3420.5 0.00720079 -0.0114107 -0.00841464
0.0026414 2700 3421.5 0.0056166 -0.0366344 0.0380186
0.00243638 2710 3422.5 0.00314877 -0.00195201 -0.00301292
0.00167293 2720 3423.5 0.00463688 0.0210809 0.00619349
0.00178356 2730 3424.5 0.00665198 -0.0112974 0.0164943
0.0021557 2740 3425.5 0.00136131 -0.0120456 -0.00951606
0.00476279 2750 3426.5 0.0280257 -0.001902 0.0418965
0.00283683 2760 3427.5 0.00928535 -0.0477383 0.0114674
0.00717243 2770 3428.5 0.00599501 0.0274955 0.00647248
0.0031683 2780 3429.5 0.00856059 -0.0409107 -0.0023439
0.00962365 2790 3430.5 0.00994788 0.0123347 0.00657462
0.00809026 2800 3431.5 0.00690357 0.0310747 0.00485398
0.00219073 2810 3432.5 0.00669016 -0.0217163 0.0209644
0.00866894 2820 3433.5 0.00407399 0.0225989 0.0014189
0.00236047 2830 3434.5 0.00449104 0.0284601 0.0137585
0.00499631 2840 3435.5 0.00496473 0.0164392 0.0107886
0.00761244 2850 3436.5 0.00561253 0.0125656 0.00443671
0.000542192 2860 3437.5 0.00862595 0.0120795 0.012285
0.00169685 2870 3438.5 0.00402642 0.0215409 0.00264554
0.00118996 2880 3439.5 0.00372819 0.0253736 0.0168983
0.00157964 2890 3440.5 0.00647933 0.0292444 0.0158176
0.0024562 2900 3441.5 0.0019185 0.0231073 0.00393577
0.000722795 2910 3442.5 0.00416303 0.0203651 -0.00503719
0.00152544 2920 3443.5 0.00653822 0.0169547 0.00702705
0.00563624 2930 3444.5 0.0085772 -0.00539655 0.000956318
0.00414168 2940 3445.5 0.00838707 -0.0148765 0.0197135
0.00147619 2950 3446.5 0.00446323 0.0538071 0.0197742
0.00256551 2960 3447.5 0.00882268 -0.0451453 0.0274901
0.0124471 2970 3448.5 0.0166593 0.0901052 -0.0320981
0.00146414 2980 3449.5 0.0162294 -0.0401175 -0.0121206
0.00350171 2990 3450.5 0.000957266 -0.00884504 -0.00226644
0.00119417 3000 3451.5 0.00561602 0.0113851 0.00597702
0.0017178 3010 3452.5 0.00312513 0.0100749 0.00543027
0.00250457 3020 3453.5 0.00763411 -0.0283245 0.0163888
0.00236245 3030 3454.5 0.0094646 -0.0433442 0.00127583
0.00570855 3040 3455.5 0.00603041 -0.0168629 -0.00559378
0.00127865 3050 3456.5 -0.000861972 -0.0035426 0.0144928
0.00537226 3060 3457.5 0.00839619 0.0231954 0.00486577
0.0017791 3070 3458.5 0.00315536 0.0174923 -0.00281136
0.00435299 3080 3459.5 0.00268839 0.0203576 0.00269229
0.00163656 3090 3460.5 0.00460656 0.000482872 0.00964878
0.00374672 3100 3461.5 0.0222552 -0.0241937 -0.0137786
0.00502203 3110 3462.5 0.00897452 0.0307079 0.0121482
0.00233838 3120 3463.5 0.00597592 0.0429962 -6.96226e-05
0.00319385 3130 3464.5 0.0057305 0.0239332 0.00882524
0.00274076 3140 3465.5 0.00777323 -0.00498518 0.0119501
0.00756705 3150 3466.5 0.00774421 -0.0143766 0.0049064
0.00572931 3160 3467.5 0.00215138 0.0353497 0.00901388
0.00503679 3170 3468.5 0.00672736 0.00254071 0.00743316
0.00435222 3180 3469.5 0.00286311 0.030925 0.0044686
0.0028379 3190 3470.5 0.0085778 0.0328164 -0.00389681
0.00332811 3200 3471.5 0.00664968 0.0285458 0.0122069
0.00737944 3210 3472.5 0.00415293 0.0113831 -0.00360013
0.00826017 3220 3473.5 0.000996767 0.0442292 -0.00140956
0.000919088 3230 3474.5 0.00425489 0.0121172 0.00592193
0.00319408 3240 3475.5 0.0052938 0.0156401 0.0102537
0.00203297 3250 3476.5 0.00418357 0.0208599 0.0138538
0.00140831 3260 3477.5 0.00379116 0.0290201 -0.0026662
0.00680537 3270 3478.5 0.00587253 -0.0226488 -0.00339501
0.00621305 3280 3479.5 0.00488245 0.0165204 -0.00213999
0.00355264 3290 3480.5 0.00641909 -0.00797509 0.0104597
0.00616672 3300 3481.5 0.00793344 -0.0109911 0.00330174
0.00196739 3310 3482.5 0.0049457 0.00212712 0.0150063
0.0138114 3320 3483.5 0.0445562 0.16247 -0.0802401
0.00204808 3330 3484.5 0.00699991 0.0216188 0.00996973
0.00189229 3340 3485.5 0.00262354 0.00849109 -0.000517509
0.00503877 3350 3486.5 0.00349928 0.00305207 0.000987259
0.00881528 3360 3487.5 -0.000948626 -0.00796511 0.0137089
0.00372484 3370 3488.5 0.00546034 0.0091436 0.0106961
0.00117589 3380 3489.5 0.00434531 0.0131659 0.000786783
0.00417731 3390 3490.5 0.00822665 -0.0159919 0.00464695
0.00122751 3400 3491.5 0.00450047 0.0149639 0.0157217
0.00439289 3410 3492.5 0.00146083 0.0166743 -0.00219418
0.00276129 3420 3493.5 0.00516087 -0.0202882 0.0200377
0.00865927 3430 3494.5 0.00336221 -0.00696167 -0.0152195
0.000718396 3440 3495.5 0.000552416 0.0174394 0.00485545
0.00382043 3450 3496.5 0.00574704 0.0207578 0.00117787
0.00657361 3460 3497.5 0.00153812 0.125254 -0.0181785
0.00703507 3470 3498.5 0.00145655 0.00229895 -0.00278065
0.00166969 3480 3499.5 0.00546535 0.0284035 0.00229737
0.000876402 3490 3500.5 0.00398828 0.0156313 0.00327419
0.00234122 3500 3501.5 0.00549235 -0.00200612 0.00526499
0.00168085 3510 3502.5 0.00611151 -0.00132223 0.0169657
0.00961084 3520 3503.5 0.0054899 -0.01881 0.00571366
0.0020675 3530 3504.5 0.00516682 0.012074 0.0115178
0.00640631 3540 3505.5 0.0047588 0.0280619 0.00128103
0.00326734 3550 3506.5 0.00269674 0.022816 0.00328637
0.00389238 3560 3507.5 0.00355985 0.0214779 -0.00727786
0.0055242 3570 3508.5 0.00526876 -0.00225311 -0.00164589
0.00228622 3580 3509.5 -0.00364506 0.00666014 -0.00989295
0.00322959 3590 3510.5 0.00293384 0.0123654 0.0035684
0.00871874 3600 3511.5 0.00230268 0.0484443 0.00836165
0.00326885 3610 3512.5 0.0220506 -0.0238425 0.00838768
0.00130462 3620 3513.5 0.00594596 -0.0118252 0.0125185
0.00142379 3630 3514.5 0.00800645 0.0360857 0.0114125
0.00728173 3640 3515.5 0.00171506 -0.00123683 -0.017678
0.0010464 3650 3516.5 0.0384669 -0.000507129 -0.0257335
0.00515852 3660 3517.5 0.00484443 0.0107063 -0.002327
0.00079854 3670 3518.5 0.00368918 0.00534981 0.0163594
0.000941296 3680 3519.5 0.00596754 0.0037895 0.0154949
0.00734832 3690 3520.5 0.00332245 0.00102897 0.0101133
0.00540981 3700 3521.5 0.000843409 -0.012528 -0.0095457
0.00399398 3710 3522.5 0.0633023 0.0261256 0.116633
0.00471651 3720 3523.5 0.0274701 0.121329 -0.0539823
0.00136936 3730 3524.5 0.00491285 0.0301731 0.0170481
0.00284706 3740 3525.5 0.00846326 0.00571741 0.0149238
0.00607596 3750 3526.5 0.00974988 -0.00492265 0.0181579
0.00224039 3760 3527.5 0.00871669 0.0268694 0.0197655
0.0111267 3770 3528.5 0.00853087 0.0220169 0.0187709
0.00471874 3780 3529.5 0.00526701 -0.00288633 0.00530255
0.00138039 3790 3530.5 0.00173988 -0.00165496 0.00634927
0.00269106 3800 3531.5 0.00216874 -0.0377651 0.0369629
0.00690328 3810 3532.5 0.00302405 0.0217804 -0.00133108
0.00571045 3820 3533.5 0.00333759 0.0102755 0.00632315
0.000384059 3830 3534.5 0.00300885 -0.0156103 -0.0180392
0.00251229 3840 3535.5 0.00731223 -0.0138629 0.0104702
0.00885387 3850 3536.5 0.00558218 0.0262264 0.0271562
0.0114 3860 3537.5 0.00630185 -0.0118228 0.00618926
0.000961904 3870 3538.5 0.00454989 0.00845522 0.00322317
0.00395054 3880 3539.5 0.00456044 0.0288904 0.00998351
0.0064466 3890 3540.5 0.00119721 -0.0179424 0.0200469
0.000704964 3900 3541.5 0.00239248 0.00123025 0.00314856
0.00499786 3910 3542.5 0.0167273 -0.0106258 -0.000982799
0.0024144 3920 3543.5 0.0136815 0.0164434 -0.00677591
0.00413658 3930 3544.5 0.00494368 0.0206331 0.013664
0.00930786 3940 3545.5 0.00372475 0.0198412 -0.00228038
0.00132524 3950 3546.5 0.0024851 0.00488729 -0.0147813
0.00448015 3960 3547.5 0.0060493 -0.00410819 0.0101961
0.00623061 3970 3548.5 0.00574944 0.0799212 -0.00272399
0.00615346 3980 3549.5 0.0210107 -0.0389843 -0.0146736
0.000653502 3990 3550.5 0.00484773 0.0217833 0.00215181
0.00585551 4000 3551.5 0.00333923 0.0497781 0.00243915
0.00169305 4010 3552.5 0.00643849 0.0163264 0.00202296
0.00944032 4020 3553.5 0.0103748 0.00689024 0.0182215
0.00379906 4030 3554.5 0.00693927 -0.021808 0.0118723
0.00670811 4040 3555.5 0.00343297 0.0133685 -0.00245319
0.00325255 4050 3556.5 0.0114435 -0.0435599 -0.0233177
0.000852834 4060 3557.5 0.0125036 -0.00563624 -0.0080399
0.000581556 4070 3558.5 0.00166419 0.00984681 -0.000667923
0.00966326 4080 3559.5 0.00282604 -0.026768 -0.020575
0.00253837 4090 3560.5 0.0102017 0.0128366 0.00363829
0.0056164 4100 3561.5 0.00410962 0.0137253 0.00490109
0.00656455 4110 3562.5 0.00980116 -0.017018 0.0363747
0.0065514 4120 3563.5 0.00214045 0.0125309 8.42979e-05
0.00920572 4130 3564.5 0.00953996 -0.014604 0.00584201
0.00157982 4140 3565.5 0.0165827 -0.054493 0.00935602
0.00614488 4150 3566.5 0.0147508 -0.0288469 0.00831672
0.00494087 4160 3567.5 0.00989252 0.00144363 0.0202708
0.00663278 4170 3568.5 0.0153568 -0.027836 -0.00230672
0.00218167 4180 3569.5 0.00140305 0.0251564 -0.00800066
0.0012761 4190 3570.5 0.00160949 0.00809731 -0.00770417
0.00638199 4200 3571.5 0.00902495 0.00108942 0.0146302
0.020609 4210 3572.5 0.00526284 -0.0255551 0.00168903
0.00300398 4220 3573.5 0.00772808 -0.00267551 0.000937649
0.0043307 4230 3574.5 0.00760765 0.00470653 0.0121942
0.00172517 4240 3575.5 0.00300705 0.0137059 -0.00347221
0.00246039 4250 3576.5 0.00213351 0.0255229 -0.00460019
0.00198678 4260 3577.5 0.0076191 0.00742274 0.0132804
0.00433915 4270 3578.5 0.00269014 0.0284255 -0.00920611
0.00498061 4280 3579.5 0.0114738 0.105555 -0.00088864
0.00226628 4290 3580.5 0.0252257 0.0115346 -0.0234917
0.00684845 4300 3581.5 -0.00156575 -0.0101609 0.0160559
0.00583792 4310 3582.5 -0.0176317 0.0701411 -0.0152613
0.00324311 4320 3583.5 0.00408772 0.00323623 0.000759762
0.00744634 4330 3584.5 0.00309611 -0.0041814 -0.0153802
0.0036676 4340 3585.5 0.00321228 0.0225985 -0.00411342
0.000697958 4350 3586.5 0.00958711 0.0227557 -0.0175328
0.00464989 4360 3587.5 0.0167194 -0.0182861 0.00444062
0.00132877 4370 3588.5 0.00162567 0.0248148 -0.00309865
0.00261007 4380 3589.5 0.0105614 0.0127787 0.0244495
0.00867821 4390 3590.5 0.00292535 0.000276747 -0.00941255
0.00156203 4400 3591.5 0.00332666 0.0186475 -0.00791786
0.00594081 4410 3592.5 0.00211417 0.0105521 0.0112212
0.00348445 4420 3593.5 0.00913061 0.0683779 0.0023278
0.00180096 4430 3594.5 0.00242836 0.0276018 -0.00677667
0.00217464 4440 3595.5 0.00751318 0.00708857 0.0152335
0.00426889 4450 3596.5 0.00881354 0.00322768 0.00646396
0.000581509 4460 3597.5 0.00325234 0.0203847 0.00399831
0.000953812 4470 3598.5 0.0074886 -0.00495336 -0.0308313
0.00604884 4480 3599.5 0.00540958 0.00784892 0.0075173
0.00239545 4490 3600.5 0.00126258 0.00406094 -0.00667911
0.00238336 4500 3601.5 0.00531241 0.0233647 0.00191516
0.00785307 4510 3602.5 0.00519647 0.0230121 0.00251175
0.0154456 4520 3603.5 0.00368267 0.0669801 0.00617511
0.00362759 4530 3604.5 0.00550561 0.033332 0.00166285
0.00446092 4540 3605.5 0.00690108 0.0136971 0.0110441
0.00504017 4550 3606.5 0.00426386 0.0142034 0.00846824
0.000678956 4560 3607.5 0.00786203 0.0102979 0.00833713
0.00556727 4570 3608.5 0.00525074 -0.00901826 0.0013223
0.00118029 4580 3609.5 0.00512481 0.0291367 0.00780365
0.00556439 4590 3610.5 -0.00173602 0.0529898 -0.000457369
0.00297538 4600 3611.5 0.00449245 0.0174593 0.0104707
0.00217841 4610 3612.5 0.00786105 0.0419144 0.0159994
0.00226303 4620 3613.5 0.0106338 -0.0316666 0.0276332
0.00148674 4630 3614.5 0.00454631 -0.00385677 0.00641657
0.000643008 4640 3615.5 0.00415954 0.0131855 0.00420353
0.00315896 4650 3616.5 0.00975504 -0.00112719 0.0147409
0.00511985 4660 3617.5 0.00266614 0.0135365 0.0132569
0.00703615 4670 3618.5 0.00619162 0.0283276 -0.000485779
0.00209501 4680 3619.5 0.00577678 0.017772 0.00887063
0.00888633 4690 3620.5 0.00226248 -0.000683916 -0.00885177
0.00405939 4700 3621.5 0.00699661 0.0410466 0.0319772
0.000166229 4710 3622.5 0.00564872 0.0250145 0.0118275
0.00815627 4720 3623.5 0.0152098 0.0264213 -0.00398164
0.0094964 4730 3624.5 0.00563974 0.000296452 0.0010854
0.00425531 4740 3625.5 0.525592 0.0239263 -0.0978936
0.00387827 4750 3626.5 0.00498787 0.0289765 0.00246349
0.00124398 4760 3627.5 0.0011667 0.023765 0.00607037
0.00811534 4770 3628.5 0.0210683 0.0106737 0.0737102
0.00846149 4780 3629.5 0.00775964 -0.0418519 -0.01838
0.00395554 4790 3630.5 0.00236291 0.0269992 0.00391493
0.00125328 4800 3631.5 0.00551679 -0.00245958 0.0111066
0.00511445 4810 3632.5 0.00683176 -0.0171255 0.0124024
0.00826983 4820 3633.5 0.00604986 0.0203616 0.00598079
0.00245622 4830 3634.5 0.00596097 0.0283265 0.00486034
0.00542186 4840 3635.5 0.0136698 0.0301745 0.0235753
0.00601788 4850 3636.5 0.0163093 -0.0284608 0.0133246
0.00916672 4860 3637.5 0.0100354 -0.0298389 0.00765312
0.00959815 4870 3638.5 0.00700417 -0.0144389 -0.00412939
0.00398261 4880 3639.5 0.00584106 -0.00671227 0.0103268
0.00244057 4890 3640.5 0.00210204 0.0390338 0.0056779
0.00530612 4900 3641.5 0.00634474 -0.00535973 0.000821449
0.00291288 4910 3642.5 0.00705935 0.0235339 -0.00188278
0.00124101 4920 3643.5 0.00381013 0.0231777 0.00110326
0.00695975 4930 3644.5 0.00661776 -0.0284515 0.0117797
0.00131079 4940 3645.5 0.00218629 0.0169896 -0.00777609
0.00407484 4950 3646.5 0.00381059 0.0179218 -0.00325255
0.00736989 4960 3647.5 0.0112988 -0.00292393 0.0415774
0.00652139 4970 3648.5 0.00597375 0.00646485 -0.000260147
0.00167316 4980 3649.5 0.016119 0.00504659 0.00539794
0.00406397 4990 3650.5 0.0059985 0.0303766 -0.00423485
0.0064449 5000 3651.5 0.0299328 -0.060041 -0.0168134
0.00258396 5010 3652.5 0.00378931 -7.66884e-05 -0.0028563
0.00679357 5020 3653.5 0.0110969 -0.0147328 0.00270736
0.00507828 5030 3654.5 0.00556686 0.0184648 -0.00959243
0.00147508 5040 3655.5 0.00385297 0.0121784 0.0107278
0.00702918 5050 3656.5 0.00902621 -0.00149781 0.0159779
0.00588892 5060 3657.5 0.0202195 0.0965378 0.0270614
0.00372324 5070 3658.5 0.008555 -0.0148311 0.00716421
0.00632855 5080 3659.5 0.00753725 -0.00859838 0.0089701
0.00693211 5090 3660.5 0.00789426 -0.0179314 -0.00496236
0.00397034 5100 3661.5 -6.89303e-05 -0.0201598 0.031312
0.0013208 5110 3662.5 0.00986471 -0.00491299 0.0178408
0.0128649 5120 3663.5 0.00470269 -0.0175299 -0.0142521
0.00632059 5130 3664.5 0.00205339 0.0225565 -0.00524774
0.00721508 5140 3665.5 0.00424053 -0.00512232 -0.00229002
0.00584167 5150 3666.5 0.00807337 -0.0339507 -0.00176768
0.00278179 5160 3667.5 0.0011292 0.0278111 -0.0148392
0.00670671 5170 3668.5 0.00809751 -0.0263873 0.00096508
0.00729752 5180 3669.5 0.0015803 0.0745669 0.00538698
0.00357607 5190 3670.5 0.0137283 0.0160444 -0.00205267
0.00530002 5200 3671.5 0.0041356 0.0203704 -0.0015014
0.00482331 5210 3672.5 0.00209209 0.00326358 -0.00230409
0.0074013 5220 3673.5 0.00607245 0.0142366 -0.00356416
0.00489639 5230 3674.5 0.00846904 0.0128872 0.0205851
0.000859185 5240 3675.5 0.0032329 0.0152427 0.00268239
0.00628461 5250 3676.5 -0.000795387 0.0191697 -0.0196693
0.00337744 5260 3677.5 0.00150629 0.00561393 -0.00826811
0.00779978 5270 3678.5 0.00853845 0.10382 -0.0300593
0.00247053 5280 3679.5 0.00734677 0.00907006 0.00752354
0.00461151 5290 3680.5 0.00739835 -0.00555703 0.0182516
0.00160924 5300 3681.5 0.00298193 0.0236353 0.00069874
0.00295386 5310 3682.5 0.00895523 -0.00558845 0.0226991
0.00663499 5320 3683.5 0.00274188 0.0233001 -0.00716589
0.000591552 5330 3684.5 0.0152317 0.0456765 0.00343149
0.0034091 5340 3685.5 0.00473309 -0.00182067 0.0116267
0.00870456 5350 3686.5 0.0095993 0.0243581 0.0233859
0.00345021 5360 3687.5 0.00639468 0.0166974 0.00213886
0.00950623 5370 3688.5 0.00598601 0.00864012 0.0174753
0.00279677 5380 3689.5 0.00931394 -0.0070667 0.0193877
0.00065598 5390 3690.5 0.00405126 0.018934 -0.00263882
0.00958528 5400 3691.5 0.00705178 -0.00675756 0.00722865
0.0014138 5410 3692.5 0.00324379 0.0224278 0.000165796
0.00539698 5420 3693.5 0.00590389 0.0171801 0.000202553
0.0130871 5430 3694.5 0.00603289 0.017543 0.000997568
0.00149853 5440 3695.5 0.00988154 -0.0038772 0.00222557
0.00816151 5450 3696.5 0.0092193 -0.05078 0.00629424
0.00222663 5460 3697.5 0.00655711 0.00626306 0.00346806
0.00191276 5470 3698.5 0.0258739 -0.0101517 0.0817308
0.00646754 5480 3699.5 0.00406823 -0.0123746 -0.0161039
0.00418335 5490 3700.5 0.00176204 -0.0259937 -0.010491
0.00417495 5500 3701.5 0.003061 0.0196845 -0.000303372
0.00179868 5510 3702.5 0.0183248 -0.00451846 -0.00509256
0.00130547 5520 3703.5 0.0042425 0.0156212 0.00399061
0.00213777 5530 3704.5 0.00331018 0.0230199 0.0103049
0.00161971 5540 3705.5 0.0109585 -0.00195402 0.0144061
0.00862098 5550 3706.5 0.00041782 -0.00337494 -0.010074
0.0105321 5560 3707.5 -0.00369115 -0.00767104 0.0149381
0.00980751 5570 3708.5 0.0141008 0.173725 0.0100652
0.00423887 5580 3709.5 0.0115812 -0.00733605 0.0101214
0.0016209 5590 3710.5 0.00278929 -0.0186554 0.0128389
0.00558441 5600 3711.5 0.00359637 0.00980715 0.00829554
0.00542295 5610 3712.5 0.00647704 0.019566 0.0138698
0.0069281 5620 3713.5 0.00399637 -0.00509139 0.00200423
0.00198092 5630 3714.5 0.00472142 0.000351888 0.00989409
0.0064714 5640 3715.5 0.00777166 -0.0247339 0.00070716
0.00332983 5650 3716.5 0.0110101 -0.00817466 0.016358
0.00349623 5660 3717.5 0.00674826 -0.0138521 0.00288345
0.00117092 5670 3718.5 0.00834751 -0.00158581 0.00973261
0.000905959 5680 3719.5 0.00463056 0.0135201 0.00286022
0.00659196 5690 3720.5 0.00571993 0.0218446 0.0114426
0.0029779 5700 3721.5 0.00700515 -0.00934859 0.00875771
0.00127043 5710 3722.5 0.00402962 0.0322266 -0.00304545
0.00389678 5720 3723.5 0.00528336 -0.0101996 0.0153456
0.00493173 5730 3724.5 0.0049871 0.0192943 0.00718955
0.0045877 5740 3725.5 0.00693758 0.019036 0.00444676
0.00318264 5750 3726.5 0.0238111 0.0461245 0.0419786
0.00439202 5760 3727.5 0.00532246 0.0176722 0.00693411
0.00785193 5770 3728.5 0.0044568 0.0268796 -0.0117497
0.00261826 5780 3729.5 0.00247464 0.0166147 -0.0210787
0.00676309 5790 3730.5 0.00871095 -0.0185794 0.0174736
0.000529578 5800 3731.5 0.00471595 0.00856426 0.0282358
0.00202757 5810 3732.5 0.0103413 -0.0153169 0.0246335
0.00479956 5820 3733.5 0.00419388 -0.00603236 0.006865
0.0012258 5830 3734.5 0.00551822 0.0132258 0.0127159
0.00765189 5840 3735.5 0.00639173 0.0169917 -0.0024729
0.00550252 5850 3736.5 0.0059373 0.0159273 0.0069041
0.00107473 5860 3737.5 0.00842308 -0.00321408 0.0122036
0.00195577 5870 3738.5 0.0201361 -0.0101088 -0.00195404
0.00356807 5880 3739.5 0.00378793 0.0229888 -0.00249459
0.0033441 5890 3740.5 0.00776568 -0.00868502 0.0178097
0.00439403 5900 3741.5 0.0117123 0.0119694 0.00243776
0.00377916 5910 3742.5 0.00969796 -0.0152017 0.0135791
0.00145913 5920 3743.5 0.0138612 -0.0171961 0.0339636
0.00193667 5930 3744.5 0.00183228 0.0243818 0.00367337
0.0140447 5940 3745.5 0.00526716 0.0208185 -0.00427195
0.00215676 5950 3746.5 0.0194745 -0.0368825 -0.0156615
0.00148818 5960 3747.5 0.0068062 0.00654742 0.00810142
0.00714366 5970 3748.5 0.00117757 -0.01415 5.26238e-05
0.00657032 5980 3749.5 0.00486236 -0.00841415 -0.00273058
0.00279112 5990 3750.5 0.00158236 -0.00840942 0.00501784
0.00320786 6000 3751.5 0.0127415 0.0104659 0.00190047
0.0055958 6010 3752.5 0.00292687 -0.0374386 -0.00338205
0.00807916 6020 3753.5 0.00451843 0.0378049 0.0126174
0.00524366 6030 3754.5 0.00181952 0.0400618 -0.0118214
0.00566637 6040 3755.5 0.00378908 -0.0215966 -0.00445561
0.0113619 6050 3756.5 0.00511946 0.0100913 0.00691043
0.00120081 6060 3757.5 0.00503094 0.02748 0.00523473
0.0012956 6070 3758.5 0.00783876 0.0251366 0.0189213
0.00151047 6080 3759.5 0.0158049 -0.033519 -0.000657561
0.00507396 6090 3760.5 0.0055446 0.0596083 0.0148089
0.00126433 6100 3761.5 0.00400132 0.0209026 -0.00724271
0.00328691 6110 3762.5 0.00359316 0.0127856 0.0033681
0.0038539 6120 3763.5 0.0140225 -0.00957545 0.0304551
0.0021996 6130 3764.5 0.00353615 -0.00165167 -0.000178417
0.00731063 6140 3765.5 0.0178681 -0.00187571 0.00809665
0.0015022 6150 3766.5 0.0074889 -0.00718442 0.013118
0.0062635 6160 3767.5 0.0252647 0.0728 0.0230991
0.00215786 6170 3768.5 0.0160506 -0.0434282 0.00253117
0.000911679 6180 3769.5 0.00974917 0.00511328 0.0144397
0.00792248 6190 3770.5 0.010735 0.110691 -0.0268605
0.0014737 6200 3771.5 0.00918446 0.0229784 0.0220652
0.00137568 6210 3772.5 0.00987951 0.00849859 0.00629814
0.00960908 6220 3773.5 0.0117062 -0.0103742 0.0390238
0.00541215 6230 3774.5 0.00708559 0.0211297 0.00735202
0.00523198 6240 3775.5 0.0049729 -0.0230321 0.00490763
0.00292061 6250 3776.5 0.0228258 -0.0434263 -0.0126913
0.000499912 6260 3777.5 -0.00612647 0.0148253 -0.0324137
0.00597002 6270 3778.5 0.00871432 -0.030192 0.025365
0.00638419 6280 3779.5 0.0051026 0.0175945 -0.00408999
0.00304697 6290 3780.5 0.00391672 -0.000534999 0.014327
0.00269007 6300 3781.5 0.00393062 -0.00585637 0.00752188
0.00148231 6310 3782.5 0.00552598 0.00657931 0.0089942
0.00863374 6320 3783.5 0.0169137 0.0126961 0.000288746
0.0023259 6330 3784.5 0.0264857 0.0695288 -0.00305546
0.00352313 6340 3785.5 0.00669356 0.0417531 0.0302851
0.0076553 6350 3786.5 0.00955764 0.000702956 0.0099818
0.00229881 6360 3787.5 0.00488765 0.0374923 0.00651952
0.00831953 6370 3788.5 0.0243381 -0.0227462 0.0212074
0.00721294 6380 3789.5 0.00273041 0.00151485 0.000671296
0.00345478 6390 3790.5 0.000158772 0.0227444 -0.00525567
0.00341038 6400 3791.5 0.0124297 0.0145132 0.010802
0.00898873 6410 3792.5 0.000874511 -0.01852 -0.0148125
0.0029979 6420 3793.5 0.01838 -0.0476197 -0.00726836
0.00730506 6430 3794.5 0.00699405 -0.0304627 0.0128431
0.00436282 6440 3795.5 0.00545324 0.0178491 0.00186656
0.00221932 6450 3796.5 0.00303209 0.0217037 0.012502
0.00578166 6460 3797.5 0.00373936 -0.0127796 -0.0125688
0.00694809 6470 3798.5 0.00391634 0.0176009 -0.00859817
0.000867046 6480 3799.5 0.00603678 0.00555616 0.00941098
0.00194937 6490 3800.5 0.00950375 -0.0145738 0.0213755
0.00980922 6500 3801.5 0.00661906 0.0202521 -0.00471983
0.00186345 6510 3802.5 0.00217812 -0.00774048 0.0169876
0.0029038 6520 3803.5 0.00915993 -0.0117572 0.0122432
0.00166179 6530 3804.5 0.00892098 -0.00509677 0.0177995
0.00478645 6540 3805.5 0.00761952 0.0385972 0.0114847
0.00269603 6550 3806.5 0.032511 0.0222422 -0.0387761
0.001399 6560 3807.5 0.00651648 0.0112433 0.00466792
0.00635039 6570 3808.5 0.00855984 0.0263047 -0.0019907
0.0053406 6580 3809.5 0.00669896 0.0159229 0.00758968
0.00503232 6590 3810.5 0.00403139 0.029475 0.00737858
0.00570646 6600 3811.5 0.00443383 0.0105199 0.00269536
0.00593435 6610 3812.5 0.00701727 -0.0183498 -0.0184596
0.011948 6620 3813.5 0.00229017 0.00735622 0.00618915
0.0111767 6630 3814.5 0.00587778 -0.0148182 0.00530496
0.00103017 6640 3815.5 -0.000766997 0.0100586 -0.0156404
0.0018361 6650 3816.5 0.0102003 -0.02536 0.025907
0.00322467 6660 3817.5 0.00465728 0.0182997 0.00272592
0.0138007 6670 3818.5 0.00701104 0.0235376 0.00133072
0.000562827 6680 3819.5 0.00929543 0.0190779 0.0277923
0.00852407 6690 3820.5 0.003901 0.022652 -0.00129411
0.00953947 6700 3821.5 0.00752952 0.0100757 0.0162368
0.00690263 6710 3822.5 0.000434327 -0.00913896 -0.0150414
0.00288182 6720 3823.5 0.00706309 -0.00664942 0.0223133
0.00880411 6730 3824.5 0.00600689 0.0107234 -0.00301711
0.00582099 6740 3825.5 0.0040191 0.018728 -0.00616357
0.00292197 6750 3826.5 0.0205172 0.113717 -0.0260456
0.00464004 6760 3827.5 0.00402343 0.0261676 0.00921401
0.00348352 6770 3828.5 0.00445619 0.0201173 0.00511153
0.00588669 6780 3829.5 0.00555589 0.0200258 0.00521676
0.00683979 6790 3830.5 0.0066134 0.025364 0.00228454
0.0029995 6800 3831.5 0.00108624 -0.000590918 -0.00149777
0.000836163 6810 3832.5 0.00420867 0.0116794 0.000269346
0.00658429 6820 3833.5 0.00773743 0.0263793 0.0085187
0.00163586 6830 3834.5 0.00769821 -0.0155675 0.0328471
0.00262276 6840 3835.5 0.00780628 -0.00140353 0.0103847
0.00224156 6850 3836.5 0.00906715 0.0737105 0.00925546
0.00797502 6860 3837.5 0.00205827 0.0138949 -0.00122878
0.000725653 6870 3838.5 -0.0280338 0.0450115 -0.0746471
0.00528154 6880 3839.5 0.00302321 0.0219537 0.0155922
0.00799333 6890 3840.5 0.00558459 0.00703765 0.0302649
0.00208018 6900 3841.5 0.00604843 -0.00416258 0.0156871
0.00377754 6910 3842.5 0.00776809 0.0223778 0.0121526
0.00378058 6920 3843.5 0.00609768 0.0160268 0.00533779
0.000662909 6930 3844.5 0.00402554 0.0118071 0.0134253
0.00164236 6940 3845.5 0.00585909 -0.0290045 0.023759
0.00906501 6950 3846.5 0.0181329 0.10513 -0.0349137
0.0015094 6960 3847.5 0.0058955 0.0187812 0.0110019
0.00659288 6970 3848.5 0.00170714 -0.0373053 -0.0152517
0.00383241 6980 3849.5 0.00433078 0.0119841 -0.00139413
0.00198067 6990 3850.5 0.00585248 0.0109475 0.00950512
0.00261261 7000 3851.5 0.0212834 -0.0509562 -0.00992982
0.004652 7010 3852.5 0.0134298 0.0309395 0.0203251
0.00344598 7020 3853.5 0.00640197 0.0215448 0.00475935
0.00107606 7030 3854.5 0.00443611 0.00769534 0.00858477
0.00415648 7040 3855.5 0.0030069 0.0577066 0.00852608
0.00500332 7050 3856.5 0.00814246 -0.00138131 0.00525995
0.00102628 7060 3857.5 0.00359124 0.0202429 -0.0237476
0.00118856 7070 3858.5 0.0313711 0.0358539 -0.0309733
0.00859191 7080 3859.5 0.0226728 0.129537 -0.0330785
0.00349638 7090 3860.5 0.00731857 -0.00853045 0.0219338
0.00767451 7100 3861.5 0.00738621 0.104152 -0.0209676
0.00426835 7110 3862.5 0.00797576 0.0265704 0.017542
0.00110386 7120 3863.5 0.00813687 0.0100184 0.0186427
0.00245701 7130 3864.5 0.00851642 -0.00543544 0.0272054
0.0037598 7140 3865.5 0.00511952 0.0276385 -0.000147794
0.00522471 7150 3866.5 0.00549405 -0.0226582 0.0127183
0.00049699 7160 3867.5 0.0256913 0.0203518 -0.010551
0.00536399 7170 3868.5 0.00631705 -0.00381029 0.0133216
0.00336969 7180 3869.5 0.0188944 -0.0567864 -0.0142596
0.00376653 7190 3870.5 0.00911415 0.0123859 0.00579237
0.00238162 7200 3871.5 0.00416057 0.0132319 -0.00830413
0.0134619 7210 3872.5 0.00319683 0.0168421 -0.00427274
0.00847347 7220 3873.5 -0.00163434 -0.0152269 0.000895766
0.0087816 7230 3874.5 0.0032004 0.0274904 0.000257585
0.00645928 7240 3875.5 0.00648013 0.0130077 -0.00584966
0.00446522 7250 3876.5 0.00349377 0.0251037 0.000553095
0.00272154 7260 3877.5 0.00648331 0.00565232 0.0135898
0.00118885 7270 3878.5 0.00862288 0.0173898 0.00975185
0.00822265 7280 3879.5 0.00385925 -0.0199273 -0.0190716
0.00319877 7290 3880.5 0.0125272 0.0133238 -0.0165343
0.00114695 7300 3881.5 0.000708057 0.00736259 -0.00851242
0.00684992 7310 3882.5 0.0033979 0.019999 0.0111361
0.00151774 7320 3883.5 0.00544427 0.0197697 0.00489707
0.00429309 7330 3884.5 0.00411362 -0.0112215 0.0116482
0.00106096 7340 3885.5 0.00102737 0.0246636 0.00902274
0.00419456 7350 3886.5 0.00333078 0.0180849 0.00468781
0.0058308 7360 3887.5 0.0042702 -0.0209144 -0.0023274
0.00258159 7370 3888.5 0.0178392 0.124794 0.0227753
0.00636965 7380 3889.5 0.00385851 -0.00323099 -0.00361398
0.00189354 7390 3890.5 0.00915191 0.0062129 0.0151212
0.00145531 7400 3891.5 0.047495 -0.00213638 -0.0128203
0.00411335 7410 3892.5 0.00285799 0.00652838 0.00883204
0.00450887 7420 3893.5 0.00283932 0.0199446 0.00464903
0.00231725 7430 3894.5 0.00873768 -0.00988204 0.00492817
0.00359386 7440 3895.5 0.00273361 -0.0224564 0.0156299
0.000729199 7450 3896.5 0.00295104 0.0126316 -0.00426827
0.00289538 7460 3897.5 0.00405525 0.0248589 0.000699756
0.00613701 7470 3898.5 0.00640875 0.0181394 0.00203641
0.00446103 7480 3899.5 0.00849681 0.0254205 -0.00280406
0.00238946 7490 3900.5 0.00738392 -0.0149387 0.019897
0.00287181 7500 3901.5 0.00191369 0.0248872 -0.00140305
0.0122052 7510 3902.5 0.00805405 0.00592416 0.0123076
0.0148582 7520 3903.5 0.00841376 0.00600319 0.0257918
0.00463178 7530 3904.5 0.00533963 0.00238332 0.011112
0.0100314 7540 3905.5 0.00162277 0.0219653 -0.00236166
0.00169665 7550 3906.5 0.0081174 0.00674626 0.00541049
0.0102891 7560 3907.5 0.00359009 -0.0115086 -0.000551427
0.00189945 7570 3908.5 0.00813116 -0.014354 -0.0012157
0.0136945 7580 3909.5 0.0047852 -0.00946622 -0.00468961
0.00642685 7590 3910.5 0.0091027 0.0191488 0.00306964
0.00693416 7600 3911.5 0.0019577 0.00347108 -0.00718105
0.00150231 7610 3912.5 0.00751539 0.00339781 0.00898153
0.00545051 7620 3913.5 0.00278062 0.0112929 0.00487629
0.00289297 7630 3914.5 0.00564205 0.0297301 0.0165553
0.00608208 7640 3915.5 0.00519858 -0.0266258 -0.016459
0.00927933 7650 3916.5 0.0129088 0.0254629 0.0372928
0.00521358 7660 3917.5 0.00715336 0.000328815 0.000152008
0.00193674 7670 3918.5 0.00346798 0.00989449 0.000659451
0.00371539 7680 3919.5 0.00437778 0.0619005 0.0121358
0.00613341 7690 3920.5 0.0134 -0.0169037 0.00454661
0.00693788 7700 3921.5 0.00325338 0.00195095 -0.00840341
0.00887516 7710 3922.5 0.0014444 -0.0104152 -0.00265242
0.0038899 7720 3923.5 0.00649727 0.0163689 0.00577898
0.00504226 7730 3924.5 0.00574851 0.0262403 0.00419134
0.00111103 7740 3925.5 0.0110578 0.00798222 0.00462479
0.00598172 7750 3926.5 0.00643553 -0.0314731 -0.00655874
0.00281039 7760 3927.5 0.0153944 -0.00129855 0.00710107
0.00685249 7770 3928.5 0.00842366 0.0220123 0.0161987
0.00558506 7780 3929.5 0.00787227 0.0116717 0.0145378
0.00718762 7790 3930.5 0.00484794 0.0470151 0.0173338
0.00586764 7800 3931.5 0.0029933 0.0159083 -0.00218323
0.00414882 7810 3932.5 0.00452883 -0.0105518 0.0165483
0.00162572 7820 3933.5 0.0018764 0.0168735 0.00856089
0.00549895 7830 3934.5 0.00212709 0.0151983 -0.00951079
0.00317981 7840 3935.5 0.0159337 0.0794423 -0.0213408
0.00466256 7850 3936.5 0.00810604 0.00164421 0.018966
0.00384177 7860 3937.5 0.00335163 0.0228259 -0.0102157
0.00441609 7870 3938.5 0.0019725 0.0581316 0.0142209
0.00146322 7880 3939.5 0.00494905 0.000106901 0.0131875
0.000692777 7890 3940.5 0.00643609 0.00466075 0.00733534
0.00475887 7900 3941.5 0.020918 0.00564268 0.0763164
0.00232932 7910 3942.5 0.00744431 0.0158618 0.0217754
0.00628151 7920 3943.5 0.00624453 0.0291827 -0.0134571
0.00349165 7930 3944.5 0.00186656 -0.0350083 0.0342112
0.00371907 7940 3945.5 0.0080687 0.0207834 -0.00155254
0.00441074 7950 3946.5 0.0179324 -0.0363627 -0.00907077
0.00425952 7960 3947.5 0.00239239 0.0070223 -0.0181057
0.00247985 7970 3948.5 0.00212105 0.0305576 -0.00460739
0.0076724 7980 3949.5 0.00623082 -0.00803375 -0.00303385
0.00403989 7990 3950.5 0.00547656 0.0357606 0.0137997
0.00863642 8000 3951.5 0.00435397 0.0569702 0.0211801
0.00320171 8010 3952.5 0.0134818 -0.0608427 0.0257013
0.00769195 8020 3953.5 0.00419621 0.0163458 0.000538357
0.00300553 8030 3954.5 0.00769208 0.00771257 -0.00203865
0.00453171 8040 3955.5 0.00572615 0.121786 -0.0300012
0.00430947 8050 3956.5 0.00396103 0.0192696 0.0151205
0.00176604 8060 3957.5 0.00161425 0.0093184 0.00656939
0.00481455 8070 3958.5 0.00561685 -0.0277541 -0.0108246
0.00486444 8080 3959.5 0.00365278 0.0390409 0.00843901
0.00263765 8090 3960.5 0.00461215 0.0246847 0.00263366
0.0104415 8100 3961.5 0.00809974 0.0090104 0.0105231
0.00243683 8110 3962.5 0.00460581 -0.0247097 0.0136545
0.00180834 8120 3963.5 0.00588598 0.0254468 0.0129992
0.00765772 8130 3964.5 0.00443307 -0.0099852 0.0242849
0.00595526 8140 3965.5 0.000497023 0.016381 0.0163708
0.00380895 8150 3966.5 0.0055052 0.0486446 0.0151272
0.00692208 8160 3967.5 0.00598988 -0.0143223 -0.0101633
0.00640364 8170 3968.5 0.00198423 0.0204597 -0.0113853
0.00407277 8180 3969.5 0.00842895 0.00185023 0.0121712
0.00401262 8190 3970.5 0.00488205 0.00102534 -0.00626075
0.00338817 8200 3971.5 0.00184244 0.0190536 0.0101547
0.00518947 8210 3972.5 0.00501862 0.0263701 0.00600996
0.00231216 8220 3973.5 0.00189913 0.0387902 0.00236469
0.00168455 8230 3974.5 0.00551843 -0.00203444 0.00375694
0.00220567 8240 3975.5 0.00466375 0.0293791 -0.00198615
0.00564445 8250 3976.5 0.00310634 0.0125698 0.00795199
0.00297173 8260 3977.5 0.00456809 0.00403738 0.00065422
0.000497823 8270 3978.5 0.00257171 0.010707 -0.00526554
0.00124783 8280 3979.5 0.00246859 0.013519 0.00164997
0.00163549 8290 3980.5 0.00353186 -0.0151114 0.00399124
0.00108303 8300 3981.5 0.000459712 0.00778524 0.00216517
0.00505957 8310 3982.5 0.00608735 0.0102692 0.0136853
0.000778483 8320 3983.5 0.00940048 0.0214198 -0.0155938
0.00767209 8330 3984.5 0.00598867 0.00641894 -0.00230711
0.000715348 8340 3985.5 0.00283776 0.0175142 -0.00593498
0.00328862 8350 3986.5 0.000291979 -0.0274265 -0.00397586
0.000634409 8360 3987.5 0.00458608 0.00303469 0.00592291
0.00443069 8370 3988.5 0.00368296 0.025572 0.0110313
0.00133163 8380 3989.5 0.00804938 0.0124946 0.017983
0.00820285 8390 3990.5 0.000804915 0.0173478 -0.0158949
0.00770742 8400 3991.5 0.00543844 0.0210314 0.010207
0.00188588 8410 3992.5 0.0140414 0.00300464 0.0260333
0.00115835 8420 3993.5 0.0182005 -0.00112855 -0.0333014
0.00722354 8430 3994.5 0.00453684 -0.00967676 -0.00583682
0.0112091 8440 3995.5 0.00707543 -0.0285723 -0.00249251
0.00249874 8450 3996.5 0.00594138 0.0133819 0.00190511
0.0047389 8460 3997.5 0.00323319 -0.119252 -0.0183365
0.00197356 8470 3998.5 0.00475014 0.0029298 0.00877808
0.00532712 8480 3999.5 0.0159014 0.0310131 -0.00942555
0.000695309 8490 4000.5 0.00292113 0.0132478 0.00445759
0.00116321 8500 4001.5 0.000405582 -0.0646506 0.0389915
0.00618145 8510 4002.5 0.00260158 -0.01732 -0.00516243
0.00313871 8520 4003.5 0.00630046 0.0190198 0.00200753
0.00941633 8530 4004.5 0.0059831 -0.00949407 0.00446725
0.00663802 8540 4005.5 0.00536931 0.020445 0.00183419
0.00597082 8550 4006.5 0.000906227 -0.0155513 -0.00909227
0.00251834 8560 4007.5 0.0047742 0.0242954 -8.28495e-05
0.00188959 8570 4008.5 0.00344583 -0.000446885 0.0239434
0.00099097 8580 4009.5 0.0049813 0.0116375 0.0127954
0.00182256 8590 4010.5 0.00392085 0.0173539 0.0026707
0.00335241 8600 4011.5 0.00757374 0.0546483 0.0111042
0.006461 8610 4012.5 0.0046783 0.0183652 0.000727454
0.000877357 8620 4013.5 0.00496234 0.00209987 0.023619
0.003515 8630 4014.5 0.00262256 0.0199558 0.00594744
0.00283134 8640 4015.5 0.00852662 0.0267876 -0.00127919
0.00618546 8650 4016.5 0.00384117 -0.0187082 0.0035644
0.00931429 8660 4017.5 0.00412089 0.00549964 0.00170042
0.00138089 8670 4018.5 0.00876674 0.00507964 0.0122263
0.00280258 8680 4019.5 0.00583265 0.00398107 0.00890308
0.00101298 8690 4020.5 0.00726895 0.0109935 0.0114702
0.00429549 8700 4021.5 0.00451235 0.0312128 0.00112271
0.00494856 8710 4022.5 0.00487361 0.0169272 -0.000543648
0.00532634 8720 4023.5 0.00722066 -0.0410991 -0.00639416
0.00374314 8730 4024.5 0.00548959 0.0159656 0.0132891
0.0039486 8740 4025.5 0.00497316 0.0234266 0.00703148
0.00100679 8750 4026.5 0.00558387 0.0126195 0.0153232
0.0018037 8760 4027.5 0.00479775 0.0119144 0.00880853
0.00374145 8770 4028.5 0.00292055 0.0128171 0.00518685
0.00154937 8780 4029.5 0.00996043 0.0015049 0.00820209
0.0046123 8790 4030.5 0.0332748 0.00314415 0.0891961
0.00438223 8800 4031.5 0.0194298 0.0322301 -0.0182392
0.00436856 8810 4032.5 0.0531625 -0.0444487 -0.0296144
0.00346722 8820 4033.5 0.00685959 0.0475584 0.023056
0.00155369 8830 4034.5 0.00377626 0.0114641 0.0111845
0.000737344 8840 4035.5 0.012055 0.00983335 0.00723615
0.00269781 8850 4036.5 0.00812719 0.00741723 0.0134121
0.00176943 8860 4037.5 0.00685675 0.0186715 0.00746461
0.00470526 8870 4038.5 0.00724201 0.020096 0.00985077
0.00217335 8880 4039.5 0.00713692 -0.0119826 0.0171702
0.00137602 8890 4040.5 0.00816799 0.00303128 0.02337
0.0013981 8900 4041.5 0.0171334 -0.0362865 0.00355912
0.0024049 8910 4042.5 0.00355384 0.0145944 0.00892189
0.00521044 8920 4043.5 0.0161615 0.0294837 -0.0142447
0.00698013 8930 4044.5 0.00405299 -0.0322299 -0.00514363
0.00714292 8940 4045.5 0.00567516 0.00110261 0.0680467
0.00265055 8950 4046.5 0.0207531 -0.0598717 -0.00356428
0.00599795 8960 4047.5 0.00880577 -0.0176971 0.0172615
0.00325328 8970 4048.5 0.00345 0.00573833 0.002507
0.00380977 8980 4049.5 0.00712887 -0.0218442 0.00672395
0.00702018 8990 4050.5 0.00473569 0.0216247 -0.00738886
0.00346058 9000 4051.5 -0.00560113 0.013369 -0.00781367
0.00859027 9010 4052.5 0.00903577 -0.104318 -0.0303335
0.00220298 9020 4053.5 0.00354191 0.0130274 0.0059916
0.000914688 9030 4054.5 -0.00220738 0.0153533 -0.009471
0.00532769 9040 4055.5 0.00050405 0.019541 -0.0259794
0.00415263 9050 4056.5 0.0547339 -0.0569438 -0.0128334
0.0042738 9060 4057.5 0.00917689 0.00213657 0.00530029
0.00796745 9070 4058.5 0.00510912 0.0141701 -0.00317272
0.000749723 9080 4059.5 0.00331255 0.027236 -0.00134624
0.00093183 9090 4060.5 0.00300076 0.0166906 -0.00450941
0.00176326 9100 4061.5 0.00692085 0.0106669 0.0157209
0.00996427 9110 4062.5 0.0222202 0.129846 -0.0510719
0.00412499 9120 4063.5 0.0056911 -0.0183136 0.0161783
0.00450189 9130 4064.5 0.00587808 0.0175935 0.00654741
0.00326678 9140 4065.5 0.00882282 -0.00774986 -0.000583004
0.00134399 9150 4066.5 0.00453677 0.0223692 0.0134339
0.00147508 9160 4067.5 0.00274614 0.00400541 0.0113315
0.00086815 9170 4068.5 0.00370043 0.0136248 -0.010121
0.0087924 9180 4069.5 0.0134196 -0.0276038 0.0052282
0.000456026 9190 4070.5 0.0136027 0.0116017 0.00991841
0.0100922 9200 4071.5 0.0026113 0.0186135 -0.0120219
0.0049539 9210 4072.5 0.00289601 0.0188779 0.00173271
0.001389 9220 4073.5 0.0104084 0.0267458 -0.0102882
0.00869078 9230 4074.5 0.00979472 0.109755 -0.00937747
0.00399771 9240 4075.5 0.00143086 -0.0215394 0.0182313
0.00616017 9250 4076.5 0.00504472 0.0574123 0.00982282
0.00553723 9260 4077.5 0.00801734 0.0249834 0.0330143
0.000699205 9270 4078.5 -0.00225138 -0.00246475 0.0226116
0.00202519 9280 4079.5 0.00208165 0.0183314 0.00254869
0.00761277 9290 4080.5 0.00481894 0.0227843 0.00262903
0.00570488 9300 4081.5 0.00636378 -0.0242968 0.0145956
0.00161919 9310 4082.5 0.000396967 -0.00314863 -0.011628
0.00626818 9320 4083.5 0.00532823 0.00963147 0.00372114
0.00660282 9330 4084.5 0.00988325 0.0231753 0.00322756
0.00496362 9340 4085.5 0.00375338 0.025997 -0.00347716
0.00183937 9350 4086.5 0.0038545 0.0204011 -0.00415624
0.00524428 9360 4087.5 0.00573594 0.0244266 0.0186369
0.00153557 9370 4088.5 0.00518517 0.0232217 0.0101247
0.00140656 9380 4089.5 0.0110251 0.00555255 0.0123863
0.00325377 9390 4090.5 0.00792377 0.0153736 -0.00320102
0.0073576 9400 4091.5 0.00596232 0.0276744 0.000199603
0.00585537 9410 4092.5 0.000481805 -0.00682425 -0.0135693
0.00341533 9420 4093.5 0.00377178 0.0103253 -0.00559083
0.00188077 9430 4094.5 0.0039427 0.0229702 0.00759984
0.00215998 9440 4095.5 0.0056151 0.0189091 -0.00978582
0.000949686 9450 4096.5 0.00325468 0.00362131 0.00313293
0.000754489 9460 4097.5 0.0116559 0.018233 -0.0043938
0.00911747 9470 4098.5 0.00882248 -0.00730899 0.00427128
0.00275091 9480 4099.5 0.00310506 0.0226403 0.00256693
0.00754715 9490 4100.5 0.00856343 0.0181813 0.019483
0.00709861 9500 4101.5 0.00376359 0.0558059 0.00898095
0.00520823 9510 4102.5 0.0151661 -0.0282085 -0.00158756
0.0050773 9520 4103.5 0.00336561 0.0259916 0.000949138
0.00738521 9530 4104.5 0.00371951 -0.0106187 0.00654309
0.000955405 9540 4105.5 0.00158741 0.0238157 0.00109261
0.00698034 9550 4106.5 0.00555246 0.0744694 0.00212004
0.00343262 9560 4107.5 0.00810576 -0.00953606 0.014678
0.000839599 9570 4108.5 0.00564128 -0.0137905 -0.00794358
0.00919453 9580 4109.5 0.00673816 0.0180269 0.000760004
0.00342138 9590 4110.5 0.00627696 0.0219422 0.00368316
0.00741727 9600 4111.5 0.0181464 -0.00281402 0.0329244
0.00374332 9610 4112.5 0.00644467 0.0168561 0.00466093
0.00379327 9620 4113.5 0.0037522 0.0257978 -0.0131124
0.00121512 9630 4114.5 0.00270454 0.020294 -0.00201683
0.00116937 9640 4115.5 0.00221285 0.00608137 0.0157434
0.000423075 9650 4116.5 -0.075401 0.0250266 -0.201578
0.0076612 9660 4117.5 0.00986273 0.0195238 0.0106692
0.00621087 9670 4118.5 0.00667103 0.0209949 0.000443408
0.00237162 9680 4119.5 0.0183914 0.00926525 -0.0099967
0.003941 9690 4120.5 0.00259279 0.00927146 0.0056908
0.00466668 9700 4121.5 -0.00215984 0.0184763 -0.0158972
0.00801295 9710 4122.5 0.008527 -0.0202666 0.00348402
0.000958533 9720 4123.5 0.00275752 0.0301384 0.00853284
0.000982839 9730 4124.5 0.0174062 -0.00584601 -0.00588741
0.00479166 9740 4125.5 0.0122991 -0.0100481 0.0275391
0.00961796 9750 4126.5 0.0039899 0.0217358 -0.00480153
0.00482562 9760 4127.5 0.00630867 0.0210103 0.000558135
0.00391548 9770 4128.5 0.00385338 0.0240004 0.0102047
0.00452643 9780 4129.5 0.00867784 -0.0164636 0.0282898
0.00166732 9790 4130.5 0.00272704 0.0214315 -0.00569246
0.00539014 9800 4131.5 0.00613239 -0.00767263 0.00767968
0.00393213 9810 4132.5 -0.000261545 0.0427904 -0.0409064
0.00463842 9820 4133.5 0.00288786 0.00505049 0.0121836
0.00299953 9830 4134.5 0.00563662 -0.0496514 0.00298246
0.00588326 9840 4135.5 0.00938422 -0.0310311 -0.00640731
0.00600414 9850 4136.5 0.00625789 -0.000678252 0.00607949
0.00622433 9860 4137.5 0.00496313 0.0125915 0.00472066
0.000927561 9870 4138.5 0.0074699 -0.00882601 0.0208863
0.00986509 9880 4139.5 0.00479514 0.0246828 0.00122426
0.00465126 9890 4140.5 0.00717277 0.0293824 0.00333485
0.00669466 9900 4141.5 0.00933731 -0.0325584 -0.00214202
0.00421922 9910 4142.5 0.00467507 -0.0113839 0.00277684
0.00512864 9920 4143.5 0.0177894 0.116549 -0.0314502
0.00139056 9930 4144.5 0.00829199 0.00391044 0.0112834
0.00161966 9940 4145.5 0.00996506 0.00984317 -0.000366572
0.00128195 9950 4146.5 0.0150576 -0.0264911 -0.00321678
0.00800703 9960 4147.5 0.00208713 -0.0186825 0.00446912
0.00351182 9970 4148.5 0.0195359 -0.0655055 0.000931013
0.00160001 9980 4149.5 0.0239512 0.00112723 -0.0130619
0.00390894 9990 4150.5 0.00586962 0.0157987 0.00241211
0.00175569 10000 4151.5 0.00501537 -0.00500798 0.00333853
0.0047424 10010 4152.5 0.00899546 0.000998648 0.00510145
0.00135046 10020 4153.5 0.0109471 0.00804953 0.0317204
0.00835593 10030 4154.5 0.0232981 -0.04479 -0.0139507
0.00623664 10040 4155.5 0.00678172 -0.0284332 0.0160513
0.00146459 10050 4156.5 0.00284503 -0.00856495 -0.00120423
0.00287522 10060 4157.5 0.0192179 -0.0120665 -0.00217646
0.00388573 10070 4158.5 0.0195822 0.176571 -0.0261368
0.00317611 10080 4159.5 0.00681674 0.0296376 -0.00200673
0.0038741 10090 4160.5 0.00754678 0.0173884 -0.00591581
0.0017229 10100 4161.5 0.00163228 0.00320062 -0.00765628
0.00136745 10110 4162.5 0.00504765 0.0129267 0.00628868
0.00130639 10120 4163.5 0.00492689 -0.00075129 0.0128823
0.00101127 10130 4164.5 0.0122283 0.00449283 -0.00240249
0.00191599 10140 4165.5 0.0110493 0.010341 0.0185117
0.00528193 10150 4166.5 0.0027493 0.0279644 -0.0117909
0.00574723 10160 4167.5 0.00722486 -0.0410612 -0.0171628
0.00468499 10170 4168.5 0.00551427 0.0309849 0.00807711
0.00386439 10180 4169.5 0.00439096 0.00635484 0.0116635
0.00752199 10190 4170.5 0.0088194 0.0278252 0.0232722
0.00211052 10200 4171.5 0.00281889 0.0190554 -0.00252452
0.00136945 10210 4172.5 0.00424579 0.0218735 0.00123669
0.0011274 10220 4173.5 0.0237667 0.0148228 -0.020265
0.000651677 10230 4174.5 0.0036021 0.00983994 0.00736929
0.00325642 10240 4175.5 0.00490791 0.0220841 0.00753732
0.00304613 10250 4176.5 0.0218809 -0.0563838 -0.0388929
0.00143969 10260 4177.5 0.00508374 0.0429745 -0.000231005
0.0104595 10270 4178.5 0.00733612 -0.00313358 -0.00297524
0.000881855 10280 4179.5 0.0038581 0.0182687 0.00157903
0.012577 10290 4180.5 0.00758841 0.00388664 0.0209029
0.00348048 10300 4181.5 0.00422597 0.0321637 0.000882527
0.00177345 10310 4182.5 0.00501628 0.0128118 -0.000962796
0.00126769 10320 4183.5 0.00447986 -0.00325949 -0.000532037
0.00963667 10330 4184.5 0.047765 -0.0512387 0.00674196
0.00225921 10340 4185.5 0.0348849 0.0913424 -0.033425
0.00215632 10350 4186.5 0.00775657 0.00723893 0.01874
0.00698604 10360 4187.5 0.0074149 -0.0437466 0.00720137
0.00421243 10370 4188.5 0.00690879 0.0256989 0.00674278
0.00416696 10380 4189.5 0.00654595 0.0215648 0.0108443
0.0025403 10390 4190.5 0.00315291 0.00245295 0.00591068
0.00349243 10400 4191.5 0.00486958 -0.0382416 0.0337695
0.00873816 10410 4192.5 0.0113584 -0.0191873 0.00485427
0.000779082 10420 4193.5 0.00486556 0.0200116 0.0113823
0.0127047 10430 4194.5 0.0116989 -0.0231397 0.0294832
0.00140751 10440 4195.5 0.00505636 0.0296207 0.0097184
0.00753682 10450 4196.5 0.00434191 0.0273663 0.00362079
0.00289147 10460 4197.5 0.0049515 0.0172032 0.00464153
0.00262054 10470 4198.5 0.0116027 0.0243723 -0.00394329
0.00337407 10480 4199.5 0.00546105 0.0024351 0.00133639
0.00764742 10490 4200.5 -0.00302002 -0.0174253 0.0198641
0.0112136 10500 4201.5 0.0170378 0.0947206 -0.0209437
0.00465783 10510 4202.5 0.00891754 0.0129696 -0.00916882
0.00228828 10520 4203.5 0.00352064 0.0223541 -0.00482472
0.00240198 10530 4204.5 0.00235903 0.0207163 -0.00137486
0.00136625 10540 4205.5 0.0056751 0.0335981 -0.00522977
0.00661572 10550 4206.5 0.0106456 0.00027604 0.0259436
0.00191656 10560 4207.5 0.0111228 0.0105419 0.0279887
0.00265731 10570 4208.5 0.00344628 0.0738955 0.00876365
0.00420662 10580 4209.5 0.00464765 0.0239665 0.0142238
0.00684286 10590 4210.5 0.00477482 0.0235052 -0.00506056
0.00155571 10600 4211.5 0.0103141 -0.00196526 0.0235048
0.00105835 10610 4212.5 0.00180207 -0.041074 -0.0115844
0.00365071 10620 4213.5 0.00656766 0.0180413 0.0103031
0.00941033 10630 4214.5 0.00576797 -0.00168892 0.00814347
0.00354082 10640 4215.5 0.0190497 0.0408507 -0.0273877
0.00405402 10650 4216.5 0.00414407 -0.00286433 0.0122924
0.00280456 10660 4217.5 0.0150841 0.0137645 0.0311491
0.00187184 10670 4218.5 0.00830693 0.0178423 0.00503584
0.00211166 10680 4219.5 0.00632943 -0.00927074 0.00098757
0.00510672 10690 4220.5 0.0327942 -0.0436987 -0.00989599
0.00287672 10700 4221.5 0.00510971 0.00973712 0.00799039
0.00150043 10710 4222.5 0.00551199 0.0236761 0.00608833
0.00339802 10720 4223.5 0.00828208 0.00163264 0.0188688
0.0102374 10730 4224.5 0.00489834 0.00630351 0.0065535
0.00177073 10740 4225.5 0.00779557 -0.0018517 0.0102373
0.00373531 10750 4226.5 0.00239366 0.0230973 0.0146345
0.00153644 10760 4227.5 0.0245969 -0.0233253 -0.0107789
0.00664415 10770 4228.5 0.0124243 0.175667 -0.0407099
0.00610396 10780 4229.5 0.00779313 -0.0143057 -0.000257137
0.000989517 10790 4230.5 0.00915845 0.0202037 0.00816907
0.0114309 10800 4231.5 0.00774159 -0.0119138 -0.0140721
0.00760951 10810 4232.5 0.00259933 0.0435427 0.00505445
0.0058191 10820 4233.5 0.00773053 0.0196944 0.0126366
0.00191654 10830 4234.5 0.00936173 -0.0451081 0.0123024
0.00137101 10840 4235.5 0.00330228 0.0139035 -0.00519345
0.00272715 10850 4236.5 0.00573568 0.00535976 0.00352622
0.00312186 10860 4237.5 0.00863978 -0.00664727 0.0110273
0.000668957 10870 4238.5 0.00570122 0.00871468 0.00505058
0.00179956 10880 4239.5 0.0226484 0.0510683 -0.018046
0.00166779 10890 4240.5 0.00282512 0.0272195 -0.00219971
0.00537882 10900 4241.5 0.0102705 0.0414466 0.0270169
0.00297205 10910 4242.5 0.00541201 0.0293239 -0.010482
0.00663757 10920 4243.5 0.00273575 0.0241622 -0.00448923
0.000783246 10930 4244.5 0.00569027 0.0194323 0.00430389
0.00440211 10940 4245.5 0.00402884 -0.0275197 0.0112532
0.00204861 10950 4246.5 0.00480434 -0.0020115 0.00422624
0.00414829 10960 4247.5 0.00207582 -0.00208245 -0.0085611
0.00556787 10970 4248.5 0.00115344 -0.00582213 0.00253575
0.0003892 10980 4249.5 0.661572 -0.128696 0.12651
0.00383262 10990 4250.5 0.00399075 -0.000385153 -0.0028175
0.0032162 11000 4251.5 0.00590624 0.0128916 -0.00318647
0.00188316 11010 4252.5 0.00680356 -0.0219384 0.0145085
0.00777488 11020 4253.5 0.00966957 0.038044 0.0217797
0.00300147 11030 4254.5 0.034348 -0.0320381 -0.0150019
0.00180432 11040 4255.5 0.00378994 0.0211865 0.00122882
0.00541405 11050 4256.5 0.00447644 0.029096 0.00550252
0.00480579 11060 4257.5 0.00958598 -0.00974739 0.0245999
0.00442868 11070 4258.5 0.0234961 0.0340483 -0.0266593
0.0018161 11080 4259.5 0.010982 0.0440525 -0.00456975
0.00174394 11090 4260.5 0.0047024 0.0175622 0.0142512
0.00670036 11100 4261.5 0.00417261 0.0223218 0.00454491
0.00581615 11110 4262.5 0.00644128 0.0187241 -0.00253096
0.00399553 11120 4263.5 0.00397588 0.0294003 -0.00645892
0.00441943 11130 4264.5 0.00301454 0.0237377 -0.00133667
0.00507374 11140 4265.5 0.0037126 0.0170349 0.0015448
0.00508586 11150 4266.5 0.00813077 0.00888778 0.0130841
0.00317503 11160 4267.5 0.0046952 0.000506923 0.000772995
0.00216454 11170 4268.5 0.00602922 -0.0118664 0.0327027
0.000606421 11180 4269.5 0.00619122 0.00126854 0.0128613
0.00262843 11190 4270.5 0.00302619 0.0239347 0.00678611
0.00203657 11200 4271.5 0.00486423 0.0203761 0.00376217
0.0012484 11210 4272.5 0.00952409 -0.0292124 0.0279288
0.00333905 11220 4273.5 0.00692772 0.0456311 0.00732526
0.00993624 11230 4274.5 0.00714982 -0.0115333 0.000443965
0.00545633 11240 4275.5 0.0200069 0.110625 0.0252375
0.00811176 11250 4276.5 0.00122815 0.0647419 0.0181891
0.0172223 11260 4277.5 0.0104437 -0.025119 0.00175807
0.00825715 11270 4278.5 0.00958146 -0.0153953 0.00828883
0.003492 11280 4279.5 0.00415555 -0.00451659 0.01084
0.00124625 11290 4280.5 0.0290999 -0.000473788 0.0020619
0.0017526 11300 4281.5 0.00492513 -0.00110968 0.00268351
0.00270351 11310 4282.5 0.00651356 0.021304 0.00558466
0.00820484 11320 4283.5 0.00578238 -0.0289906 0.00168942
0.00130703 11330 4284.5 0.00363037 0.0340387 0.00316411
0.0030982 11340 4285.5 0.00747754 -0.00341647 0.0173681
0.00159856 11350 4286.5 0.00911546 -0.0203461 0.0282885
0.00458336 11360 4287.5 0.00898591 -0.023904 -0.000455898
0.00538613 11370 4288.5 0.00736985 0.00291194 0.0134404
0.000957648 11380 4289.5 0.00788235 0.0124059 0.0226969
0.00646007 11390 4290.5 0.0205471 0.114953 0.0312249
0.00276107 11400 4291.5 0.00780748 0.0176975 0.00575861
0.00684742 11410 4292.5 0.00661985 0.0221883 0.00124349
0.00147997 11420 4293.5 0.0108942 0.00131322 0.0252228
0.00453338 11430 4294.5 0.0159811 -0.0193859 0.053791
0.000781874 11440 4295.5 0.00801522 0.0163072 0.0011846
0.00240946 11450 4296.5 0.00447348 0.0292063 0.00256281
0.00731311 11460 4297.5 0.00287666 0.0214236 0.000280594
0.00154618 11470 4298.5 0.00713147 -0.0105347 0.0140798
0.0105362 11480 4299.5 0.00580354 0.0195198 0.00132655
0.00132216 11490 4300.5 0.00749819 0.0101712 0.0115962
0.0124866 11500 4301.5 0.0123855 0.0407618 0.0298239
0.00459847 11510 4302.5 0.0204654 0.130064 -0.0237928
0.00307057 11520 4303.5 0.00759787 -0.021072 0.0202876
0.00357758 11530 4304.5 0.00293582 0.00829288 0.00949606
0.00340314 11540 4305.5 0.00466676 0.00695748 0.00311658
0.00943566 11550 4306.5 0.00333234 0.0214461 0.0018319
0.00111615 11560 4307.5 0.00416214 0.0222988 0.00354255
0.00309878 11570 4308.5 0.00940362 0.00368854 0.0264928
0.00212517 11580 4309.5 0.00880861 -0.00322481 0.0260809
0.00465834 11590 4310.5 0.00256896 0.0204324 0.0024574
0.00150117 11600 4311.5 0.0043859 -0.00262755 -0.000573241
0.00895877 11610 4312.5 0.0126327 -0.0235299 -0.00488939
0.00198367 11620 4313.5 0.00322468 0.000534762 0.0070944
0.00275891 11630 4314.5 0.00465955 0.0241294 0.0066116
0.00127497 11640 4315.5 0.00355607 0.0176935 0.0017346
0.0204695 11650 4316.5 0.00858591 -0.00873958 -0.00748486
0.00546519 11660 4317.5 0.0086383 0.119089 -0.0311868
0.00678221 11670 4318.5 0.0220636 0.00837402 -9.54899e-05
0.00326111 11680 4319.5 0.00467608 0.00632075 0.0104612
0.0113725 11690 4320.5 0.0032749 0.0199621 -0.00593092
0.000829839 11700 4321.5 0.0134169 -0.00674798 0.00656233
0.00245254 11710 4322.5 0.00602441 0.0243832 0.0038571
0.00493847 11720 4323.5 0.00594361 0.0417044 0.00123206
0.00445314 11730 4324.5 0.00671075 0.0182816 0.0132019
0.00141239 11740 4325.5 0.00841126 -0.0174888 0.0202531
0.00255279 11750 4326.5 0.00685001 0.0249695 -0.0185971
0.00118913 11760 4327.5 0.0113271 0.0268092 -0.00372336
0.00878542 11770 4328.5 0.00510206 0.017965 -0.00514972
0.00427051 11780 4329.5 0.00679546 0.0161016 0.00311883
0.00558009 11790 4330.5 0.00468956 0.028377 0.00254645
0.00147545 11800 4331.5 0.00776042 0.013632 0.00861685
0.000794112 11810 4332.5 0.00669324 0.0268104 0.00451572
0.0082235 11820 4333.5 0.0041993 0.0203122 0.0197438
0.0104101 11830 4334.5 0.0108392 0.00436123 0.0619784
0.00387577 11840 4335.5 0.00462153 0.0201356 0.00475721
0.00734376 11850 4336.5 0.0417383 -0.0431178 -0.0214151
0.00204202 11860 4337.5 0.00584206 -0.0204977 0.0193207
0.00299027 11870 4338.5 0.0154569 0.0111352 0.00239304
0.002949 11880 4339.5 0.00579103 0.0104386 0.00527246
0.00228738 11890 4340.5 0.0313051 -0.0550638 0.0017488
0.00158858 11900 4341.5 0.00135907 0.00929981 0.00947901
0.00295093 11910 4342.5 0.0125591 -0.0351629 0.00521278
0.00407373 11920 4343.5 0.00725233 -0.0104248 -0.0013038
0.0010348 11930 4344.5 0.00424332 0.0333888 0.00893806
0.0012093 11940 4345.5 0.00430122 0.00450351 0.0120195
0.00162636 11950 4346.5 0.00296044 0.00699721 -0.0035294
0.00842383 11960 4347.5 0.00655309 0.0236891 0.00377726
0.00860715 11970 4348.5 0.00803965 0.049682 -0.011654
0.00478763 11980 4349.5 0.00984135 0.0192019 0.00940913
0.00830601 11990 4350.5 0.00322624 0.0189254 0.00306924
0.00123025 12000 4351.5 0.0125196 0.0185592 0.0328659
0.00300848 12010 4352.5 0.0100563 -0.0142788 0.0282142
0.00213711 12020 4353.5 0.00476688 0.0209175 0.00218322
0.00314787 12030 4354.5 0.00692169 0.0181274 0.0153776
0.0100751 12040 4355.5 0.0123282 0.0115184 0.0585049
0.00556761 12050 4356.5 0.00546018 0.0195105 0.00503756
0.00125329 12060 4357.5 0.0173801 0.00245516 0.0427705
0.00122894 12070 4358.5 0.0034816 0.0145146 -0.00639986
0.0016458 12080 4359.5 0.00241276 0.0186416 0.00033205
0.0043373 12090 4360.5 0.00600971 0.0107395 0.0100887
0.00704469 12100 4361.5 0.0228153 0.0808875 0.0299475
0.00739737 12110 4362.5 0.0207618 0.105501 -0.0113576
0.00128875 12120 4363.5 0.00551741 0.00820345 0.000788335
0.0037173 12130 4364.5 0.0215958 0.0104475 0.00195342
0.00321517 12140 4365.5 0.00786258 0.117002 -0.00220799
0.000664841 12150 4366.5 0.00401734 0.0144797 0.0139176
0.00557916 12160 4367.5 0.0242884 -0.0600283 -0.0171614
0.00171251 12170 4368.5 0.00956954 0.00294176 0.0226505
0.00437733 12180 4369.5 0.00914053 0.0386595 0.0240171
0.0121494 12190 4370.5 0.000772127 0.0162837 0.0119199
0.00440178 12200 4371.5 0.00140193 0.0632537 0.0107811
0.00129805 12210 4372.5 0.0199316 -0.00589698 -0.0082073
0.0015175 12220 4373.5 0.00550773 0.0118335 -0.00220704
0.0028454 12230 4374.5 0.00527795 0.0234636 0.00945215
0.00429377 12240 4375.5 0.000649081 0.0252685 -0.00764661
0.027146 12250 4376.5 0.0128525 0.0674542 0.0107979
0.000748706 12260 4377.5 0.00364338 0.0113484 0.0024437
0.0103795 12270 4378.5 0.00660587 -0.0204009 -0.0078222
0.00622553 12280 4379.5 0.0337625 -0.0493046 -0.00986266
0.00128476 12290 4380.5 0.016526 0.00914797 0.0120285
0.00835955 12300 4381.5 0.00210374 -0.023108 -0.0141589
0.00122849 12310 4382.5 0.0216852 -0.0183624 0.0638402
0.00203973 12320 4383.5 0.00590655 0.0240083 0.000792404
0.00246167 12330 4384.5 0.025539 0.0950443 -0.0163706
0.00856637 12340 4385.5 0.0104305 0.122248 -0.0509665
0.00243014 12350 4386.5 0.00434027 0.0215321 -0.0076461
0.00341324 12360 4387.5 0.0140876 0.0218344 -0.00352861
0.00131639 12370 4388.5 0.00271578 0.04427 -0.00956782
0.0020968 12380 4389.5 0.00323151 0.0400132 0.0171335
0.00103744 12390 4390.5 0.00354205 0.0323533 -0.000287526
0.00477557 12400 4391.5 0.00546349 0.000310294 0.0120542
0.00402336 12410 4392.5 0.00945754 0.0124427 0.016775
0.00808556 12420 4393.5 0.00653224 0.0233964 0.00958281
0.00077779 12430 4394.5 0.017293 -0.0611594 0.0603689
0.0052387 12440 4395.5 0.00694317 -0.0286844 0.0266314
0.00693877 12450 4396.5 0.00126338 0.071354 0.013278
0.005733 12460 4397.5 0.00715361 0.00551206 0.0102182
0.00155214 12470 4398.5 0.00605828 0.0235636 0.00146185
0.000282727 12480 4399.5 0.00193981 0.00611028 0.000112633
0.00313942 12490 4400.5 0.000967844 0.0219874 0.0042839
0.00584838 12500 4401.5 0.00838221 0.0178853 0.00743598
0.0024038 12510 4402.5 0.00544791 0.0139718 0.00672175
0.00143173 12520 4403.5 0.00304805 0.02795 -0.00477364
0.00247505 12530 4404.5 0.0117373 0.0473426 -0.010682
0.00370078 12540 4405.5 0.00599004 0.00589788 0.00548005
0.00529953 12550 4406.5 0.006785 0.0176219 0.00444095
0.00479227 12560 4407.5 0.0077736 -0.0121565 0.00890947
0.0017468 12570 4408.5 0.00318759 0.0265096 -0.0211998
0.000688971 12580 4409.5 0.000848015 -0.0118603 -0.0138188
0.00440225 12590 4410.5 0.00475019 -0.00150072 0.00629731
0.00183975 12600 4411.5 0.00489599 -0.00133454 -0.000167255
0.00667466 12610 4412.5 0.00734134 0.0147472 0.00952436
0.00583527 12620 4413.5 0.00446566 -0.00576405 -0.00765701
0.00762951 12630 4414.5 0.00346062 0.0445052 0.0201822
0.00482673 12640 4415.5 0.000316006 -0.0058828 -0.00944414
0.00882094 12650 4416.5 0.00634896 -0.0104425 0.00435133
0.000813851 12660 4417.5 0.004618 0.00533068 0.0105747
0.00836809 12670 4418.5 0.00536423 0.0302488 0.00293154
0.0010633 12680 4419.5 0.00490211 0.00561186 0.0105193
0.00554526 12690 4420.5 0.00455421 0.0245423 0.000129159
0.00398824 12700 4421.5 0.00263918 0.0727592 0.0085071
0.005156 12710 4422.5 0.00645892 0.00391624 0.0030382
0.00213445 12720 4423.5 0.00271881 0.00370422 0.00284024
0.00168804 12730 4424.5 0.00682791 -0.0140737 0.0181068
0.00977931 12740 4425.5 0.0189206 -0.028895 -0.00422097
0.00492934 12750 4426.5 0.00488834 0.0205692 0.00498337
0.00787262 12760 4427.5 -0.00255749 -0.00734735 0.0196565
0.00496316 12770 4428.5 0.0062424 0.0209026 0.0100238
0.00146047 12780 4429.5 0.0117955 -0.00461338 -0.0114362
0.00335619 12790 4430.5 0.00437536 0.00795919 0.00388041
0.00157213 12800 4431.5 0.01014 -0.00714573 0.0174827
0.00206217 12810 4432.5 0.0137958 0.00296777 0.0199985
0.00207682 12820 4433.5 0.0118178 0.164964 0.0158543
0.00137007 12830 4434.5 0.0105917 0.00157257 0.0108738
0.00715539 12840 4435.5 0.0233498 0.0890837 0.00456891
0.00613083 12850 4436.5 0.00362262 -0.0153293 0.0029389
0.00914948 12860 4437.5 0.0036149 0.0227503 0.00149049
0.00216869 12870 4438.5 0.00326221 0.0106169 0.00474234
0.00382135 12880 4439.5 0.00257406 0.0190872 0.016015
0.0068629 12890 4440.5 0.00657613 0.0177515 0.00278443
0.00281546 12900 4441.5 0.00644347 -0.017548 0.0126939
0.000837151 12910 4442.5 0.00139506 0.0351223 0.00537772
0.000344928 12920 4443.5 0.00467082 0.0199801 -0.00209414
0.00606406 12930 4444.5 0.00207886 -0.00070092 -0.00760085
0.00254368 12940 4445.5 0.00694822 -0.00661572 0.0190281
0.0028323 12950 4446.5 0.00735447 -0.0185363 0.0178257
0.000841253 12960 4447.5 0.00336217 -0.000524718 0.00925555
0.0019353 12970 4448.5 0.00278582 0.0343165 0.00610298
0.00468857 12980 4449.5 0.0162289 0.031053 -0.0348887
0.00736796 12990 4450.5 0.00799557 0.0198043 -0.00424059
0.00603971 13000 4451.5 0.00660046 -0.027998 -0.000523427
0.00792367 13010 4452.5 0.0228287 0.021542 -0.00789993
0.00769878 13020 4453.5 0.00326037 -0.00122647 -0.00252103
0.00695844 13030 4454.5 0.00119474 -0.00273291 0.00244615
0.00931688 13040 4455.5 0.0054582 0.0088758 -0.00345233
0.00436508 13050 4456.5 0.00421769 0.018253 -0.00283692
0.005986 13060 4457.5 0.0155635 0.00617468 0.0547973
0.00557792 13070 4458.5 0.00445789 -0.00751799 0.000109261
0.00308777 13080 4459.5 0.00994638 -0.013758 0.0152641
0.00343344 13090 4460.5 0.00842999 0.0179686 0.00667894
0.00136851 13100 4461.5 0.00364308 0.00981313 -0.012059
0.00880915 13110 4462.5 0.00525171 0.0114264 0.00454653
0.00298364 13120 4463.5 0.00569897 0.0172601 0.00692533
0.00847597 13130 4464.5 0.00451125 0.0178576 0.00274955
0.0123663 13140 4465.5 0.00803174 -0.0156404 -0.00767376
0.00109709 13150 4466.5 0.00757027 -0.00164237 0.00438307
0.00266418 13160 4467.5 0.00562169 -0.0198179 0.0172755
0.00715193 13170 4468.5 0.00597877 -0.0104354 -0.000216933
0.00679272 13180 4469.5 0.00684026 -0.0305617 -0.00768572
0.000943937 13190 4470.5 0.00348805 0.0161972 0.00402698
0.00197678 13200 4471.5 0.00476687 0.0326722 0.00898248
0.00220125 13210 4472.5 0.00644998 -0.014221 0.0249812
0.00832854 13220 4473.5 0.00120664 0.0202248 -0.0161245
0.00521747 13230 4474.5 0.00301283 0.00852286 -0.00974532
0.00367922 13240 4475.5 0.0011106 -0.0288972 -0.0155911
0.00435694 13250 4476.5 0.00510883 0.0042048 -0.00151542
0.000995726 13260 4477.5 0.0193622 0.0207234 0.000643122
0.00247824 13270 4478.5 0.00250167 0.0138076 -0.00249036
0.0125077 13280 4479.5 0.00500756 0.0670134 0.023041
0.00311289 13290 4480.5 0.0208286 -0.0529102 0.00391995
0.00473462 13300 4481.5 0.00377558 0.0264311 -0.00170131
0.00697376 13310 4482.5 0.00714696 0.0165862 0.0027449
0.00213218 13320 4483.5 0.0252824 -0.0402602 -0.015069
0.00559605 13330 4484.5 0.00908437 -0.0131054 0.0193413
0.00678012 13340 4485.5 0.0143311 0.119788 0.014993
0.00119588 13350 4486.5 0.0146114 0.0173308 0.0284879
0.00475293 13360 4487.5 0.00953286 -0.0366055 0.00664532
0.0024683 13370 4488.5 0.00967397 0.000876873 0.00754946
0.00575492 13380 4489.5 0.00342694 0.000520403 0.00370706
0.00433422 13390 4490.5 0.00564147 -0.0270251 0.0195647
0.0053811 13400 4491.5 0.0119046 -0.0347607 0.0130192
0.00857743 13410 4492.5 0.0236409 -0.0257789 0.00194076
0.00273092 13420 4493.5 0.00367724 0.0227633 -0.00597272
0.0031032 13430 4494.5 0.000252559 0.0154508 -0.0323009
0.00146199 13440 4495.5 0.00567351 -0.00651523 -0.00357207
0.00448205 13450 4496.5 0.00449025 -0.0109557 0.00829976
0.00347228 13460 4497.5 0.00397761 0.0167144 -0.0104229
0.00829366 13470 4498.5 0.00499318 -0.0203957 0.0161322
0.00755101 13480 4499.5 0.00502735 -0.0267736 0.00329961
0.00176691 13490 4500.5 0.00605887 0.00389533 0.0092413
0.0159535 13500 4501.5 -0.000495257 0.10629 -0.0351564
0.001714 13510 4502.5 0.00318006 -0.00111141 -0.00151349
0.00562433 13520 4503.5 0.00512727 0.0302111 0.004773
0.00518507 13530 4504.5 0.0220683 -0.00731523 0.054479
0.00314058 13540 4505.5 0.0034861 0.0298816 0.00320248
0.00372048 13550 4506.5 0.00672537 -0.00290686 -0.00159939
0.00480893 13560 4507.5 0.0119712 0.0116304 0.026908
0.0010682 13570 4508.5 0.00920851 0.0138425 0.0238775
0.00558652 13580 4509.5 0.00465227 -0.013016 -0.00400471
0.00419973 13590 4510.5 0.012845 0.0321718 0.00187602
0.00122035 13600 4511.5 0.00273025 -0.00233486 0.00797147
0.00594911 13610 4512.5 0.00451833 0.0221345 -0.000205293
0.00813289 13620 4513.5 0.0157514 0.0814384 0.0381839
0.00201847 13630 4514.5 0.021706 0.0082193 -0.0100113
0.000788863 13640 4515.5 0.0058864 0.0101808 0.0120329
0.00216024 13650 4516.5 0.0156793 -0.0324835 -0.00853565
0.00170039 13660 4517.5 0.0112759 -0.0348613 -0.0212894
0.00173813 13670 4518.5 0.00778438 -0.0151807 0.0239895
0.00509874 13680 4519.5 0.0112218 0.0199579 0.113497
0.00421595 13690 4520.5 0.0147881 -0.0281454 0.00600836
0.00440928 13700 4521.5 0.00190156 0.0287632 -0.00520857
0.00628662 13710 4522.5 0.00859179 0.00297422 0.0110582
0.00356536 13720 4523.5 0.00555365 0.0177871 0.00139145
0.00597685 13730 4524.5 0.00123184 0.0190499 -0.00139545
0.0113153 13740 4525.5 0.019863 -0.0246052 -0.020337
0.00484172 13750 4526.5 0.0070686 -0.0217497 0.0182642
0.00235413 13760 4527.5 0.00427723 0.0551926 -0.001685
0.00187684 13770 4528.5 3.06832e-05 0.00295506 -0.0107485
0.00748134 13780 4529.5 0.018756 -0.00660482 -0.00337779
0.00163558 13790 4530.5 0.0276494 0.117638 0.0125552
0.00408764 13800 4531.5 0.00660392 0.0338024 0.0230195
0.0037554 13810 4532.5 0.0123165 0.0216767 -0.0104684
0.00111509 13820 4533.5 0.00746388 0.0196732 0.00596438
0.00634975 13830 4534.5 0.00620424 -0.00588996 -4.22906e-05
0.00371658 13840 4535.5 0.00504773 0.0159291 -0.00102593
0.00454833 13850 4536.5 0.00503431 0.0156583 0.00940563
0.00272235 13860 4537.5 0.0197312 -0.0147169 -0.0155479
0.00316336 13870 4538.5 0.00284244 0.0441733 0.00828117
0.0041147 13880 4539.5 0.00972621 0.01311 0.00915069
0.00592711 13890 4540.5 0.00697435 0.0364773 0.0226547
0.00231736 13900 4541.5 0.0157042 -0.0457467 0.0140263
0.00341686 13910 4542.5 0.00405405 -0.0345157 -0.000214587
0.00452761 13920 4543.5 0.0160964 -0.0416403 -0.014625
0.00513584 13930 4544.5 0.00660447 0.00914523 0.0049581
0.000886586 13940 4545.5 0.00509388 0.0135773 0.0145085
0.00531331 13950 4546.5 -0.012475 0.00892567 -0.0840994
0.00828726 13960 4547.5 0.00366729 -0.024263 -0.00501158
0.00503501 13970 4548.5 0.00905834 -0.013402 0.0197722
0.00567445 13980 4549.5 0.0120521 -0.0464794 -0.00702646
0.00255756 13990 4550.5 0.0253804 -0.0114125 0.0121069
0.00103458 14000 4551.5 0.00337863 0.023268 0.00384283
0.00397109 14010 4552.5 0.00734344 0.0153134 -0.00880336
0.000842806 14020 4553.5 0.0198305 -0.0317233 -0.0259566
0.000788995 14030 4554.5 0.00359034 0.0129585 0.00935055
0.00751309 14040 4555.5 0.00283845 0.00836332 -0.00123173
0.00543357 14050 4556.5 0.00222553 0.0241546 -0.00151414
0.00298101 14060 4557.5 0.00401128 -0.0209093 0.00468949
0.00117119 14070 4558.5 0.00394166 0.0169345 0.0094179
0.00356658 14080 4559.5 0.003774 0.0309432 0.0133523
0.00144697 14090 4560.5 0.00230983 0.0349702 0.00815942
0.00107271 14100 4561.5 0.00599834 0.0181541 0.0121224
0.00250796 14110 4562.5 0.0080262 -0.0128442 0.0186652
0.00785489 14120 4563.5 0.00110051 -0.0258688 -0.0097799
0.00262828 14130 4564.5 0.00590657 0.00944614 0.0103045
0.00639959 14140 4565.5 0.0055332 0.0173316 0.0185038
0.00184551 14150 4566.5 0.00700424 0.00463652 0.00592123
0.00314682 14160 4567.5 0.00484782 0.0184209 -0.00146411
0.0105959 14170 4568.5 0.0124028 -0.0284026 -0.00505367
0.00183209 14180 4569.5 0.0089377 -0.00304539 0.0116546
0.000932265 14190 4570.5 0.00895051 0.000501015 0.0251908
0.00127269 14200 4571.5 0.0174392 0.00458752 -0.0220391
0.000914196 14210 4572.5 0.00436632 0.0197538 -0.00400019
0.00104679 14220 4573.5 0.00629197 0.0165141 0.0126443
0.00326191 14230 4574.5 0.0166827 0.0226632 -0.0230614
0.000902811 14240 4575.5 0.00528461 0.0168971 0.0120973
0.00943004 14250 4576.5 0.00487717 0.0227072 -0.00630167
0.00427144 14260 4577.5 0.00169039 0.000748112 0.00103953
0.00207925 14270 4578.5 0.00458643 -0.00913634 0.00675178
0.00685233 14280 4579.5 0.00813945 -0.0111359 0.0165062
0.00295292 14290 4580.5 0.00775101 0.016446 0.00317056
0.00222973 14300 4581.5 0.0267272 0.0331612 -0.0284865
0.00694121 14310 4582.5 0.00538872 0.00491005 0.0101321
0.00678386 14320 4583.5 0.00177806 0.0489761 0.00684862
0.00303229 14330 4584.5 0.00660435 0.0163246 -0.00638509
0.000929449 14340 4585.5 0.00565427 0.0123369 -0.00155292
0.00123421 14350 4586.5 0.00561888 0.0212753 0.0153095
0.00187914 14360 4587.5 0.00420888 0.00927834 0.00767399
0.00326646 14370 4588.5 0.00283782 0.0493584 0.0109369
0.00221112 14380 4589.5 0.0106284 0.00141834 0.0045848
0.00355011 14390 4590.5 0.0181303 0.0148011 -0.0145818
0.00034448 14400 4591.5 0.00189337 -0.00634284 -0.00891221
0.00301031 14410 4592.5 0.00297423 0.0289662 0.00896051
0.00577071 14420 4593.5 0.00863421 0.0548549 0.0121878
0.009056 14430 4594.5 0.003395 0.00956174 -0.00323862
0.00457222 14440 4595.5 0.000738931 -0.0371229 -0.00811344
0.00383462 14450 4596.5 0.00177677 0.0234677 -0.00275596
0.00450265 14460 4597.5 0.0177492 -0.0197519 0.0140107
0.00398594 14470 4598.5 0.00686723 0.0638222 0.014643
0.0067742 14480 4599.5 0.0562457 0.0219454 -0.0224858
0.00815149 14490 4600.5 0.000643319 -0.011709 -0.0157682
0.00531008 14500 4601.5 0.00116694 0.0516765 0.00789873
0.00334461 14510 4602.5 0.0157356 -0.0299207 0.0100681
0.00589296 14520 4603.5 0.00746203 0.0182818 0.00762506
0.00569144 14530 4604.5 0.00865877 -0.0234922 0.0155253
0.00114442 14540 4605.5 0.00743775 0.0128658 0.0179265
0.00871001 14550 4606.5 0.00511656 0.0188433 0.0100833
0.0135958 14560 4607.5 0.0110547 0.0224471 -0.0031467
0.00811153 14570 4608.5 0.00543979 -0.0079656 -0.00842622
0.00255879 14580 4609.5 0.000715951 0.0128775 0.0102386
0.00196481 14590 4610.5 0.00640813 0.0482125 0.00328005
0.0134707 14600 4611.5 0.000316794 0.0439926 -0.0258555
0.00328944 14610 4612.5 0.00188242 0.122304 -0.0016181
0.00408403 14620 4613.5 0.00574416 0.0160395 -0.000505256
0.00285347 14630 4614.5 0.00411545 0.0212003 0.00651396
0.00984483 14640 4615.5 0.0024627 -0.0242286 -0.0128271
0.010631 14650 4616.5 0.00251128 -0.00965989 -0.00437341
0.00148571 14660 4617.5 0.0110194 0.00930106 0.0284553
0.00137417 14670 4618.5 0.00463814 0.00283544 -0.000783012
0.00327269 14680 4619.5 0.00800531 0.0366055 0.0180529
0.00939449 14690 4620.5 0.00511357 0.00142574 0.00398338
0.00346364 14700 4621.5 0.00571967 0.0191528 0.0117599
0.00487867 14710 4622.5 0.00555168 -0.0238705 0.0147184
0.00125689 14720 4623.5 0.00689577 0.00232247 0.0112543
0.00271597 14730 4624.5 -0.000109478 0.0250853 -0.00628983
0.00529646 14740 4625.5 0.0091171 -0.0166924 0.0122601
0.00357007 14750 4626.5 0.0483476 0.0328432 0.119189
0.00336646 14760 4627.5 0.00584232 0.00931373 0.00693031
0.00178508 14770 4628.5 0.0115248 -0.00568234 0.0205331
0.00349396 14780 4629.5 0.00370268 0.0307279 -0.00774811
0.00454165 14790 4630.5 0.00614728 -0.0111101 0.00420553
0.00544584 14800 4631.5 0.00664061 0.00342976 -0.00620349
0.00233068 14810 4632.5 0.000652653 0.0244031 0.00670465
0.00260963 14820 4633.5 0.00675906 -0.00660516 0.0114009
0.000795642 14830 4634.5 0.00781354 0.0102597 0.0218549
0.00770703 14840 4635.5 0.00989284 0.0289745 0.0159974
0.0011572 14850 4636.5 0.00476163 0.0114828 -0.00387889
0.00577848 14860 4637.5 -0.00221315 0.0221468 -0.00537828
0.00128472 14870 4638.5 0.00575693 8.01573e-05 0.0119563
0.00410634 14880 4639.5 -0.00754892 0.0114547 -0.00172052
0.00661388 14890 4640.5 0.00905744 -0.0252024 -0.00694313
0.00355131 14900 4641.5 0.00596462 0.000210326 -0.00742065
0.00383871 14910 4642.5 0.00736447 0.0230478 -0.0063831
0.00362415 14920 4643.5 0.00290768 0.0271809 0.00426741
0.00927486 14930 4644.5 0.00535873 -0.00152625 0.00636423
0.00232055 14940 4645.5 0.00771722 0.0129765 0.0100477
0.00341704 14950 4646.5 0.0102121 -0.0353732 0.0111661
0.0108762 14960 4647.5 0.00251513 0.0125916 0.0159058
0.0110381 14970 4648.5 0.0373383 -0.0532274 -0.000467957
0.00378834 14980 4649.5 0.00285596 0.0189077 0.00870012
0.00299859 14990 4650.5 0.00508399 0.0250908 0.00209672
0.0048733 15000 4651.5 0.0149607 0.0267255 -0.00413528
0.0110083 15010 4652.5 0.00421092 0.00578741 0.00211134
0.00620092 15020 4653.5 0.00595716 -0.00568229 -0.0121784
0.00410726 15030 4654.5 0.0046015 -0.0115698 0.0155719
0.00112988 15040 4655.5 0.00298816 0.0152175 -0.00697693
0.0115046 15050 4656.5 0.00993787 -0.0190089 -0.000583269
0.00568156 15060 4657.5 0.00748529 -0.00272912 0.00983763
0.0115608 15070 4658.5 0.0192746 0.131314 -0.0321268
0.00892744 15080 4659.5 0.0119596 -0.0431637 -0.0174713
0.00214092 15090 4660.5 -0.00114188 0.0337581 -0.0306013
0.00726448 15100 4661.5 0.00360669 0.0227159 -0.0121406
0.00600624 15110 4662.5 0.00343002 -0.0113392 0.00992101
0.00342313 15120 4663.5 0.0235951 -0.0432484 -0.00126028
0.00727722 15130 4664.5 0.00222278 0.0177958 0.00322811
0.00480515 15140 4665.5 0.00402983 0.0211947 0.00132318
0.00116922 15150 4666.5 0.00579317 0.0158693 -0.00709843
0.00532662 15160 4667.5 0.00532178 0.0192284 0.00245634
0.00100915 15170 4668.5 0.00457231 0.0178001 0.00647828
0.00902542 15180 4669.5 0.00327267 0.00284831 -0.00388675
0.00186848 15190 4670.5 0.00837688 -0.00509681 0.0114049
0.00211553 15200 4671.5 0.019974 -0.00935227 0.0120831
0.000956191 15210 4672.5 0.000466971 0.0236302 -0.00929119
0.000852408 15220 4673.5 0.002083 0.0157247 0.0161413
0.00527296 15230 4674.5 0.00680777 0.0193393 0.00887086
0.00764123 15240 4675.5 0.00755413 0.0153804 0.00480165
0.00777378 15250 4676.5 -0.000579128 -0.020294 0.00785197
0.00851029 15260 4677.5 0.00377052 -0.00399837 0.00161762
0.0042526 15270 4678.5 0.00477153 0.0178279 0.00966404
0.00197191 15280 4679.5 0.0245849 -0.0424298 -0.0093134
0.00537332 15290 4680.5 0.034159 -0.0565971 -0.00301427
0.0063907 15300 4681.5 0.00835894 0.0180583 0.0189721
0.00270607 15310 4682.5 0.00382341 0.0159881 0.00124781
0.004316 15320 4683.5 0.00736636 0.0169951 0.0261316
0.000661983 15330 4684.5 0.00230621 0.0230077 0.00588651
0.00510252 15340 4685.5 0.00374388 0.0144264 0.00186954
0.00163335 15350 4686.5 0.00497001 0.00546395 0.00785079
0.00474668 15360 4687.5 0.00582505 0.0149105 0.00566617
0.00591261 15370 4688.5 0.0043122 0.00271904 -0.00578626
0.00200314 15380 4689.5 0.00144003 0.0237827 -0.0096969
0.00371888 15390 4690.5 0.0030986 0.0179816 -0.00377201
0.00448807 15400 4691.5 0.00674401 -0.00905244 0.0168257
0.00264826 15410 4692.5 0.00504304 0.0124008 0.000552185
0.00160954 15420 4693.5 0.00501238 0.0157561 -0.00438879
0.00544167 15430 4694.5 0.0028715 0.0173946 0.00258436
0.00616905 15440 4695.5 0.00313984 -0.0119424 -0.00509233
0.000757335 15450 4696.5 0.00471389 0.021695 -0.00367175
0.00199772 15460 4697.5 0.00324767 0.0208759 -0.00623191
0.0017198 15470 4698.5 0.00774289 -0.0137447 0.0177007
0.00242846 15480 4699.5 0.00460988 0.0293894 0.00544386
0.00349619 15490 4700.5 0.00322833 0.0227937 0.0110793
0.00577338 15500 4701.5 0.0177111 0.111843 0.0208177
0.00579756 15510 4702.5 0.00509363 0.010571 0.00752955
0.00508927 15520 4703.5 0.00480273 0.0209279 0.0045417
0.00156009 15530 4704.5 0.00404074 0.0141813 0.00204297
0.00405839 15540 4705.5 0.00531199 0.0185026 0.00614043
0.0048414 15550 4706.5 0.00603799 0.0204964 0.00466215
0.000296676 15560 4707.5 0.0213971 -0.0102787 -0.0434386
0.00133351 15570 4708.5 0.00466134 0.00193956 0.016096
0.0067032 15580 4709.5 0.00125063 -0.018117 -0.00163628
0.00611915 15590 4710.5 0.00610627 -0.0147283 0.00312685
0.00765705 15600 4711.5 0.00262736 0.0231342 -0.00833753
0.0144095 15610 4712.5 0.014237 -0.00993047 -0.011134
0.00146748 15620 4713.5 0.00663286 0.0120037 0.00873744
0.0011116 15630 4714.5 0.00646978 0.00458305 0.00336716
0.00388294 15640 4715.5 0.00576751 0.0108307 0.0143911
0.0115171 15650 4716.5 0.0066741 0.00649702 0.00305497
0.00444011 15660 4717.5 0.00717417 0.00240093 0.00567525
0.00640602 15670 4718.5 0.0197111 0.0170153 -0.0158229
0.0104569 15680 4719.5 0.00242605 0.0235452 0.00523468
0.00374078 15690 4720.5 0.00275804 0.0133287 0.00271951
0.00221878 15700 4721.5 0.00252383 -0.00317296 0.0174326
0.00110291 15710 4722.5 0.00598949 0.0545006 0.016594
0.000995567 15720 4723.5 0.00553277 0.0248414 0.00741889
0.000791746 15730 4724.5 0.0122304 0.00176408 -0.00932986
0.0096037 15740 4725.5 0.0207435 -0.0305849 0.0011951
0.00170845 15750 4726.5 0.00727971 0.0168606 0.00346137
0.00643534 15760 4727.5 0.00620549 0.000879196 0.040823
0.00589275 15770 4728.5 0.0109687 -0.0446068 -0.00840024
0.0022569 15780 4729.5 0.0165543 0.0236096 -0.00848011
0.00445312 15790 4730.5 0.00663839 0.0405623 0.0161711
0.0103451 15800 4731.5 0.00214944 0.0618034 0.00703483
0.00143509 15810 4732.5 0.01049 -0.0376301 0.0176984
0.00066709 15820 4733.5 0.00234457 0.0159264 -0.00964211
0.00539793 15830 4734.5 0.0119677 0.0632065 0.000425178
0.00169303 15840 4735.5 0.00352898 0.0333019 0.00346764
0.0045726 15850 4736.5 0.00879646 -0.0375046 0.0142309
0.000894751 15860 4737.5 0.00620034 0.011395 0.0115318
0.00428732 15870 4738.5 -0.00367014 0.0690031 -0.0151939
0.00625215 15880 4739.5 0.0212404 0.0893617 0.0206437
0.0188075 15890 4740.5 0.0359603 -0.0489355 0.0133042
0.00278689 15900 4741.5 0.0072481 -0.00952196 0.017921
0.00346126 15910 4742.5 0.00595512 0.0200789 0.00772162
0.00565624 15920 4743.5 0.0249731 0.0127995 -0.0286299
0.00453347 15930 4744.5 0.0155755 -0.060157 0.0143834
0.00529139 15940 4745.5 0.00512408 0.00902874 0.00465609
0.00221623 15950 4746.5 0.000828188 0.000231743 0.0166087
0.00275336 15960 4747.5 0.00202427 0.0327758 -0.0114688
0.00190902 15970 4748.5 0.00215502 0.0157992 -0.00491859
0.00738027 15980 4749.5 0.0039554 0.0188851 -0.0066521
0.00757641 15990 4750.5 0.00274752 -0.0230574 -0.0193469
0.00471992 16000 4751.5 0.0115721 -0.0169115 0.0115787
0.00818944 16010 4752.5 0.00524015 0.0248942 0.00200253
0.00346936 16020 4753.5 0.0227107 0.0166307 -0.0432915
0.00420274 16030 4754.5 0.00472734 0.0115134 0.00104742
0.0108821 16040 4755.5 0.00271661 0.0163733 0.00112347
0.00264257 16050 4756.5 0.00503939 0.0145166 0.00328532
0.00862755 16060 4757.5 0.0038927 0.056352 0.0113843
0.00178041 16070 4758.5 0.00317833 0.00767541 0.00505537
0.0095349 16080 4759.5 0.0022372 0.0206812 0.00283404
0.00834795 16090 4760.5 0.0083828 0.0241963 0.0155532
0.00131873 16100 4761.5 0.00695202 -0.0136836 0.0210929
0.00356793 16110 4762.5 0.00388586 0.123823 -0.0125294
0.00400135 16120 4763.5 0.00307521 0.0237288 -0.00284291
0.00386202 16130 4764.5 0.00455312 0.0163227 0.00572664
0.00469102 16140 4765.5 0.0053512 0.0182322 0.000428064
0.010035 16150 4766.5 0.00419651 0.0169307 -0.00509085
0.0086928 16160 4767.5 0.0183754 0.118075 -0.0252578
0.000662181 16170 4768.5 0.0152579 0.0136528 0.00252634
0.00593933 16180 4769.5 0.00427086 0.0191807 -0.00185781
0.00130666 16190 4770.5 0.000371183 -0.05746 0.0214238
0.00119627 16200 4771.5 0.011956 -0.021894 0.0204233
0.00838039 16210 4772.5 0.00518131 0.0153563 0.000751638
0.00541951 16220 4773.5 0.00767675 -0.0134272 0.00631832
0.00131531 16230 4774.5 0.00980699 0.00223994 -0.0137471
0.010479 16240 4775.5 0.00739182 0.0241264 0.00644624
0.00684762 16250 4776.5 0.00612505 0.0313628 0.0131949
0.00268771 16260 4777.5 0.00658203 0.0116495 0.00524071
0.00320897 16270 4778.5 0.0129699 0.0168374 0.00751287
0.00467863 16280 4779.5 0.0321267 0.0284131 -0.0502214
0.00659451 16290 4780.5 0.0162628 0.00329673 0.0588384
0.00624545 16300 4781.5 0.00648803 -0.0120003 0.0150139
0.00202445 16310 4782.5 0.0056421 0.0150894 0.000284341
0.00613127 16320 4783.5 0.00719801 -0.00334222 0.0213499
0.00533296 16330 4784.5 0.00199767 0.0147366 -0.00368252
0.00781649 16340 4785.5 0.00858935 0.000512426 0.0306488
0.0021756 16350 4786.5 0.00438346 0.0203275 -0.0159435
0.00344047 16360 4787.5 0.0259697 -0.0392765 -0.0147336
0.00286031 16370 4788.5 0.00378954 0.0259547 0.00425821
0.000699204 16380 4789.5 0.00249285 0.0150021 -0.00361436
0.00546202 16390 4790.5 0.00111107 -0.0177871 0.00793208
0.00434781 16400 4791.5 0.0032584 0.0504646 0.0270903
0.00345889 16410 4792.5 0.00432358 0.0556431 0.0187969
0.00229228 16420 4793.5 0.000895556 -0.0256412 -0.00465973
0.00617508 16430 4794.5 0.00703081 0.00220677 0.00810496
0.00520777 16440 4795.5 0.00804757 -0.000201528 0.00699042
0.00261808 16450 4796.5 0.00535199 0.0159823 -0.00285139
0.00182177 16460 4797.5 0.00287686 -0.0048211 0.00722141
0.00696304 16470 4798.5 0.00614673 -0.00648608 0.0067963
0.00452706 16480 4799.5 0.00582724 -6.03625e-05 -0.00267573
0.00464223 16490 4800.5 0.019295 0.00851246 0.00492753
0.00509266 16500 4801.5 0.00170697 0.0335118 -0.00974848
0.000736261 16510 4802.5 0.00820899 0.0131357 0.0228816
0.00146909 16520 4803.5 -0.0099773 0.0175662 -0.000715991
0.00282534 16530 4804.5 0.00309428 0.0276393 0.00268301
0.000883545 16540 4805.5 0.00508418 0.014949 0.00125812
0.00453135 16550 4806.5 0.00708536 -0.021613 -0.00453426
0.00229603 16560 4807.5 0.00754299 0.0234065 0.00814155
0.00574083 16570 4808.5 0.00267273 0.0240019 0.00214335
0.00428827 16580 4809.5 0.0211596 -0.0391996 -0.0165567
0.00444676 16590 4810.5 0.00325855 0.0289906 -0.00308792
0.00201544 16600 4811.5 0.00814038 -0.00826727 0.0107976
0.00477355 16610 4812.5 0.00421126 0.0454093 0.0159206
0.00524125 16620 4813.5 0.00806896 0.0241502 0.0115809
0.00138864 16630 4814.5 0.00478757 0.0167788 0.00352923
0.000837871 16640 4815.5 0.0130781 -0.012124 -0.0326861
0.00855773 16650 4816.5 0.0137166 -0.00650758 0.0464029
0.00591722 16660 4817.5 0.00482639 0.0118211 0.0136199
0.0153764 16670 4818.5 0.00940161 0.004496 0.0136709
0.00708026 16680 4819.5 0.00844171 0.0194095 0.00482656
0.00397468 16690 4820.5 0.00732605 -0.0091102 0.0171097
0.000793957 16700 4821.5 0.00509643 0.020103 0.01384
0.00310216 16710 4822.5 0.00955459 0.021418 0.00422638
0.00667357 16720 4823.5 0.00151819 0.026958 0.0130134
0.000722755 16730 4824.5 0.00169156 0.0175782 0.00435558
0.00134192 16740 4825.5 0.000544088 0.0309089 0.00659718
0.000815676 16750 4826.5 0.0110168 0.0182821 -0.0143463
0.00544373 16760 4827.5 0.00408211 0.0295797 -0.00531025
0.0101949 16770 4828.5 0.00792145 0.016487 0.000260218
0.00209279 16780 4829.5 0.00358311 -0.00779194 7.77259e-05
0.00121314 16790 4830.5 0.0448797 -0.00267268 -0.0664994
0.00490533 16800 4831.5 0.00803746 0.00925259 0.0239863
0.00233331 16810 4832.5 -0.00702305 0.069535 -0.0239642
0.00423665 16820 4833.5 0.0182684 0.135301 0.0148418
0.00181185 16830 4834.5 0.0100889 0.0412643 0.0110835
0.00205701 16840 4835.5 0.00623112 0.0207569 0.00934876
0.00221183 16850 4836.5 0.0083612 0.0185336 0.00935068
0.0142783 16860 4837.5 0.00795168 0.0074027 0.0120906
0.00582915 16870 4838.5 0.00662747 0.0214022 0.00612319
0.00203585 16880 4839.5 0.00391624 0.00722057 0.00274536
0.00285213 16890 4840.5 0.00284771 0.03219 0.0112691
0.00366833 16900 4841.5 0.0056448 -0.00279926 0.0108742
0.00318258 16910 4842.5 0.00815604 -0.0148591 0.0166319
0.00470784 16920 4843.5 0.00359594 0.00641635 -0.000512485
0.00362966 16930 4844.5 0.00741069 0.0222722 -0.018676
0.00078841 16940 4845.5 0.00516443 0.00679807 -0.0179156
0.00199509 16950 4846.5 0.00268573 0.02299 0.0149563
0.00288345 16960 4847.5 -0.00256765 0.0212793 -0.00931271
0.00231886 16970 4848.5 0.00699533 0.0117277 0.00673986
0.000855792 16980 4849.5 0.00798764 0.0302353 0.0107926
0.00106754 16990 4850.5 0.00441904 0.0102721 0.00933684
0.00308263 17000 4851.5 0.00260861 0.0467486 0.0105061
0.00284954 17010 4852.5 0.00315384 0.0235677 0.00719907
0.0093468 17020 4853.5 0.0108399 -0.0077332 0.016678
0.000691191 17030 4854.5 0.00169705 0.0173147 0.00917876
0.00239578 17040 4855.5 0.00830091 0.00810288 0.00715836
0.015059 17050 4856.5 0.025574 -0.0479604 -0.00589705
0.00635942 17060 4857.5 0.00659481 -0.00917213 0.0150493
0.006666 17070 4858.5 0.00614118 0.0207886 0.00953544
0.00782765 17080 4859.5 0.00693275 0.0802818 0.00282014
0.00208497 17090 4860.5 0.00647823 0.0086835 0.0101605
0.00932371 17100 4861.5 0.00601191 0.0102002 0.0154987
0.00150825 17110 4862.5 0.00376674 0.0251046 -0.00476277
0.000688945 17120 4863.5 0.065533 0.00484164 -0.106843
0.0017743 17130 4864.5 0.0135964 0.0100166 0.0206921
0.00159048 17140 4865.5 0.00229069 0.0228005 0.0140066
0.000833787 17150 4866.5 0.00217475 0.0190588 0.0129888
0.00580624 17160 4867.5 0.00723519 0.0190009 0.00384925
0.00297055 17170 4868.5 0.01003 -0.00474854 0.0187048
0.00302774 17180 4869.5 0.00468452 0.00672558 0.00348547
0.00124305 17190 4870.5 0.00475627 0.0108077 0.00861146
0.00565361 17200 4871.5 0.0116643 -0.0168417 0.00275094
0.00632111 17210 4872.5 0.00582051 0.00757592 0.0105716
0.000949777 17220 4873.5 0.00271078 0.0242741 -0.000584456
0.0112629 17230 4874.5 0.0062816 0.0207391 0.0025546
0.000694936 17240 4875.5 0.00796126 0.0146644 0.0183287
0.000779892 17250 4876.5 0.00677746 0.0176765 0.00825278
0.00392388 17260 4877.5 0.00427278 0.024564 0.0023029
0.0114667 17270 4878.5 0.0110972 -0.0192809 0.0197133
0.0045924 17280 4879.5 0.0166106 -0.0300751 0.00849811
0.00168043 17290 4880.5 0.00664156 0.00103954 0.00568327
0.00374976 17300 4881.5 0.00406185 0.0762396 0.0147644
0.00524369 17310 4882.5 0.00659846 0.0232164 0.0103259
0.00168244 17320 4883.5 0.00386894 0.0372895 0.0141397
0.0119986 17330 4884.5 0.0057175 0.0201728 0.00792213
0.00772306 17340 4885.5 0.00298831 0.0118155 0.00106233
0.0104656 17350 4886.5 0.00737974 -0.0133891 0.0107592
0.00616202 17360 4887.5 0.00370873 0.022214 -0.00112075
0.000763837 17370 4888.5 0.00467024 0.00951588 0.00495049
0.00404222 17380 4889.5 0.00689617 0.0221609 0.000868507
0.0053191 17390 4890.5 0.0096019 -0.0102843 0.0173731
0.00219189 17400 4891.5 0.0102516 -0.0158299 0.022881
0.00535735 17410 4892.5 0.00566147 0.0207795 -0.00172238
0.00611532 17420 4893.5 0.00707965 0.0507271 0.0170056
0.00380958 17430 4894.5 0.00925238 -0.0226949 -0.00713272
0.00338068 17440 4895.5 0.00587062 0.0119064 0.00119905
0.00479413 17450 4896.5 0.00687402 0.0179028 0.0175516
0.00362899 17460 4897.5 0.00152788 0.044473 -0.041667
0.010162 17470 4898.5 0.00395526 0.0294096 0.00116437
0.00483544 17480 4899.5 0.00971547 -0.0124327 0.00570047
0.00733194 17490 4900.5 0.00586145 0.00692907 0.00945861
0.00528913 17500 4901.5 0.00268488 -0.00182131 0.0075047
0.00439133 17510 4902.5 0.00516175 0.00413675 0.00880516
0.00140897 17520 4903.5 0.0108368 0.00712753 -0.0155052
0.00178971 17530 4904.5 0.00654762 -0.024764 0.0226834
0.00588298 17540 4905.5 0.00651996 0.0233456 0.00511984
0.0071528 17550 4906.5 0.00386899 0.0165788 -0.00699607
0.00588117 17560 4907.5 0.00697459 0.0234663 0.00816657
0.00463731 17570 4908.5 0.00707437 0.0148635 0.0174352
0.0082349 17580 4909.5 0.00899587 -0.0273011 -0.00165683
0.00263776 17590 4910.5 0.00551943 0.00160837 0.00738319
0.00757613 17600 4911.5 0.0083522 0.00584719 0.0710846
0.00648512 17610 4912.5 0.0134941 0.0234549 -0.00503739
0.00283977 17620 4913.5 0.00458646 -0.00460589 -0.00461145
0.000876498 17630 4914.5 0.00741906 0.0286981 0.0152312
0.00834132 17640 4915.5 0.00923169 -0.0244738 0.00469722
0.00536568 17650 4916.5 0.00518843 0.0216141 0.0105121
0.00806179 17660 4917.5 -0.00299691 0.0777661 -0.00211216
0.00459896 17670 4918.5 0.00327993 0.00177315 -0.0089198
0.00539213 17680 4919.5 0.00527052 0.00803236 0.0113928
0.00141053 17690 4920.5 0.00497836 0.0295314 0.00377288
0.00420451 17700 4921.5 0.0115784 -0.00433114 0.0173634
0.00426007 17710 4922.5 0.0153764 -0.0144804 0.00786374
0.0100287 17720 4923.5 0.00366497 0.053622 0.00550163
0.0016946 17730 4924.5 0.0377079 -0.0414066 -0.0218635
0.00372919 17740 4925.5 0.00516141 0.025023 0.00570044
0.00069473 17750 4926.5 -0.0042578 0.0400138 -0.0406092
0.00127479 17760 4927.5 0.0042522 0.0157882 0.0104392
0.00525066 17770 4928.5 0.00918199 -0.00102463 0.0505069
0.00529496 17780 4929.5 0.0136442 0.00225789 0.000172075
0.00635389 17790 4930.5 0.00795315 0.00910974 0.0203543
0.00429637 17800 4931.5 0.00499877 0.0230105 -0.00751718
0.00541166 17810 4932.5 0.0056651 0.0141492 0.00964844
0.00567955 17820 4933.5 0.0262354 0.0813054 0.0274216
0.00813586 17830 4934.5 0.00751932 0.0259813 -0.00372409
0.0109476 17840 4935.5 0.0175913 -0.000512532 0.0434989
0.00280453 17850 4936.5 0.00360984 0.0202029 -0.000193522
0.00143358 17860 4937.5 0.00210161 0.0200056 0.00165452
0.00311349 17870 4938.5 0.00434864 0.00720631 0.0100373
0.00870266 17880 4939.5 0.00883418 0.0204394 -0.0173304
0.0107748 17890 4940.5 0.0211743 -0.0288715 -0.0166156
0.00614193 17900 4941.5 0.00829333 -0.0345868 0.0245727
0.00875976 17910 4942.5 0.0173424 0.0160718 0.0848647
0.00526125 17920 4943.5 0.00289231 -0.0232491 -0.00680986
0.00972374 17930 4944.5 0.0183276 -0.018378 -0.00484154
0.0010195 17940 4945.5 0.0155098 0.00517852 0.0111507
0.00740649 17950 4946.5 0.00834125 -0.0212236 0.0177418
0.00121933 17960 4947.5 0.00463927 0.000969832 -0.000220053
0.00910057 17970 4948.5 -0.000561277 -0.0202822 0.0206846
0.00299481 17980 4949.5 0.00294821 0.0168034 0.00156219
0.00588799 17990 4950.5 0.00257811 -0.0257449 0.00327038
0.00608242 18000 4951.5 0.0164887 0.0215829 0.000795873
