0.000139402 10 383 -0.00108867 0.0126797 -0.00360116
0.0008947 20 384 -0.000732005 0.032283 -0.00610187
0.000224196 30 385 0.0100527 -0.00889566 -0.00415973
0.000591662 40 386 0.00531618 0.032114 -0.00428823
0.00047453 50 387 -0.0936164 -0.0222968 0.0307332
0.000899971 60 387.999 -6.99057e-05 0.0226436 -0.0148958
0.000949913 70 388.999 0.00534564 0.0138165 0.0108226
0.000481461 80 389.999 0.00965451 -0.0254106 -0.00279112
0.000739911 90 390.999 -0.0131999 0.0388982 -0.0135019
0.000942168 100 391.999 0.00362843 0.0360865 0.00572565
0.000751735 110 392.999 -0.00174082 0.0179903 -0.0126302
0.000509316 120 393.999 0.00772991 0.00412095 0.00660199
0.000928094 130 394.999 0.0130561 0.0129857 0.00948071
0.000578524 140 396 0.00078183 0.0258456 0.00220199
0.000355544 150 397 0.0176152 -0.0267754 0.711128
0.000792429 160 398 -0.00448799 0.0127791 -0.0131133
