0.0885388 10 383 0.543671 0.255826 -0.145389
0.12753 20 384 0.221295 -0.0599108 -0.0774097
0.0626747 30 385 0.546164 0.263412 -0.153651
0.102674 40 386 0.35424 0.109502 0.0578608
0.105408 50 387 0.245913 0.0698269 0.11084
0.150706 60 387.999 0.0968025 -0.0539695 -0.151335
0.0910738 70 388.999 0.482821 0.219844 -0.114982
0.0621249 80 389.999 0.494415 0.248209 -0.0202921
0.105252 90 390.999 0.28329 0.130654 -0.00972063
0.0975203 100 391.999 0.451726 0.213613 -0.0384985
0.0930115 110 392.999 0.490554 0.287056 -0.16191
0.0923535 120 393.999 0.435786 0.319925 -0.113243
0.0836613 130 394.999 0.485083 0.221224 -0.082893
0.124298 140 396 0.458189 0.286977 -0.142081
0.0562486 150 397 0.513294 0.329605 -0.199883
0.108576 160 398 0.456167 0.253842 -0.112472
