0.000177119 10 383 0.00150467 0.00571793 0.00372103
0.00149329 20 384 0.00415439 0.0179426 0.00856514
0.00162034 30 385 0.0091194 -0.00714026 0.016262
0.00091589 40 386 0.00175531 0.014474 0.0105361
0.00148063 50 387 0.0076387 0.0292846 -0.00197958
0.00289115 60 387.999 0.00164567 0.030376 -0.00155866
0.00236011 70 388.999 0.00155001 0.0290106 0.0115101
0.00329036 80 389.999 0.00301237 0.039207 -0.00148958
0.000833763 90 390.999 0.00181936 0.0319145 0.0111911
0.00658019 100 391.999 0.00765468 0.0532546 0.0189059
0.00237102 110 392.999 0.00507231 0.0287405 0.0108074
0.00193956 120 393.999 0.00308741 0.047301 0.000955014
0.00185601 130 394.999 0.00198676 0.0163712 0.00457582
0.00270956 140 396 0.00655367 -0.0035582 0.0160187
0.00681499 150 397 0.0187397 -0.0132774 0.0864037
0.000865514 160 398 0.00748584 0.0111709 0.0136145
