0.0671007 10 383 0.230315 0.0677777 0.608951
0.148014 20 384 0.126021 -0.173478 -0.0298075
0.113229 30 385 0.488705 0.060742 0.0622417
0.153562 40 386 0.427443 0.071436 0.075688
0.0250473 50 387 0.242061 -0.191017 0.618052
0.156036 60 387.999 0.429281 0.0573749 0.013344
0.0907489 70 388.999 0.403446 0.120844 0.212817
0.0570598 80 389.999 0.342138 -0.0409011 0.54311
0.0187498 90 390.999 0.202182 -0.134772 0.614538
0.140594 100 391.999 0.310608 -0.0741912 0.319021
0.0744238 110 392.999 0.254058 -0.108154 0.400253
0.0620455 120 393.999 0.378634 0.217067 0.202699
0.145796 130 394.999 -0.243467 0.130099 -0.229854
0.0795753 140 396 0.304781 -0.0792816 0.375659
0.126542 150 397 0.297201 -0.0848364 0.366156
0.0109262 160 398 0.609134 0.069839 -0.0252281
