0.065699 10 383 0.461304 0.277632 0.150393
0.13967 20 384 0.125722 0.215679 -0.298054
0.118431 30 385 0.376309 0.170268 -0.563956
0.0512846 40 386 0.433701 0.259882 0.080314
0.00132492 50 387 -0.54549 -0.286327 0.206274
0.213802 60 387.999 0.0198007 0.163241 -0.151214
0.0679735 70 388.999 0.47506 0.257686 0.0881641
0.0417655 80 389.999 0.452718 0.229285 0.231971
0.0289319 90 390.999 0.453182 0.327805 0.0230912
0.0818507 100 391.999 0.412712 0.229853 0.0710046
0.0432605 110 392.999 0.562735 -0.0742738 -0.186901
0.0542413 120 393.999 0.459287 0.341657 -0.0195932
0.0363816 130 394.999 0.482906 0.312104 0.0158056
0.152865 140 396 0.457952 0.146467 0.148372
0.0936643 150 397 0.427945 0.274355 0.0484221
0.0501085 160 398 0.480265 0.30307 -0.0362075
