0.137321 10 383 0.142856 -0.0926176 -0.482938
0.1228 20 384 -0.050973 0.134373 -0.375562
0.164182 30 385 0.0481086 0.139856 -0.298632
0.257657 40 386 -0.0218511 -0.00350716 0.143063
0.0250473 50 387 0.242061 -0.191017 0.618052
0.188569 60 387.999 -0.0118418 0.124449 -0.154807
0.147336 70 388.999 -0.0482064 0.170349 -0.39329
0.174278 80 389.999 0.0370897 -0.0776861 -0.156736
0.141254 90 390.999 -0.0281923 0.125265 -0.483607
0.175449 100 391.999 -0.0267857 0.129464 -0.368308
0.237297 110 392.999 -0.111938 0.0662406 -0.0980134
0.209428 120 393.999 -0.105189 0.13016 -0.0595901
0.210781 130 394.999 -0.0382736 0.142949 -0.263539
0.198847 140 396 -0.0231684 0.140069 -0.386671
0.227613 150 397 -0.0504915 0.144521 -0.39199
0.159011 160 398 0.125782 0.150265 -0.326691
