6.71602e-05 10 383 -0.0639279 -0.0292035 0.263992
0.00131164 20 384 0.000176315 0.0162418 0.00568871
0.00197953 30 385 0.00526752 -0.00455336 0.0155248
0.000147845 40 386 0.00142474 0.00910123 0.0077764
0.000728115 50 387 0.00596215 -0.0681417 -0.00765168
0.00324924 60 387.999 0.00141939 0.0252826 -0.000323469
0.00345921 70 388.999 0.00294204 0.0258515 0.000641174
0.00370855 80 389.999 -0.000497525 0.0373363 -0.00410931
0.000442219 90 390.999 0.0017986 0.0252469 0.0117245
0.00625404 100 391.999 0.0152097 -0.00467181 0.101602
0.00283381 110 392.999 0.00124489 0.0234609 -0.00145322
0.00331921 120 393.999 8.02852e-05 0.0418279 -0.00429927
0.00296555 130 394.999 0.00541934 0.0219264 0.0193068
0.00216189 140 396 0.0201089 0.14356 0.0308492
0.00670614 150 397 0.0152987 -0.0119434 0.0873115
0.000962027 160 398 -0.00338025 0.0171579 -0.00620217
