0.231298 10 383 -0.0542748 -0.0578409 0.568764
0.165311 20 384 -0.0022269 -0.00496563 0.160987
0.180175 30 385 0.0776218 0.109999 -0.302562
0.159239 40 386 0.0159886 0.0197272 -0.13662
0.120269 50 387 0.0162122 0.0287989 -0.0764502
0.16733 60 387.999 0.0108385 0.0184719 -0.144371
0.197435 70 388.999 0.0733342 0.0181824 -0.326275
0.183039 80 389.999 0.00921647 0.0287604 -0.233006
0.163054 90 390.999 0.0197485 0.0099808 -0.0998557
0.20302 100 391.999 0.00653874 0.056438 -0.30501
0.213491 110 392.999 -0.00048653 0.0556612 -0.206485
0.172355 120 393.999 0.0838656 0.0646559 -0.442185
0.19612 130 394.999 0.00549698 -0.0143398 -0.237427
0.200517 140 396 0.0619803 0.099232 -0.377911
0.25143 150 397 -0.048639 -0.0297126 0.349337
0.154115 160 398 0.185898 0.124049 -0.287299
