0.00022058 10 383 0.00088144 0.00800415 0.00379456
0.00144994 20 384 0.00352832 0.0133405 0.00829973
0.00152565 30 385 0.00734826 -0.00669183 0.0172859
0.000906036 40 386 0.00151202 0.0138577 0.0107513
0.00148063 50 387 0.0076387 0.0292846 -0.00197958
0.00253598 60 387.999 0.00147796 0.0288807 -0.00153795
0.0021836 70 388.999 0.00262239 0.0284822 0.00955595
0.00285639 80 389.999 0.000987369 0.0388094 0.00346138
0.000838894 90 390.999 0.00136983 0.031409 0.0120683
0.00509315 100 391.999 0.0083413 0.0524999 0.0178964
0.0022414 110 392.999 0.00486556 0.0287888 0.0111264
0.00213597 120 393.999 0.00254232 0.0462168 0.00294102
0.00212852 130 394.999 0.00389044 0.0173914 0.0139725
0.0025517 140 396 0.00594942 -0.00233912 0.0166187
0.00542426 150 397 0.0176354 -0.0110461 0.0856628
0.000794261 160 398 0.00547759 0.0109415 0.0150597
