0.18848 10 383 0.0821147 -0.0740632 -0.433451
0.144652 20 384 -0.0130453 -0.0150804 0.259827
0.175206 30 385 0.0619933 0.112007 -0.288809
0.153371 40 386 0.0163066 0.0207153 -0.136531
0.120269 50 387 0.0162122 0.0287989 -0.0764502
0.140937 60 387.999 -0.00160776 0.0984213 -0.154286
0.190646 70 388.999 0.0608066 -0.0552747 -0.204926
0.170781 80 389.999 -0.0041063 0.0242692 -0.183515
0.157142 90 390.999 0.0195701 0.0121033 -0.100874
0.17404 100 391.999 0.0445626 -0.0360737 -0.254553
0.207298 110 392.999 -0.00182055 0.0570876 -0.205278
0.188396 120 393.999 0.0602831 0.0747962 -0.396647
0.191101 130 394.999 6.46109e-05 0.00432612 -0.2284
0.206468 140 396 0.0432105 0.116202 -0.331688
0.223883 150 397 -0.0437251 -0.0299771 0.353915
0.156109 160 398 0.163669 0.135622 -0.28151
