0.107084 10 327.099 0.440732 -0.0492682 -0.133679
0.089112 20 328.1 0.304052 -0.0505983 -0.567144
0.0765923 30 329.099 0.471873 -0.161519 -0.159534
0.0679755 40 330.099 0.173505 0.156599 -0.633308
0.104555 50 331.099 0.472231 -0.0898939 -0.0862068
0.092999 60 332.1 0.480561 -0.0417408 -0.301808
0.0305534 70 333.1 0.489994 0.216766 -0.286874
0.0706213 80 334.1 0.312437 -0.045513 -0.514927
0.0788552 90 335.1 0.514562 -0.0505291 -0.0656142
0.149312 100 336.1 0.465348 -0.0755492 -0.16739
0.116873 110 337.1 0.461988 -0.0820201 -0.110123
