0.0467284 10 327.099 0.276007 0.0406859 0.0466637
0.0618844 20 328.1 0.268941 0.0504304 0.157054
0.0417405 30 329.099 0.16759 0.198157 0.516767
0.0531043 40 330.099 0.301886 0.0700186 0.0451814
0.060936 50 331.099 0.284365 0.0629947 0.132937
0.0426066 60 332.1 0.330089 0.0797309 0.138823
0.0867524 70 333.1 0.27955 0.0323492 -0.044929
0.0396886 80 334.1 0.325222 0.114862 0.060073
0.0599225 90 335.1 0.324173 0.0572947 0.142153
0.0608266 100 336.1 0.291425 0.0244505 0.102587
0.0517044 110 337.1 0.276753 0.0811853 0.132174
