0.00382872 10 3152.5 0.00605234 0.00927262 -0.00133268
0.000795003 20 3153.5 0.0105518 0.0252563 -0.00469805
0.00513885 30 3154.5 0.00718224 -0.0128082 -0.011333
0.00553138 40 3155.5 0.00706982 0.0199406 0.000251688
0.00539042 50 3156.5 0.0151627 -0.0115565 0.0682968
0.00610708 60 3157.5 0.00318179 -0.0113669 -0.0178733
0.00476717 70 3158.5 0.00598789 0.0132204 0.00108706
0.00109351 80 3159.5 0.00678117 0.0178269 -0.00483244
0.00105227 90 3160.5 0.00404844 0.0123872 -0.00473979
0.00542047 100 3161.5 0.0044238 -0.0219703 -0.00230076
0.00115522 110 3162.5 0.00513028 0.0171134 0.00384278
0.00223357 120 3163.5 0.00279781 0.011896 -0.00146258
0.00465044 130 3164.5 0.00499596 0.0109802 0.00770012
0.000944884 140 3165.5 0.0026216 0.0154445 0.00841897
0.00452832 150 3166.5 0.00222214 -0.0264263 0.011865
0.00168319 160 3167.5 0.0060273 -0.0201115 0.0121474
0.00228554 170 3168.5 0.00553653 0.00988244 -0.00213085
0.00330996 180 3169.5 0.00402416 0.0253017 0.00693762
0.00262165 190 3170.5 0.00578365 0.0174773 -0.000929784
0.0042436 200 3171.5 0.00344407 -0.000859372 0.00646028
0.00484851 210 3172.5 0.00593364 -0.0127384 0.00485866
0.0012078 220 3173.5 0.00363502 0.010594 0.00679566
0.0011557 230 3174.5 0.00714319 0.0283165 0.00446566
0.0080654 240 3175.5 0.00824861 0.0286558 0.0142852
0.00547655 250 3176.5 0.00872125 -0.0136092 -0.00922343
0.00675883 260 3177.5 0.00674146 0.033454 0.00406864
0.00531781 270 3178.5 0.00329605 0.0144452 0.00490831
0.00751702 280 3179.5 0.00425218 0.0260557 -0.00539808
0.00692208 290 3180.5 0.00301619 -0.00455963 -0.0104175
0.00218268 300 3181.5 0.001938 0.0221806 -0.00494113
0.00348287 310 3182.5 0.00257566 0.0146285 0.00205937
0.0111119 320 3183.5 0.00735058 -0.0152797 0.00260473
0.0011639 330 3184.5 0.00277293 0.0231141 0.00456173
0.00696511 340 3185.5 0.00510658 0.016752 0.0023951
0.00176562 350 3186.5 0.00832747 -0.00633211 0.0142834
0.000985407 360 3187.5 0.0225987 -0.00766739 -0.0155277
0.0074596 370 3188.5 0.00536131 0.000106438 -0.010273
0.00118358 380 3189.5 0.0045908 0.00810661 -0.0016717
0.00253955 390 3190.5 0.00502389 -0.00927954 -0.00179143
0.00202504 400 3191.5 0.00756018 0.0252794 -0.00298391
0.00756622 410 3192.5 0.00889593 0.011307 0.0129208
0.00310379 420 3193.5 0.00550252 0.0142023 -0.00186766
0.00301234 430 3194.5 0.0101353 -0.0155061 0.0107191
0.00185645 440 3195.5 0.00519762 0.0196219 0.00581761
0.00870162 450 3196.5 0.0060875 -0.00372691 -0.0124571
0.005313 460 3197.5 0.00850317 0.0649396 0.00780928
0.0049123 470 3198.5 0.00470391 0.0337961 0.00345856
0.00387134 480 3199.5 0.00868911 0.000604118 0.0138206
0.00178995 490 3200.5 0.00509437 0.0067987 0.000480848
0.00103438 500 3201.5 0.00958728 0.000346326 0.019655
0.00645101 510 3202.5 0.00620375 -0.00586432 -0.0148947
0.00594058 520 3203.5 0.00594345 -0.0344365 -0.00717036
0.00122049 530 3204.5 0.00682996 0.0101769 0.0101254
0.00582236 540 3205.5 0.0131572 -0.0167536 0.0137851
0.00192105 550 3206.5 0.00548962 -0.0193111 0.0226807
0.00171515 560 3207.5 0.00580283 0.00451223 -0.00413245
0.00121959 570 3208.5 0.00904601 -0.00263446 0.0231194
0.00214189 580 3209.5 0.00253651 -0.0023534 -0.00398533
0.00514276 590 3210.5 -0.0351017 0.0155771 -0.103556
0.00436056 600 3211.5 0.00446828 -0.0235611 0.00376597
0.000927616 610 3212.5 0.000143877 0.0115575 0.0106541
0.00455411 620 3213.5 0.00959956 -0.0297896 0.0141236
0.00695872 630 3214.5 0.00727941 -0.00246424 -0.0134429
0.0116746 640 3215.5 0.0153949 -0.0180053 0.0090387
0.00260403 650 3216.5 0.00434366 -0.00728868 0.0111545
0.00168505 660 3217.5 0.0053101 0.00497429 0.00599605
0.00155188 670 3218.5 0.00294028 0.0130178 -0.00381491
0.00133453 680 3219.5 0.00324619 0.010082 0.00346558
0.00190605 690 3220.5 0.00536749 -0.00723066 0.014352
0.00274781 700 3221.5 0.00593592 0.0164914 0.000233515
0.00558534 710 3222.5 0.00419668 0.00650822 -0.0020438
0.00367635 720 3223.5 0.00147024 0.0246699 0.00118307
0.000809772 730 3224.5 0.00472807 0.013447 0.00353758
0.00201059 740 3225.5 0.00411057 0.0124604 0.00770525
0.00457894 750 3226.5 0.00500011 0.0163535 -0.00763158
0.00157726 760 3227.5 0.00807547 -0.00419981 0.0181826
0.00276574 770 3228.5 0.0122599 -0.000840405 0.0119172
0.00338578 780 3229.5 0.00257637 0.0547943 0.00744265
0.00139691 790 3230.5 0.0142993 0.00233073 0.0249355
0.00187186 800 3231.5 0.00669746 0.0291102 0.00529387
0.0098439 810 3232.5 0.0106724 -0.0309644 0.031295
0.00641054 820 3233.5 0.0044267 8.0358e-06 -0.013347
0.00136945 830 3234.5 0.00470837 0.00643554 0.00234806
0.00532564 840 3235.5 0.0116255 -0.018062 -0.00428728
0.0073037 850 3236.5 0.00714346 0.0093832 0.0107679
0.00381254 860 3237.5 0.00779932 -0.0072631 0.00178576
0.00219723 870 3238.5 0.00343353 0.0027283 0.00447134
0.00311165 880 3239.5 0.00469869 0.025113 0.00685365
0.0051078 890 3240.5 0.00606422 0.0207436 0.00485126
0.0017111 900 3241.5 0.00553536 0.00022867 0.0133489
0.00571347 910 3242.5 0.00442265 0.025804 0.00652258
0.00214524 920 3243.5 0.00724443 0.00632318 0.0117286
0.00478458 930 3244.5 0.00738089 0.0261436 0.00268732
0.00116373 940 3245.5 0.00374067 0.00490092 0.00653373
0.00548511 950 3246.5 0.0136157 -0.020807 -0.00852324
0.00150396 960 3247.5 0.00877257 -0.00765981 0.0120301
0.00083883 970 3248.5 0.0068447 0.00810127 0.0145443
0.0106499 980 3249.5 0.00892858 -0.0233669 -0.015042
0.000927942 990 3250.5 0.00449877 0.0123859 -0.000365028
0.00630415 1000 3251.5 0.0071863 -0.0138029 0.00241775
0.0089984 1010 3252.5 0.00147844 -0.0144615 -0.012396
0.00237124 1020 3253.5 0.00450992 0.007355 0.0096643
0.00227475 1030 3254.5 0.00647666 -0.000497292 -0.00802741
0.0101433 1040 3255.5 0.0130015 -0.0123679 0.0330957
0.00303939 1050 3256.5 0.0114625 -0.0402792 0.00818043
0.00489349 1060 3257.5 0.008842 0.0203218 0.00858992
0.00834488 1070 3258.5 0.00396769 -0.012276 -0.00378167
0.00342414 1080 3259.5 0.00610872 0.0265724 0.00752098
0.00117123 1090 3260.5 0.00611334 0.00929811 0.0103278
0.00424451 1100 3261.5 0.00394774 0.0328841 0.00192402
0.00520237 1110 3262.5 0.0086785 0.0295983 -6.05099e-06
0.00209093 1120 3263.5 0.00641566 -0.000329457 0.00914255
0.00452325 1130 3264.5 0.0038635 0.0276481 0.00767056
0.00186972 1140 3265.5 0.00298292 0.0171534 -0.00368187
0.00258039 1150 3266.5 0.0026778 0.0290852 0.00456263
0.00115349 1160 3267.5 0.00562709 0.0217738 0.010857
0.00160852 1170 3268.5 0.00625857 -0.0177934 0.0185875
0.00141204 1180 3269.5 0.00189105 0.0271505 0.0221785
0.00800397 1190 3270.5 0.00536566 -0.00182151 0.01753
0.00239613 1200 3271.5 0.00736008 -0.0129985 0.00630713
0.00134642 1210 3272.5 0.00394191 0.0248149 0.00376892
0.00162992 1220 3273.5 0.00330028 0.0244311 -0.00164637
0.00444917 1230 3274.5 0.00472199 -0.00463435 0.0150217
0.00112679 1240 3275.5 0.00235212 0.0160945 0.0174422
0.00469189 1250 3276.5 0.00808266 0.00299391 0.0198353
0.00438739 1260 3277.5 0.00517049 -0.0034452 0.00595092
0.00881082 1270 3278.5 0.0039227 -0.0199543 -0.0175118
0.00132021 1280 3279.5 0.00418382 0.0150859 0.0100591
0.0074306 1290 3280.5 0.00795826 -0.0177928 -0.0115229
0.00221895 1300 3281.5 0.00252258 0.00997935 -0.000719633
0.00565701 1310 3282.5 0.00822481 0.0216433 0.0227018
0.00161089 1320 3283.5 0.00543849 0.0221549 0.00502121
0.0107592 1330 3284.5 0.00794445 -0.033551 -0.0130392
0.00916032 1340 3285.5 0.00679106 -0.0231688 -0.00753484
0.00355982 1350 3286.5 0.0105652 -0.0301067 -0.00669991
0.00225702 1360 3287.5 0.00193661 0.0214651 0.0101159
0.0011471 1370 3288.5 0.00432571 0.0124545 0.0049094
0.00241957 1380 3289.5 0.0100549 0.0110909 -0.00184083
0.00161743 1390 3290.5 0.00501775 0.0209222 0.00406218
0.00193053 1400 3291.5 0.0158107 -0.0163927 0.0419165
0.000732397 1410 3292.5 0.00793688 0.0117715 0.000653916
0.00940165 1420 3293.5 0.0151653 -0.0391378 -0.00642454
0.00435609 1430 3294.5 0.00577306 0.0104995 0.00780655
0.00568134 1440 3295.5 0.00830818 -0.045317 -0.000318318
0.00614096 1450 3296.5 0.00376483 0.0235446 -0.00685301
0.00204456 1460 3297.5 0.00387725 0.0382508 -0.00162734
0.00682918 1470 3298.5 0.00458197 0.0238295 -0.00510707
0.00491198 1480 3299.5 0.0054043 0.0197995 0.011209
0.00402899 1490 3300.5 0.00447525 -0.0214821 -0.00982733
0.00757984 1500 3301.5 0.00412225 -0.0120713 0.00644734
0.00674282 1510 3302.5 0.00358996 0.0125366 -0.000398419
0.000544383 1520 3303.5 0.00547513 0.0273279 0.00626144
0.00129547 1530 3304.5 0.00630279 0.0100813 0.00671742
0.00322248 1540 3305.5 0.0117557 -0.0347357 0.0213024
0.00336458 1550 3306.5 0.00761035 0.0114779 0.010131
0.00302833 1560 3307.5 0.00260624 0.00921125 -0.00326445
0.00296468 1570 3308.5 0.0148984 -0.0228872 0.0172235
0.00300536 1580 3309.5 0.00644479 0.0228125 0.00334138
0.00134647 1590 3310.5 0.0069575 0.00503184 -0.00134502
0.00183728 1600 3311.5 0.00346066 0.0146403 -0.00735274
0.00695459 1610 3312.5 0.012098 -0.0088387 -0.00993776
0.00317268 1620 3313.5 0.00597498 0.0137019 0.0044051
0.00175438 1630 3314.5 0.00453095 0.00864612 0.0116594
0.00461252 1640 3315.5 0.00723872 -0.00199041 0.00989294
0.00394362 1650 3316.5 0.00587219 0.0122386 0.00187064
0.00335295 1660 3317.5 0.0091927 -0.0123331 0.0195917
0.00172818 1670 3318.5 0.00360838 0.00876028 0.0115659
0.00395846 1680 3319.5 0.0277844 -0.057506 -0.0118103
0.00092829 1690 3320.5 0.00269776 0.0131504 0.0122386
0.00300506 1700 3321.5 -0.000525335 0.0156908 -0.00584561
0.00553374 1710 3322.5 0.0187773 -0.00520631 0.0603433
0.00633233 1720 3323.5 0.00986256 -0.00346446 0.0125329
0.00356131 1730 3324.5 0.00246081 0.020447 0.000344159
0.0019892 1740 3325.5 0.0055352 0.0300944 0.00702518
0.0028706 1750 3326.5 0.00511485 0.0059794 0.00740883
0.00117241 1760 3327.5 0.00614299 0.00903146 0.0115715
0.00256897 1770 3328.5 0.00396772 0.0517019 0.00413199
0.00189679 1780 3329.5 0.00718665 -0.0171535 0.0202657
0.00249888 1790 3330.5 0.00548825 0.0105914 0.00495046
0.00169169 1800 3331.5 0.00450718 0.0284819 0.0139453
0.00136558 1810 3332.5 0.00644855 0.0149791 0.00287634
0.00555419 1820 3333.5 0.00755721 -0.0268329 -0.000371722
0.00235368 1830 3334.5 0.00499199 0.0213917 -0.000476127
0.00388398 1840 3335.5 0.00377027 0.0326982 0.00191565
0.00402079 1850 3336.5 0.00521443 0.0183832 0.00254447
0.00246198 1860 3337.5 0.00607674 0.0482678 0.00531171
0.00345963 1870 3338.5 0.00781644 -0.0263416 0.0175125
0.0057578 1880 3339.5 0.00532892 -0.00569073 -0.00721756
0.0023329 1890 3340.5 0.00815648 -0.0227106 0.00561449
0.00468458 1900 3341.5 0.00621835 0.0304063 0.00221922
0.00206102 1910 3342.5 0.00652289 -0.00440419 0.00668307
0.00127813 1920 3343.5 0.00552644 0.0215596 0.00744188
0.00492257 1930 3344.5 0.00967271 0.0396584 0.0101786
0.00956126 1940 3345.5 0.00680662 -0.00895249 0.000785823
0.00129243 1950 3346.5 0.00468289 0.0314275 0.00684021
0.00135823 1960 3347.5 0.00697626 0.00922448 0.00507604
0.00323769 1970 3348.5 0.00572812 -0.00714559 0.0181821
0.00338724 1980 3349.5 0.00590215 0.00284056 0.00905384
0.0014751 1990 3350.5 0.00227197 -0.0312126 0.0123856
0.00585297 2000 3351.5 0.00689341 0.0426631 0.01076
0.00696281 2010 3352.5 0.0105982 -0.0138332 0.00504092
0.00311301 2020 3353.5 0.005792 -0.00068667 0.00231339
0.00676916 2030 3354.5 0.00969637 -0.0210857 -0.00101823
0.00511818 2040 3355.5 0.00840155 0.00176494 0.0121478
0.00425256 2050 3356.5 0.00943304 0.00581141 0.00941592
0.00341355 2060 3357.5 0.000819438 0.050887 0.0117587
0.0145135 2070 3358.5 0.00304043 0.0385359 0.0299645
0.00225068 2080 3359.5 0.00750944 0.000217331 0.00219543
0.00745354 2090 3360.5 0.0114086 -0.0127121 0.0162223
0.00060402 2100 3361.5 0.00388357 0.00771949 0.00227496
0.00466808 2110 3362.5 0.00907777 -0.0189839 0.00344344
0.00126189 2120 3363.5 0.00360182 0.0207302 -0.0048724
0.00300075 2130 3364.5 0.00411737 0.0241626 -0.00383918
0.00599401 2140 3365.5 0.0112048 -0.00666826 0.00632195
0.00154365 2150 3366.5 0.00958497 0.00341302 0.0125021
0.00214684 2160 3367.5 0.00857209 -0.0224563 0.00963468
0.00400291 2170 3368.5 0.00436434 0.0230482 -0.00147293
0.0061792 2180 3369.5 0.00418498 -0.000449639 0.0158201
0.00358113 2190 3370.5 0.0108915 -0.0372856 0.0054063
0.00528299 2200 3371.5 0.016593 -0.0475733 -0.0033124
0.00461986 2210 3372.5 0.00573373 0.0188198 0.00906228
0.00244567 2220 3373.5 0.00496216 0.0592723 -0.0120815
0.00464499 2230 3374.5 0.00744962 -0.013112 0.0105431
0.00135774 2240 3375.5 0.00435881 0.00928704 0.00373948
0.000954624 2250 3376.5 0.0110945 -0.00196301 0.0197302
0.00516547 2260 3377.5 0.00388176 -0.0061103 -0.00995083
0.00330091 2270 3378.5 0.00560429 0.0217407 -0.00203433
0.00166351 2280 3379.5 0.00425728 0.0233154 -0.00494337
0.00446017 2290 3380.5 0.0120203 0.0150675 -0.0110301
0.00500145 2300 3381.5 0.00375762 -0.0143114 -0.0128154
0.00366495 2310 3382.5 0.00920907 0.0291731 0.0105624
0.00168856 2320 3383.5 0.00603958 -0.0158045 0.00301548
0.00642223 2330 3384.5 0.00639845 0.0219979 0.00654941
0.00310875 2340 3385.5 0.00212091 -0.0281353 -0.00764045
0.00317058 2350 3386.5 0.00702865 0.0203886 0.00686186
0.0035361 2360 3387.5 0.00703284 -0.0241156 -0.00320612
0.00100122 2370 3388.5 0.000857617 0.0107659 -0.000611751
0.00554266 2380 3389.5 0.00451916 0.0379282 0.00239871
0.00132046 2390 3390.5 0.00393106 0.0171111 0.00480644
0.00579039 2400 3391.5 0.00470086 -0.0175526 0.0109251
0.00107911 2410 3392.5 0.00112106 0.023155 0.0199243
0.00201248 2420 3393.5 0.00763939 -0.00338462 0.0123059
0.00477062 2430 3394.5 0.000861335 0.0200577 0.00871501
0.00143547 2440 3395.5 0.00198037 0.00932071 0.0131926
0.00392582 2450 3396.5 0.0113306 -0.0288579 -0.0051863
0.00383383 2460 3397.5 0.00797178 0.0243402 -0.00097129
0.000904822 2470 3398.5 0.000118249 0.0114051 -0.0110207
0.00261934 2480 3399.5 0.00545927 0.0261662 -0.00380302
0.00166837 2490 3400.5 0.00634073 0.0268646 0.0047855
0.00170155 2500 3401.5 0.0156419 -0.000356172 0.0179045
0.00313084 2510 3402.5 0.00467892 0.0183592 0.00585371
0.000984345 2520 3403.5 0.00698083 0.0231162 0.0111321
0.00662798 2530 3404.5 0.00946462 0.0436307 0.0163787
0.00272584 2540 3405.5 0.00502529 0.0365356 0.000882981
0.00409616 2550 3406.5 0.00348305 0.0172603 0.00158322
0.00169234 2560 3407.5 0.00376334 0.0172411 -0.00208886
0.00367505 2570 3408.5 0.00641134 -0.000887341 0.0124532
0.00140887 2580 3409.5 0.00632717 0.00532311 0.011568
0.00174468 2590 3410.5 -0.0010313 -0.0415141 0.0251044
0.00171403 2600 3411.5 0.010826 0.00785115 0.00926797
0.00552139 2610 3412.5 0.00576036 0.0221044 -0.00351532
0.0008202 2620 3413.5 0.00584497 0.020754 0.009742
0.00405512 2630 3414.5 0.00464149 0.0193182 0.00780078
0.00249783 2640 3415.5 0.00574357 0.0133486 0.0146615
0.00139708 2650 3416.5 0.00420584 0.000844931 0.00562057
0.000841951 2660 3417.5 0.00287144 0.0105469 -0.00736464
0.000826189 2670 3418.5 0.00454853 0.0280697 -0.017201
0.00513081 2680 3419.5 0.00921514 -0.00789181 -0.00483609
0.00152611 2690 3420.5 0.00546275 -0.00265423 -0.0032086
0.00285768 2700 3421.5 0.00935938 -0.00912424 0.0109371
0.00199716 2710 3422.5 0.00349405 -0.00282327 -0.00362558
0.00178951 2720 3423.5 0.00559336 0.02277 0.0114683
0.00166913 2730 3424.5 0.00791599 -0.00806474 0.0111217
0.00232478 2740 3425.5 0.000126898 0.018188 -0.0107778
0.00437345 2750 3426.5 0.0215943 0.00439445 0.0453735
0.00525344 2760 3427.5 0.00810928 -0.0200744 0.00982747
0.00595495 2770 3428.5 0.00558683 0.0271779 0.00531845
0.00313887 2780 3429.5 0.00888312 -0.032227 0.011396
0.00924934 2790 3430.5 0.00883233 0.012905 0.00638243
0.00638843 2800 3431.5 0.00728531 0.0376622 0.0166487
0.00218522 2810 3432.5 0.0105537 -0.0116346 0.00946389
0.00474724 2820 3433.5 0.00627275 -0.0199104 0.00796556
0.00199995 2830 3434.5 0.00421401 0.0336156 0.0012945
0.00421261 2840 3435.5 0.0057012 0.0249037 -0.00353948
0.00783535 2850 3436.5 0.0049608 -0.0042558 3.87931e-05
0.00102761 2860 3437.5 0.00760721 0.022954 0.00903757
0.00172031 2870 3438.5 0.00531782 0.0212806 0.00203261
0.00112992 2880 3439.5 0.00303955 0.0261069 0.0176948
0.00144273 2890 3440.5 0.00534822 0.0280675 0.0149638
0.00202577 2900 3441.5 0.00270784 0.0216533 0.00469211
0.00086083 2910 3442.5 0.000992888 0.0151177 -0.00564021
0.00146049 2920 3443.5 0.00587155 0.0165331 0.00828956
0.00491911 2930 3444.5 0.00658466 -0.00437214 -0.000857914
0.00398303 2940 3445.5 0.00700246 -0.0166191 0.00912212
0.0015695 2950 3446.5 0.00199252 0.0422838 0.01058
0.00303664 2960 3447.5 0.00708005 -0.0413803 0.0131213
0.0126519 2970 3448.5 0.00493534 0.0229073 -0.00504132
0.00131332 2980 3449.5 0.00786946 -0.00641476 0.00460759
0.00339788 2990 3450.5 0.000422464 -0.00879316 -0.00644018
0.00151709 3000 3451.5 0.00552133 0.0177575 0.00464173
0.00128075 3010 3452.5 0.00351623 0.0086479 0.0052286
0.00229892 3020 3453.5 0.00840743 -0.0258252 0.0145209
0.00418349 3030 3454.5 0.00716772 0.0709394 0.0131958
0.00496159 3040 3455.5 0.00611784 -0.0156272 -0.00471969
0.00125204 3050 3456.5 -0.000911821 -0.00266756 0.0142793
0.00477615 3060 3457.5 0.00562813 0.0235923 0.0044861
0.00171486 3070 3458.5 0.00419129 0.0204605 -0.00121483
0.00389247 3080 3459.5 0.00303897 0.0209429 0.00354661
0.00166333 3090 3460.5 0.00448164 0.00993703 0.00938616
0.00354379 3100 3461.5 0.0176206 -0.0213086 -0.0150156
0.0039041 3110 3462.5 0.00605795 0.0392739 0.0115043
0.00211551 3120 3463.5 0.00412064 0.0420995 0.00512951
0.00285612 3130 3464.5 0.00497087 0.0277028 0.0113958
0.00179728 3140 3465.5 0.00570881 -0.00646004 0.0270003
0.00646366 3150 3466.5 0.00668466 -0.0123413 0.0019889
0.00465719 3160 3467.5 0.00231239 0.0355097 0.0107534
0.0043108 3170 3468.5 0.00592185 0.00255738 0.00608133
0.00443338 3180 3469.5 0.00424075 0.0566195 0.0132865
0.00255827 3190 3470.5 0.00325094 0.0303211 0.0101591
0.00295572 3200 3471.5 0.00754257 0.0349408 0.00977567
0.00580663 3210 3472.5 0.00821011 -0.0225543 -0.017057
0.00750029 3220 3473.5 0.0038112 0.0353847 -0.00184333
0.000763704 3230 3474.5 0.00423631 0.0119215 0.00622978
0.00279994 3240 3475.5 0.0026547 0.00806851 0.0139774
0.0019368 3250 3476.5 0.00418652 0.0207372 0.0138399
0.00142299 3260 3477.5 0.00492198 0.0308499 -0.00362611
0.00565023 3270 3478.5 0.00957856 -0.0242546 0.0043894
0.0052215 3280 3479.5 0.00508981 0.0181131 0.0132758
0.00348256 3290 3480.5 0.00714834 -0.00840304 0.0105695
0.00443426 3300 3481.5 0.00798564 -0.00343759 0.00772507
0.00194837 3310 3482.5 0.00386005 0.00269941 0.00982448
0.00313034 3320 3483.5 0.010544 -0.0281974 0.0193269
0.00216586 3330 3484.5 0.00448768 0.0271754 0.00692636
0.0021781 3340 3485.5 0.00555438 0.00860858 0.000872377
0.00418508 3350 3486.5 0.00512472 0.0044005 0.000990887
0.00737524 3360 3487.5 0.00017864 -0.00702889 -0.0112276
0.00351048 3370 3488.5 0.00666169 0.00962181 0.00138188
0.00118193 3380 3489.5 0.00360007 0.0178435 -0.00570827
0.00359235 3390 3490.5 0.00804025 -0.0135955 0.00363151
0.00126883 3400 3491.5 0.00389589 0.017258 0.00156463
0.00407174 3410 3492.5 0.00637793 0.0174118 0.00300413
0.00270772 3420 3493.5 0.00515083 -0.0190528 0.016516
0.0081118 3430 3494.5 0.00480191 -0.00719697 -0.0138709
0.000925694 3440 3495.5 0.00385582 0.0211553 -0.0028684
0.00324687 3450 3496.5 0.00552266 0.0262047 -4.32132e-05
0.00640825 3460 3497.5 0.00403047 0.0441808 0.010054
0.00586814 3470 3498.5 0.00171422 -0.0119472 -0.00599769
0.00152123 3480 3499.5 0.00309571 0.0286362 -0.00067154
0.000788501 3490 3500.5 0.00237192 0.00962456 -0.000793547
0.00224097 3500 3501.5 0.00792985 -0.00865961 0.00700996
0.0018097 3510 3502.5 0.00673894 0.00239268 0.000531083
0.0107561 3520 3503.5 0.00446322 0.0183041 0.00478651
0.00189711 3530 3504.5 0.00424635 0.0109537 0.00676977
0.00604973 3540 3505.5 0.00512448 0.0341136 -0.00854322
0.00294883 3550 3506.5 0.00266918 0.0242636 0.00248286
0.00254598 3560 3507.5 0.00959607 -0.00812747 0.0188523
0.0048328 3570 3508.5 0.00452681 -0.00124101 -0.00220128
0.00206083 3580 3509.5 0.0039831 0.0159443 0.0100982
0.00296026 3590 3510.5 0.00187228 0.00164126 0.00632272
0.00787639 3600 3511.5 0.0034811 0.0199802 0.00129854
0.00343982 3610 3512.5 0.0159245 -0.0115908 0.00154915
0.0014806 3620 3513.5 0.0103366 0.00944103 0.0121057
0.00132563 3630 3514.5 0.00472004 0.0333552 -0.000951984
0.00652884 3640 3515.5 0.00182894 0.000362453 -0.0174049
0.00137964 3650 3516.5 0.00980656 0.00170341 0.00402186
0.0048033 3660 3517.5 0.0062881 0.0108538 -0.00125009
0.000701019 3670 3518.5 0.0037337 0.0104512 0.0164041
0.000941296 3680 3519.5 0.00596754 0.0037895 0.0154949
0.00649355 3690 3520.5 0.00884992 0.00628515 0.0106607
0.00479893 3700 3521.5 0.00563623 -0.00806037 -0.00404159
0.00440117 3710 3522.5 0.0308064 0.0256536 0.0982846
0.00389228 3720 3523.5 0.00238082 0.0673034 0.000940836
0.00127645 3730 3524.5 0.00460937 0.029545 0.0146855
0.0025056 3740 3525.5 0.0108509 0.00463516 0.0139383
0.00447783 3750 3526.5 0.00645459 0.0305631 0.000256946
0.0020398 3760 3527.5 0.0114649 0.0292741 0.0293915
0.00920223 3770 3528.5 0.00790248 0.0249149 0.01586
0.00413893 3780 3529.5 0.00490296 -0.00240239 0.00315312
0.00129924 3790 3530.5 0.00436075 0.00501308 0.00794606
0.00252206 3800 3531.5 0.000706679 -0.0205433 0.0190618
0.00534956 3810 3532.5 0.00529533 0.0511223 0.00651176
0.00454078 3820 3533.5 0.00515212 0.0156412 0.00555787
0.000561823 3830 3534.5 -0.00102497 0.0137548 -0.00897633
0.00211153 3840 3535.5 0.00646175 -0.011808 0.00711489
0.00795311 3850 3536.5 0.00502813 0.02582 0.0262863
0.00974615 3860 3537.5 0.0077676 -0.00767672 0.00596572
0.0010885 3870 3538.5 0.0085559 0.0221834 0.00538774
0.00333129 3880 3539.5 0.00689311 0.0265076 0.00775939
0.0054305 3890 3540.5 0.00433468 -0.0187986 0.00800416
0.000796646 3900 3541.5 0.00382912 0.0106371 0.00544944
0.00434108 3910 3542.5 0.00624711 0.0313967 0.00012724
0.00214345 3920 3543.5 0.0078515 0.014174 0.00141689
0.00360762 3930 3544.5 0.00743023 0.0232823 0.0154829
0.00679987 3940 3545.5 0.00863517 -0.0284153 -0.00431102
0.0013966 3950 3546.5 0.004277 0.0159445 -0.00325931
0.00408731 3960 3547.5 0.00559068 0.00137006 0.00912446
0.00554508 3970 3548.5 0.00698789 0.0799759 -0.00370637
0.00847697 3980 3549.5 0.0128679 -0.0117942 -0.0116394
0.000754327 3990 3550.5 0.0029875 0.0222255 0.000228881
0.00563071 4000 3551.5 0.00418916 0.0491143 0.00302076
0.00151685 4010 3552.5 0.00533382 0.0153297 -0.00338082
0.00884501 4020 3553.5 0.0100838 0.00720835 0.018663
0.00328124 4030 3554.5 0.00733294 -0.0197168 0.0104518
0.00609112 4040 3555.5 0.00479466 0.0183784 -0.00157201
0.00337221 4050 3556.5 0.0120075 -0.0364814 -0.02494
0.0018093 4060 3557.5 0.00388202 0.0197151 -0.00759365
0.000622856 4070 3558.5 0.00200314 0.010371 -0.000302058
0.00830538 4080 3559.5 0.00510011 -0.022201 -0.0164502
0.00227886 4090 3560.5 0.0114678 0.012728 0.0299847
0.00501404 4100 3561.5 0.00603589 0.0145844 0.00734739
0.00582278 4110 3562.5 0.00928301 -0.0176913 0.0247079
0.00564227 4120 3563.5 0.00500385 0.0171341 -0.000185274
0.00756079 4130 3564.5 0.00906461 -0.00860929 0.00321822
0.00243104 4140 3565.5 0.00535254 0.000516029 0.0152133
0.00503726 4150 3566.5 0.0114654 -0.0166487 0.00193894
0.00452394 4160 3567.5 0.00824986 0.00370128 0.0016914
0.00620874 4170 3568.5 0.00782435 0.0208473 -0.000968286
0.00228306 4180 3569.5 0.00459319 0.0218982 0.00727233
0.00125266 4190 3570.5 0.00364496 0.0110475 -0.00390234
0.00592095 4200 3571.5 0.00808705 -0.000256994 0.0143896
0.0177397 4210 3572.5 0.0058041 -0.0261451 0.00144887
0.00252771 4220 3573.5 0.00615533 -0.00833784 0.00656612
0.003285 4230 3574.5 0.0067689 0.00419578 0.00834535
0.00189878 4240 3575.5 0.00210734 0.0153169 -0.00463303
0.0021867 4250 3576.5 0.00276908 0.0279088 -0.000592776
0.00193818 4260 3577.5 0.00450182 0.00673101 0.000372226
0.00429027 4270 3578.5 0.00339103 0.0300501 -0.00841318
0.00509625 4280 3579.5 0.00494609 0.0254984 -0.000739444
0.00222097 4290 3580.5 0.00902201 0.0154668 -0.0137935
0.007281 4300 3581.5 0.00202636 -0.00723782 -0.0154161
0.00612729 4310 3582.5 0.00675744 0.0248674 -0.0280116
0.00310714 4320 3583.5 0.00575672 -0.00199834 0.00448143
0.0063997 4330 3584.5 0.00293147 -0.00290678 -0.0100095
0.00342681 4340 3585.5 0.00406997 0.0277659 -0.00463409
0.000743422 4350 3586.5 0.00536034 0.0263038 -0.00679983
0.00410327 4360 3587.5 0.00811619 -0.0203913 0.00996444
0.00145518 4370 3588.5 0.00804862 0.0310161 1.24172e-05
0.00245958 4380 3589.5 0.0079999 0.0141166 0.0120587
0.00722282 4390 3590.5 0.00352417 0.00773307 -0.0107475
0.00147 4400 3591.5 0.00363484 0.0185455 -0.00498849
0.00521832 4410 3592.5 0.00504773 -0.0130228 0.00746065
0.00375371 4420 3593.5 0.00649694 0.0611556 0.000901434
0.00171585 4430 3594.5 0.00232914 0.0275642 -0.00830001
0.0021429 4440 3595.5 0.00703159 0.00721994 0.0141595
0.00352184 4450 3596.5 0.0089961 0.00449265 0.00783607
0.000621609 4460 3597.5 0.00394206 0.0190965 0.00184792
0.00141364 4470 3598.5 0.0194374 0.0209003 0.00646044
0.00587391 4480 3599.5 0.00414727 0.0131553 0.00478273
0.00239151 4490 3600.5 0.0030503 0.00564924 -0.00625659
0.0021117 4500 3601.5 0.00708704 0.0246049 0.00638622
0.00631796 4510 3602.5 0.00398523 0.0254286 0.00873921
0.0123499 4520 3603.5 0.0109528 0.060108 0.00432425
0.00349185 4530 3604.5 0.00653015 0.0337439 0.00371953
0.00391977 4540 3605.5 0.00568103 0.00824602 0.00913994
0.00459619 4550 3606.5 0.00530809 0.0167973 0.00818038
0.00106565 4560 3607.5 0.00697864 0.00890623 0.00474718
0.00373865 4570 3608.5 0.00549811 -0.0155477 0.00159296
0.0014016 4580 3609.5 0.00698976 0.029344 0.00892799
0.0049123 4590 3610.5 -0.000281351 0.0536256 -0.000491038
0.00297538 4600 3611.5 0.00449245 0.0174593 0.0104707
0.00181908 4610 3612.5 0.00768372 0.0400742 0.0092194
0.00222697 4620 3613.5 0.0101677 -0.0318345 0.0264527
0.00132697 4630 3614.5 0.00556884 0.0101853 0.012794
0.000596492 4640 3615.5 0.00334897 0.0101925 3.41874e-05
0.00299392 4650 3616.5 0.00797634 -0.00638863 0.0121961
0.00459305 4660 3617.5 0.00482299 0.0179653 0.0124331
0.00559897 4670 3618.5 0.0060382 0.0267084 -0.00033781
0.00209249 4680 3619.5 0.00513066 0.0133996 0.00957471
0.00749885 4690 3620.5 0.00202808 -0.00119891 -0.00936497
0.00388869 4700 3621.5 0.00864846 0.0540015 0.0186331
0.000428664 4710 3622.5 0.00688043 0.0254168 0.0127147
0.00736524 4720 3623.5 0.00591941 0.0291434 -0.00207261
0.00851881 4730 3624.5 0.00745706 -0.000271961 0.000818417
0.00242433 4740 3625.5 0.0171043 -0.0309822 -0.0191059
0.00189352 4750 3626.5 0.00529994 0.036084 0.00204361
0.00119951 4760 3627.5 0.00319998 0.0226447 0.00286913
0.00704967 4770 3628.5 0.0163096 0.00986159 0.0557269
0.00858499 4780 3629.5 0.00871499 -0.0285793 -0.0169151
0.00376888 4790 3630.5 0.00631865 0.0257206 0.00478137
0.00113683 4800 3631.5 0.00268907 -0.00406165 -0.00119907
0.00511642 4810 3632.5 0.00736535 -0.00962323 0.0141445
0.00726519 4820 3633.5 0.00688566 0.0217623 0.00682282
0.00277682 4830 3634.5 0.00808446 0.0327709 0.0122622
0.00452967 4840 3635.5 0.0136587 0.0332522 0.0188309
0.00557181 4850 3636.5 0.0162187 -0.0260665 0.0130434
0.00658393 4860 3637.5 0.00776098 -0.0376708 0.00904827
0.00821117 4870 3638.5 0.00524034 -0.0133675 -0.000660306
0.00349539 4880 3639.5 0.00621448 -0.00307873 0.0132447
0.00238151 4890 3640.5 0.00210196 0.0352144 -0.00727734
0.00446832 4900 3641.5 0.00531871 -0.00484415 0.000645892
0.00249432 4910 3642.5 0.00498913 0.0217528 0.00120307
0.00215751 4920 3643.5 0.00374257 0.0291518 -0.00207289
0.00655184 4930 3644.5 0.0101191 -0.0202292 0.0156612
0.00147639 4940 3645.5 0.00749366 0.0200012 0.0108934
0.00373684 4950 3646.5 0.00525885 0.0240642 -0.00497875
0.00663735 4960 3647.5 0.0121099 -0.00561133 0.0236833
0.00604149 4970 3648.5 0.00378687 0.0211367 0.00388846
0.0015173 4980 3649.5 0.017095 0.00321177 -0.00857007
0.00361681 4990 3650.5 0.00656394 0.0294325 -0.00350842
0.00612136 5000 3651.5 0.0238027 -0.0551279 -0.0163217
0.0022186 5010 3652.5 0.00448177 -0.00574311 0.000966774
0.00543186 5020 3653.5 0.010319 -0.00864482 0.00165692
0.00446605 5030 3654.5 0.00457378 0.0168048 0.00641563
0.0012771 5040 3655.5 0.0056001 0.0133546 0.00539225
0.00626941 5050 3656.5 0.00854734 -0.00151623 0.0135217
0.00631623 5060 3657.5 0.00728269 -0.0192253 0.0152367
0.00227568 5070 3658.5 0.00749347 -0.0173663 0.014462
0.00603722 5080 3659.5 0.00693309 -0.00749748 0.00931708
0.00692652 5090 3660.5 0.00415376 -0.0147298 -0.00525179
0.00351261 5100 3661.5 0.0110891 -0.024229 0.0149537
0.00152288 5110 3662.5 0.00917296 -0.0057466 0.0137842
0.0108524 5120 3663.5 0.00437375 -0.0162144 -0.0107467
0.00599581 5130 3664.5 0.00274184 0.0224755 -0.00500096
0.00497275 5140 3665.5 0.00432242 0.00495565 0.0081991
0.00577711 5150 3666.5 0.00588398 -0.0326125 -0.00102559
0.00247698 5160 3667.5 0.00225586 0.0264751 3.85589e-05
0.0062956 5170 3668.5 0.008851 -0.0234009 -3.85697e-05
0.00708525 5180 3669.5 0.00690645 0.0505603 -2.74043e-05
0.00317658 5190 3670.5 0.00715051 0.0163192 0.000684767
0.00430962 5200 3671.5 0.0053629 0.0209569 0.000849819
0.00406605 5210 3672.5 0.00479016 0.00284953 0.00149581
0.00456665 5220 3673.5 0.0100555 -0.0269153 0.0122619
0.00478419 5230 3674.5 0.00802911 0.0120046 0.0197995
0.000881185 5240 3675.5 0.00328399 0.0151823 0.0014872
0.00524161 5250 3676.5 0.0040721 0.0272521 0.0125062
0.00309319 5260 3677.5 0.00330069 0.0115798 0.00402858
0.0103529 5270 3678.5 0.00234936 0.0425433 0.00736632
0.00292707 5280 3679.5 0.00521362 0.01801 0.00262763
0.00415605 5290 3680.5 0.00766246 0.00337472 0.00628182
0.00141803 5300 3681.5 0.00470406 0.0205022 0.0048082
0.00267956 5310 3682.5 0.00595292 -0.00968797 0.00145429
0.00538514 5320 3683.5 0.00140993 0.0206481 0.00190584
0.000992385 5330 3684.5 0.0107637 0.0312448 0.0135175
0.00296848 5340 3685.5 0.00621607 0.00149944 0.015209
0.007305 5350 3686.5 0.00480085 0.022321 0.000202892
0.0030858 5360 3687.5 0.00303084 0.0120411 0.00171978
0.00749917 5370 3688.5 0.0111732 0.0130474 0.0194732
0.00260786 5380 3689.5 0.00947812 -0.00906895 0.0235916
0.000673707 5390 3690.5 -5.2099e-05 0.0158931 -0.0170095
0.00491499 5400 3691.5 0.0083122 -0.0294238 0.00825055
0.00139263 5410 3692.5 0.00299589 0.0223821 -0.000137236
0.00435559 5420 3693.5 0.00682283 0.0152163 0.00052384
0.0114374 5430 3694.5 0.00686172 0.0198213 0.000316466
0.00136005 5440 3695.5 0.00713825 0.0173792 0.002897
0.00702288 5450 3696.5 0.0107456 -0.0496463 0.00646105
0.00210473 5460 3697.5 0.00602791 0.00652141 -0.00112858
0.00347549 5470 3698.5 0.0300264 -0.0061297 0.0520521
0.00646754 5480 3699.5 0.00406823 -0.0123746 -0.0161039
0.00374366 5490 3700.5 0.00327192 -0.0237846 -0.00654962
0.00370546 5500 3701.5 0.00268866 0.0221634 5.313e-06
0.00141241 5510 3702.5 0.00953941 0.000212312 0.0119088
0.00103956 5520 3703.5 0.00793972 0.0183532 0.0105774
0.00092572 5530 3704.5 0.00473849 0.0397206 0.012613
0.00163214 5540 3705.5 0.00636703 3.87133e-06 0.00523258
0.00700119 5550 3706.5 0.00390761 -0.000244975 -0.0121502
0.00679206 5560 3707.5 0.00205758 0.03005 -0.00896613
0.0096742 5570 3708.5 0.00324823 0.0072641 0.0146099
0.00377682 5580 3709.5 0.00125534 -0.020067 0.0183167
0.00185927 5590 3710.5 0.00224667 -0.00829758 0.021827
0.00435813 5600 3711.5 0.0057203 -0.00618269 0.000862505
0.00501118 5610 3712.5 0.00666222 0.0196181 0.013182
0.00575043 5620 3713.5 0.0044842 -0.00625493 0.00268726
0.00182488 5630 3714.5 0.00514362 0.00130232 0.0161799
0.00636379 5640 3715.5 0.00290112 -0.0359657 -0.00141361
0.00315202 5650 3716.5 0.00787521 -0.012109 0.0134908
0.00328568 5660 3717.5 0.00646409 -0.0147171 0.0026605
0.00135145 5670 3718.5 0.00712177 0.000128292 0.00761631
0.00102216 5680 3719.5 0.00564357 0.0131764 0.00119097
0.00512043 5690 3720.5 0.00689294 0.0209191 0.0115648
0.00310712 5700 3721.5 0.00939074 -0.0120616 0.00439063
0.00180411 5710 3722.5 0.00547069 0.0319542 0.0036465
0.00295479 5720 3723.5 0.00486577 -0.010653 0.0134072
0.00431038 5730 3724.5 0.00435767 0.0128948 0.00454517
0.0038002 5740 3725.5 0.00716544 0.0149069 0.00512989
0.0030055 5750 3726.5 0.0258417 0.0427356 0.0427629
0.00399584 5760 3727.5 0.00397167 0.017817 0.00496271
0.00593833 5770 3728.5 0.00469832 0.026175 -0.00672414
0.00267375 5780 3729.5 0.0042409 0.0158739 -0.0101632
0.00592656 5790 3730.5 0.00921103 -0.0188456 0.0158526
0.000790241 5800 3731.5 0.00632164 0.0146463 0.0270771
0.00138725 5810 3732.5 0.0136122 -0.0205052 0.0248197
0.00361973 5820 3733.5 0.00774317 -0.00130233 0.00682632
0.00117529 5830 3734.5 0.00710609 0.0225374 0.0138744
0.00676625 5840 3735.5 0.00716588 0.017076 -0.000999362
0.00522359 5850 3736.5 0.00665273 0.0151266 0.00501889
0.001499 5860 3737.5 0.00731239 -0.00415753 0.0088419
0.00162163 5870 3738.5 0.00931512 -0.0124081 0.000782468
0.0033585 5880 3739.5 0.00562552 0.0211099 0.0001978
0.00339203 5890 3740.5 0.00788509 0.0030109 0.0187902
0.00359703 5900 3741.5 0.00638751 0.0163 -0.00330931
0.00352642 5910 3742.5 0.0090734 -0.0152017 0.00850721
0.00164561 5920 3743.5 0.0125066 -0.0186796 0.0287486
0.00153912 5930 3744.5 0.00366579 0.0247661 0.011778
0.0115131 5940 3745.5 0.00556407 0.0177069 9.24017e-05
0.00357897 5950 3746.5 0.00917305 -0.0258839 -0.0128348
0.00143795 5960 3747.5 0.00178979 0.0189549 -0.000974978
0.00600496 5970 3748.5 0.00517153 -0.0100967 0.000109147
0.00575325 5980 3749.5 0.00480917 -0.00475697 -0.00288382
0.00256825 5990 3750.5 0.00112749 0.00933351 0.00247743
0.00305617 6000 3751.5 0.00659492 0.0190916 0.00144769
0.00530877 6010 3752.5 0.00194656 -0.0365799 -0.00195573
0.00668168 6020 3753.5 0.00387222 0.0384467 0.0126556
0.00407548 6030 3754.5 0.00522251 0.0373656 0.00050489
0.00487962 6040 3755.5 0.00411032 -0.0191456 -0.00286858
0.00774754 6050 3756.5 0.00538131 -0.0202429 0.000994848
0.00120081 6060 3757.5 0.00503094 0.02748 0.00523473
0.00125134 6070 3758.5 0.0034869 0.0178024 0.0100094
0.00195063 6080 3759.5 0.00882175 -0.00662038 0.0183226
0.00644886 6090 3760.5 -0.000314331 0.0510227 -0.00172723
0.00137148 6100 3761.5 0.00542221 0.0238622 0.00350124
0.00269138 6110 3762.5 0.00528426 0.0103337 0.00875178
0.00351185 6120 3763.5 0.00730747 -0.0152763 0.00662406
0.00225117 6130 3764.5 0.00512166 -0.00148242 0.00595242
0.00318893 6140 3765.5 0.00292117 -0.0359665 0.00115119
0.00159988 6150 3766.5 0.00906447 -0.00517457 0.0102177
0.00977349 6160 3767.5 0.00831437 0.013441 0.0029967
0.0031639 6170 3768.5 0.00981345 -0.0306369 0.00232347
0.000960911 6180 3769.5 0.00566684 0.028927 0.00234833
0.0112018 6190 3770.5 0.00515801 0.0194965 -0.00665728
0.00158375 6200 3771.5 0.00334162 0.0242673 0.00866037
0.00130528 6210 3772.5 0.00855615 0.00905702 0.00944248
0.00889184 6220 3773.5 0.0104293 -0.010804 0.0313269
0.00525986 6230 3774.5 0.00636253 0.0205112 0.00610067
0.00451269 6240 3775.5 0.0083505 -0.0209588 0.00869516
0.00487608 6250 3776.5 0.00937318 0.06156 0.00383261
0.000885279 6260 3777.5 -0.00138487 0.0246397 -0.0125448
0.00584442 6270 3778.5 0.00879794 -0.00918115 0.0178603
0.00466808 6280 3779.5 0.00568927 0.0194854 0.00460392
0.00289761 6290 3780.5 0.00208545 -0.00314187 0.0144431
0.00254596 6300 3781.5 0.00445219 -0.00717316 0.00723992
0.00158559 6310 3782.5 0.00515679 0.0167975 0.00512038
0.00713189 6320 3783.5 0.0104513 0.00816074 0.017046
0.0037773 6330 3784.5 -0.00179958 0.0213711 -0.0056246
0.00306056 6340 3785.5 0.00711584 0.0410558 0.0183098
0.00567061 6350 3786.5 0.00906541 -0.00102891 0.00939097
0.00225184 6360 3787.5 0.00451515 0.0377782 0.00390936
0.00743786 6370 3788.5 0.0105475 -0.0131105 0.0235234
0.00608032 6380 3789.5 0.00506484 0.0111595 -0.000906348
0.00373115 6390 3790.5 0.00183628 -0.0268398 -0.00471903
0.00301233 6400 3791.5 0.0110934 0.0135764 0.0110088
0.00767528 6410 3792.5 0.00209425 0.0230605 -0.0162854
0.00566669 6420 3793.5 0.0063417 -0.0294736 -0.014393
0.00529755 6430 3794.5 0.00709605 -0.0319273 0.0143249
0.00359597 6440 3795.5 0.00453842 0.0180201 0.0027893
0.0017408 6450 3796.5 0.00466707 0.0224679 0.00841067
0.00489015 6460 3797.5 0.00382764 -0.0133486 -0.0119402
0.00483093 6470 3798.5 0.00588355 0.0157602 -0.0101314
0.000841855 6480 3799.5 0.00558032 0.00493101 0.0077238
0.00178946 6490 3800.5 0.0122023 -0.0140884 0.017529
0.00877173 6500 3801.5 0.00554338 0.0265804 -0.00413688
0.00205871 6510 3802.5 0.00573042 0.00337257 0.00918023
0.00295502 6520 3803.5 0.00784807 -0.00843295 0.0125657
0.00170775 6530 3804.5 0.00831803 -0.00586616 0.0147201
0.00404486 6540 3805.5 0.00581512 0.0397884 0.0109978
0.00328939 6550 3806.5 0.00819082 0.021981 -0.00553594
0.00161201 6560 3807.5 0.00573334 0.023302 0.000100407
0.00625172 6570 3808.5 0.00632739 0.0273972 -0.000402297
0.00490352 6580 3809.5 0.00644411 0.0156059 0.00578291
0.00457315 6590 3810.5 0.00364505 0.0294222 0.00648077
0.00484451 6600 3811.5 0.00558426 0.0107002 0.00222095
0.00513275 6610 3812.5 0.00826819 -0.0186313 -0.0124437
0.0109999 6620 3813.5 0.00582837 0.0227003 0.00994496
0.00918036 6630 3814.5 0.00771817 -0.0136585 0.00660315
0.00096419 6640 3815.5 -0.00310507 0.0166704 -0.0146363
0.00221793 6650 3816.5 0.0121415 -0.0251607 0.0212648
0.00281339 6660 3817.5 0.00449366 0.0174593 0.00252635
0.0126795 6670 3818.5 0.00653543 0.0305129 0.00300416
0.000561379 6680 3819.5 0.00618849 0.00816503 0.0313964
0.0085936 6690 3820.5 0.00680545 0.0326294 -0.00138978
0.0090382 6700 3821.5 0.00799987 0.0129291 0.0194598
0.00612402 6710 3822.5 0.000654192 -0.00815191 -0.0148799
0.00265659 6720 3823.5 0.00636936 -0.0134883 0.0174489
0.00639608 6730 3824.5 0.00581258 0.00854654 -0.0119258
0.00558731 6740 3825.5 0.00507512 0.0224587 0.00322961
0.00703782 6750 3826.5 0.00885005 -0.0267678 0.00314867
0.00421774 6760 3827.5 0.00389109 0.0249381 0.00877413
0.00352363 6770 3828.5 0.00472209 0.0165276 0.00894934
0.00381748 6780 3829.5 0.00590162 -0.00149371 0.0172682
0.00590598 6790 3830.5 0.00656247 0.0245068 0.00234969
0.00291436 6800 3831.5 0.0106455 0.0099241 0.00462824
0.00084236 6810 3832.5 0.00402053 -0.00587246 0.013816
0.00530076 6820 3833.5 0.00815511 0.0280516 0.00899523
0.00176887 6830 3834.5 0.00611493 -0.0128536 0.030606
0.00243297 6840 3835.5 0.00707576 -0.000577012 0.00744761
0.00250452 6850 3836.5 0.010105 0.0230474 -0.000216207
0.00642486 6860 3837.5 0.0042163 0.0172797 0.000976695
0.00100834 6870 3838.5 0.00447903 0.0187384 -0.00578479
0.00402099 6880 3839.5 0.00403277 0.0231338 0.0128497
0.00775168 6890 3840.5 0.000974253 0.00250802 0.0346773
0.00174056 6900 3841.5 0.00593868 -0.00670594 0.00517811
0.00342454 6910 3842.5 0.00931383 0.0241242 0.014887
0.00322042 6920 3843.5 0.00594148 0.0162788 0.00500349
0.000738758 6930 3844.5 0.00388195 0.0230899 0.01221
0.00206817 6940 3845.5 0.00788702 -0.0265175 0.0128717
0.00543601 6950 3846.5 0.0152529 -0.0486558 -0.00574385
0.00163546 6960 3847.5 0.00216628 0.0159807 0.01105
0.00613854 6970 3848.5 0.00333724 0.0144105 0.00252571
0.00346121 6980 3849.5 0.00492969 0.0117616 -0.000787375
0.00198067 6990 3850.5 0.00585248 0.0109475 0.00950512
0.00498074 7000 3851.5 0.00449664 -0.0349614 -0.0132304
0.00280605 7010 3852.5 0.0233904 -0.0079192 0.0379632
0.0034808 7020 3853.5 0.00625479 0.0233662 0.00693838
0.00153627 7030 3854.5 0.00491586 0.0110808 0.0012875
0.00434005 7040 3855.5 0.00334121 0.0564935 0.0089997
0.00446489 7050 3856.5 0.00687791 -0.00432339 0.00306993
0.00141896 7060 3857.5 0.000431638 0.0235278 0.0103661
0.0014126 7070 3858.5 0.00813858 0.0326424 0.0115324
0.00936959 7080 3859.5 0.0111775 -0.0318001 -0.00465632
0.00338102 7090 3860.5 0.00794907 -0.0129779 0.0186204
0.0104276 7100 3861.5 0.00461035 0.0185764 -0.00244955
0.00406276 7110 3862.5 0.00854949 0.0280242 0.0180832
0.00106721 7120 3863.5 0.00755218 0.00877163 0.0159976
0.00240146 7130 3864.5 0.0082056 -0.00290097 0.0131563
0.00346304 7140 3865.5 0.00574957 0.0268484 0.00195314
0.00435371 7150 3866.5 0.005333 -0.0220044 0.0154712
0.000625692 7160 3867.5 0.00729087 0.0269456 0.0114821
0.00472633 7170 3868.5 0.00730969 -0.00232354 0.0105218
0.0082289 7180 3869.5 0.0036564 -0.00817133 -0.0124159
0.0034344 7190 3870.5 0.00621235 0.0112515 -0.000486774
0.00227701 7200 3871.5 0.00544796 0.0138547 -0.00534687
0.0117576 7210 3872.5 0.00286473 0.0156333 -0.00368456
0.00596074 7220 3873.5 0.00724165 -0.0139381 0.00321469
0.00828619 7230 3874.5 0.0054423 0.0344051 -0.0016279
0.00593016 7240 3875.5 0.00611487 0.00767539 -0.00127663
0.00408153 7250 3876.5 0.00342493 0.0256223 -0.000323207
0.00180097 7260 3877.5 0.00663866 -0.0144619 0.0201387
0.00113756 7270 3878.5 0.0102048 0.0192189 0.0244258
0.00740144 7280 3879.5 0.00781328 -0.00975269 -0.0173443
0.00280843 7290 3880.5 0.00490258 0.0151995 -0.00469493
0.00131353 7300 3881.5 0.00355501 0.0107518 0.00355697
0.0062426 7310 3882.5 0.00386265 0.0215919 0.00886923
0.00147986 7320 3883.5 0.00468925 0.0174157 0.000950256
0.00343946 7330 3884.5 0.00651652 -0.0039139 0.0130391
0.000975289 7340 3885.5 0.00332942 0.0233052 0.014914
0.00383229 7350 3886.5 0.00377279 0.0208399 0.0026536
0.00512672 7360 3887.5 0.00509765 -0.0178201 -0.00124315
0.00457245 7370 3888.5 0.0106045 -0.0253289 0.0144597
0.0054059 7380 3889.5 0.00869434 -0.00143043 -0.00119767
0.00200879 7390 3890.5 0.0079096 0.00559026 0.0129176
0.00161603 7400 3891.5 0.00128644 0.013609 0.00425632
0.00342852 7410 3892.5 0.00683668 0.0104968 -0.00626039
0.00398798 7420 3893.5 0.00314099 0.0184277 0.00149914
0.00207141 7430 3894.5 0.00331382 -0.0102698 0.0135819
0.00356603 7440 3895.5 0.0103436 -0.00893255 0.00311713
0.000750432 7450 3896.5 0.00259179 0.0130199 -0.0043123
0.00285567 7460 3897.5 0.0044363 0.0241792 0.000268403
0.00481339 7470 3898.5 0.00483406 0.019453 0.0034762
0.00380779 7480 3899.5 0.00554481 0.0279987 -0.00156823
0.00213367 7490 3900.5 0.00780704 -0.0170488 0.0176113
0.00277539 7500 3901.5 0.00385173 0.025503 0.00243294
0.0112603 7510 3902.5 0.00731931 0.00642623 0.0121775
0.0120335 7520 3903.5 0.00651318 0.00986379 0.0224748
0.00448251 7530 3904.5 0.00536089 0.00212223 0.0106561
0.00968729 7540 3905.5 0.00134431 0.0229526 -0.00207263
0.0015418 7550 3906.5 0.00658202 -0.00784033 0.0090306
0.0080015 7560 3907.5 0.00562496 -0.00962375 -0.00496738
0.00180239 7570 3908.5 0.00827119 -0.0110568 0.00214276
0.0109086 7580 3909.5 0.00421688 -0.00570339 -0.00485259
0.00616706 7590 3910.5 0.00582215 0.0180193 -0.00146549
0.00477145 7600 3911.5 0.00607257 0.0109478 0.0174902
0.00135103 7610 3912.5 0.00728723 0.00371436 0.00942475
0.00490952 7620 3913.5 0.00670746 0.0150503 -0.00609
0.0028223 7630 3914.5 0.00571927 0.0295103 0.0150678
0.00418912 7640 3915.5 0.0060155 -0.01764 -0.00976641
0.00901793 7650 3916.5 0.00920846 0.0187561 0.0254426
0.00459144 7660 3917.5 0.00770023 0.000131582 0.00140499
0.00185036 7670 3918.5 0.0057326 0.0177181 0.000338209
0.00312189 7680 3919.5 0.0042926 0.0669898 0.0160739
0.00511602 7690 3920.5 0.000556988 -0.0414134 -0.00180465
0.00534504 7700 3921.5 0.00567556 0.0138018 0.00252544
0.00504698 7710 3922.5 0.00443343 -0.0155572 -0.00146081
0.00339208 7720 3923.5 0.00657632 0.0165434 0.00732824
0.00460637 7730 3924.5 0.0037693 0.0310708 0.00729822
0.00105088 7740 3925.5 0.00839847 0.0123519 0.0096507
0.00502678 7750 3926.5 0.00750513 -0.0284813 -0.00488569
0.00261742 7760 3927.5 0.00739781 0.0227879 0.00313747
0.00533555 7770 3928.5 0.00987748 0.0260931 0.012429
0.00519261 7780 3929.5 0.00821853 0.0103717 0.0149814
0.00613046 7790 3930.5 0.00702127 0.0462083 0.00414432
0.0050099 7800 3931.5 0.00559753 0.0139024 0.00513695
0.00328713 7810 3932.5 0.00622388 -0.00467115 0.00668807
0.00134669 7820 3933.5 0.00379753 0.012772 0.0103456
0.00545598 7830 3934.5 0.00225003 0.0156738 -0.00774765
0.00382758 7840 3935.5 0.00497118 0.0346671 -0.00836321
0.00431102 7850 3936.5 0.00748341 0.00160771 0.0183893
0.00303183 7860 3937.5 0.00484603 -0.0213045 0.000101999
0.00479511 7870 3938.5 0.00727355 0.010862 0.00926878
0.00153028 7880 3939.5 0.00470142 -0.0013686 0.00956267
0.00107018 7890 3940.5 0.00446474 0.0110539 0.0093234
0.0044137 7900 3941.5 0.0112454 0.0317226 0.0369876
0.00209099 7910 3942.5 0.00716925 0.0229059 0.00529192
0.00596137 7920 3943.5 0.00516562 0.0316181 -0.012888
0.00365754 7930 3944.5 0.0085888 0.0244139 -0.00563738
0.00342347 7940 3945.5 0.00717025 0.0228615 0.000461178
0.0040311 7950 3946.5 0.0133668 -0.0336305 -0.00550213
0.00391949 7960 3947.5 0.0064089 0.0103181 -0.00559891
0.00236094 7970 3948.5 0.00249259 0.0306261 -0.00134099
0.00677191 7980 3949.5 0.0077018 -0.00719948 -0.00338178
0.00361558 7990 3950.5 0.00431762 0.0354621 0.0116582
0.00760841 8000 3951.5 0.00239225 0.0295599 0.0151559
0.0033139 8010 3952.5 0.0038153 0.0315378 -0.0052919
0.00794991 8020 3953.5 0.00251701 0.0249701 -0.00973222
0.00266827 8030 3954.5 0.0123818 0.00251328 0.0175959
0.00601761 8040 3955.5 0.00242519 0.123203 -0.027524
0.00360404 8050 3956.5 0.00391154 0.0208833 0.0167139
0.00170162 8060 3957.5 0.0025866 0.0171923 0.00158295
0.00473329 8070 3958.5 0.00513692 -0.0266078 -0.0104191
0.00462718 8080 3959.5 0.00417882 0.0440078 0.00584303
0.00174813 8090 3960.5 0.00466514 0.0291284 0.00356594
0.00902559 8100 3961.5 0.00727412 0.0121004 0.0128035
0.00201375 8110 3962.5 0.0058515 -0.02476 0.0132395
0.00176113 8120 3963.5 0.00493442 0.026116 0.00941743
0.00697869 8130 3964.5 0.00373935 -0.00586471 0.0221764
0.00526724 8140 3965.5 0.00685903 -0.00745062 0.00417706
0.00177657 8150 3966.5 0.00604874 0.0464547 -0.0040687
0.00630963 8160 3967.5 0.00643089 -0.0135551 -0.00901458
0.00565004 8170 3968.5 0.00414285 0.0262094 -0.0104408
0.00356402 8180 3969.5 0.00736483 0.0019635 0.0106351
0.00359425 8190 3970.5 0.00919462 0.00550665 0.00957001
0.00302251 8200 3971.5 0.00173219 0.018666 0.0118941
0.00401136 8210 3972.5 0.00448877 0.0473137 0.006709
0.00230234 8220 3973.5 0.00379783 0.0353773 -0.00302855
0.0015523 8230 3974.5 0.00622828 -0.00377525 0.00430891
0.00223681 8240 3975.5 0.00591114 0.0326591 -0.00153118
0.00485093 8250 3976.5 0.00419776 0.0152399 0.00261947
0.00285742 8260 3977.5 0.00532365 0.00575904 0.00055964
0.00063378 8270 3978.5 0.00371564 0.0104062 -0.0032803
0.0012552 8280 3979.5 0.00257376 0.0140504 0.00125386
0.00164504 8290 3980.5 0.00724557 0.000110529 0.0152247
0.00102159 8300 3981.5 0.00139155 0.00806977 0.00208381
0.00443069 8310 3982.5 0.00628042 0.00931591 0.0128644
0.00101959 8320 3983.5 0.00518022 0.00981907 0.00654716
0.00650957 8330 3984.5 0.00538777 0.00912855 -0.00194352
0.00100851 8340 3985.5 0.00356398 0.0182358 -0.00591391
0.00315796 8350 3986.5 0.00057115 0.0270769 0.00245773
0.000802335 8360 3987.5 0.0061725 0.0109609 0.00563085
0.0048769 8370 3988.5 0.00434003 0.0295949 0.00328908
0.00133163 8380 3989.5 0.00804938 0.0124946 0.017983
0.00757254 8390 3990.5 0.00106243 0.020371 -0.0157031
0.00672022 8400 3991.5 0.00780451 -0.00557932 0.0190141
0.00177291 8410 3992.5 0.0111965 0.00276448 0.0137404
0.00126454 8420 3993.5 0.0302698 0.00133836 -0.0530062
0.00636517 8430 3994.5 0.00717591 -0.00366383 -0.00738391
0.00935789 8440 3995.5 0.00420801 0.0314562 0.0071599
0.00208556 8450 3996.5 0.00585963 0.0127262 0.00211369
0.00684685 8460 3997.5 0.00454092 -0.0149793 -0.0104766
0.00143325 8470 3998.5 0.00648481 -0.00533389 0.0251994
0.00269685 8480 3999.5 0.0170475 -0.0382845 -0.0109481
0.00087116 8490 4000.5 0.00673609 0.00524381 0.0115452
0.00129221 8500 4001.5 0.00632518 -0.0298914 0.00621834
0.00506677 8510 4002.5 0.00352339 -0.0149032 0.00185195
0.00269074 8520 4003.5 0.00655512 0.01709 0.00427665
0.00701214 8530 4004.5 0.00773028 -0.0116904 0.00111966
0.0050523 8540 4005.5 0.00615959 0.0299076 0.000606078
0.00613574 8550 4006.5 0.00152798 0.0196452 -0.00553508
0.00245957 8560 4007.5 0.00437933 0.0244645 0.000953494
0.00180021 8570 4008.5 0.00538396 0.00631658 -0.00292843
0.00124273 8580 4009.5 0.00847941 0.012698 0.00895239
0.00185124 8590 4010.5 0.0043284 0.0182427 0.00208772
0.00326775 8600 4011.5 0.00473705 0.0245058 0.000679887
0.0056458 8610 4012.5 0.00471535 0.0184327 0.0024684
0.000866531 8620 4013.5 0.00420457 0.0125633 -0.00623514
0.00330841 8630 4014.5 0.00597249 0.0223378 0.00758402
0.00256129 8640 4015.5 0.00708836 0.0302492 -0.00029843
0.00487192 8650 4016.5 0.00442537 -0.00991347 0.00483774
0.00889296 8660 4017.5 0.00600519 0.00715796 0.00200095
0.00136006 8670 4018.5 0.00816336 0.00594149 0.0106247
0.0025204 8680 4019.5 0.00755188 0.00797924 0.0140327
0.00112473 8690 4020.5 0.00593931 0.0100615 0.00515233
0.00397952 8700 4021.5 0.0053783 0.0306171 0.00132854
0.00403396 8710 4022.5 0.00612325 0.017969 0.000181893
0.00558729 8720 4023.5 0.00721021 -0.0376656 -0.00646721
0.00350185 8730 4024.5 0.00629734 0.0160798 0.0113277
0.00350105 8740 4025.5 0.0046775 0.0230478 0.00645806
0.00149944 8750 4026.5 0.00550107 0.00912166 0.00861075
0.00157918 8760 4027.5 0.00466895 0.0116713 0.00799403
0.00321375 8770 4028.5 0.00339397 0.0137809 0.0040221
0.00149375 8780 4029.5 0.0108242 0.000461344 0.00888218
0.00539275 8790 4030.5 0.0244208 -0.000307072 0.0525293
0.00423728 8800 4031.5 0.0117275 0.02391 -0.00141304
0.00481428 8810 4032.5 0.0211209 -0.0406069 -0.0048586
0.00350491 8820 4033.5 0.00307501 0.0224353 0.0161773
0.00146308 8830 4034.5 0.00331723 0.0129097 0.0120419
0.00116065 8840 4035.5 0.00435221 0.00966264 -0.00363933
0.0024363 8850 4036.5 0.0152084 0.0091243 0.0261123
0.00146764 8860 4037.5 0.0151909 0.0123282 0.0318494
0.00407983 8870 4038.5 0.00547001 0.0179846 0.0121278
0.00231947 8880 4039.5 0.00831111 -0.0100761 0.0165682
0.00130946 8890 4040.5 0.00611531 0.000607122 0.0129218
0.00195105 8900 4041.5 0.0135079 0.0148898 0.0357147
0.0022612 8910 4042.5 0.00215713 0.013372 0.0161889
0.0040455 8920 4043.5 0.00647143 0.0193736 0.0152896
0.00672919 8930 4044.5 0.0055359 -0.0320488 -0.00365192
0.00690932 8940 4045.5 0.0115943 0.0333072 0.0292517
0.00339701 8950 4046.5 0.00491693 -0.0540927 -0.00422905
0.00391453 8960 4047.5 0.00714398 -0.0301565 0.0177075
0.00283163 8970 4048.5 0.00378384 0.00652275 0.00234129
0.00320347 8980 4049.5 0.00802655 -0.0212858 0.00650628
0.00701918 8990 4050.5 0.00761967 0.0296529 -0.0088924
0.00327194 9000 4051.5 0.00511063 0.0213144 0.011608
0.00784499 9010 4052.5 0.00510944 -0.0205346 -0.0115375
0.00229059 9020 4053.5 0.0066501 0.0199242 0.00656203
0.000981056 9030 4054.5 0.0064273 0.0264182 0.00743395
0.00532803 9040 4055.5 0.00292048 0.0196932 -0.0155038
0.00695208 9050 4056.5 -0.0012818 0.0647807 -0.0114798
0.00408198 9060 4057.5 0.00745678 0.00398606 0.00657089
0.00754774 9070 4058.5 0.00533284 0.0142691 -0.0026637
0.000781945 9080 4059.5 0.00342022 0.0275583 -0.00161505
0.000983658 9090 4060.5 0.00396544 0.0185818 -0.00340529
0.00153723 9100 4061.5 0.00663837 0.00723484 0.0135452
0.00985421 9110 4062.5 0.00236345 0.0183339 -0.0052994
0.00328399 9120 4063.5 0.00758832 -0.0211207 0.0127961
0.00377871 9130 4064.5 0.00495094 0.017857 0.0016576
0.00229269 9140 4065.5 0.00912046 -0.0094258 0.0135492
0.000941936 9150 4066.5 0.00400585 0.0260054 0.00827701
0.00156604 9160 4067.5 0.0151265 0.012998 0.0255672
0.000854372 9170 4068.5 0.00352237 0.0133623 -0.00899357
0.00693094 9180 4069.5 0.0110158 -0.0370944 -0.00250969
0.000585374 9190 4070.5 0.0132751 0.0131117 0.0100092
0.00875233 9200 4071.5 0.00550085 0.0188647 -0.00956702
0.00428463 9210 4072.5 0.00664773 0.0254937 0.00221734
0.00148327 9220 4073.5 0.00496921 0.0206668 -0.00887458
0.00899301 9230 4074.5 0.00457253 -0.0172625 -0.000741381
0.00323211 9240 4075.5 0.00585044 0.0275689 0.00477018
0.00510119 9250 4076.5 0.00512206 0.0518557 0.00934713
0.00480459 9260 4077.5 0.00833419 0.0349222 0.0160005
0.00123745 9270 4078.5 0.0115756 0.00554581 0.0116859
0.00226973 9280 4079.5 0.00346167 0.0217065 0.00065988
0.00712811 9290 4080.5 0.00290384 0.0252624 -0.0021251
0.00508083 9300 4081.5 0.00776063 -0.0246158 0.0135958
0.00177949 9310 4082.5 0.00372026 0.0128656 -0.00776922
0.00543242 9320 4083.5 0.00551006 0.00997742 -0.00103264
0.00552053 9330 4084.5 0.00895989 0.0284373 0.00263762
0.00434536 9340 4085.5 0.00381064 0.0279447 -0.0021942
0.0018525 9350 4086.5 0.00545815 0.0213568 -0.00560815
0.00481917 9360 4087.5 0.00440766 0.0289659 0.00644996
0.00156042 9370 4088.5 0.00417018 0.0211556 0.00445956
0.00160054 9380 4089.5 0.00954992 0.00511823 0.00914924
0.00275779 9390 4090.5 0.00788 0.0140838 -0.000949024
0.00693267 9400 4091.5 0.00537461 0.0208245 0.00229127
0.00558242 9410 4092.5 0.000803458 -0.00693207 -0.0130634
0.00330525 9420 4093.5 0.00568406 0.00853311 -0.00253186
0.00172333 9430 4094.5 0.00387974 0.0233779 0.0106435
0.00216535 9440 4095.5 0.0054351 0.0192353 -0.007871
0.000768608 9450 4096.5 0.00432904 0.00365945 0.00251363
0.000877909 9460 4097.5 0.0060266 0.0214352 -3.8656e-05
0.00869643 9470 4098.5 0.0142705 -0.00962465 -0.00277755
0.00282477 9480 4099.5 0.00478925 0.0224463 0.00604676
0.00669489 9490 4100.5 0.00743127 0.0165965 0.0115054
0.00656551 9500 4101.5 0.0066132 0.05575 0.00789504
0.00499523 9510 4102.5 0.00743478 0.0183257 0.00474312
0.00459626 9520 4103.5 0.00273947 0.0252679 0.000513137
0.00618121 9530 4104.5 0.00551181 -0.0112007 0.00136345
0.000917437 9540 4105.5 0.00435443 0.0243742 0.00815716
0.00699523 9550 4106.5 0.000522432 0.0708646 0.0053266
0.00264622 9560 4107.5 0.00646269 -0.0289891 0.0193582
0.0010651 9570 4108.5 0.00833391 -0.00962218 -0.0126528
0.00740156 9580 4109.5 0.00728515 0.0196498 -0.000749631
0.00324171 9590 4110.5 0.00611483 0.0239201 0.00278821
0.00545839 9600 4111.5 0.0171915 -0.00883204 0.0263776
0.00379918 9610 4112.5 0.00678345 0.0201661 -0.00258639
0.00358483 9620 4113.5 0.00376918 0.0263412 -0.0117974
0.00134295 9630 4114.5 0.00528885 0.0244886 -0.00289914
0.00133686 9640 4115.5 0.00650858 0.0220417 0.0153841
0.000961261 9650 4116.5 0.000622967 -0.0157674 -0.0075559
0.0072758 9660 4117.5 0.00997049 0.0188812 0.0106898
0.00579561 9670 4118.5 0.00453842 0.0190394 -0.000677637
0.00324523 9680 4119.5 0.00407649 0.0146481 -0.0108689
0.00361554 9690 4120.5 0.00221967 0.00418142 0.00188545
0.00484629 9700 4121.5 0.00928202 0.0247884 0.0123447
0.00614022 9710 4122.5 0.00668127 -0.0322412 0.0108666
0.00124713 9720 4123.5 0.00583988 0.0217767 0.00119651
0.00140336 9730 4124.5 0.00397139 0.0171022 -0.00474945
0.00486849 9740 4125.5 0.00879237 -0.0105567 0.0187207
0.00813893 9750 4126.5 0.00410948 0.0256703 -0.0038583
0.00400557 9760 4127.5 0.00386956 0.0211704 -0.000746203
0.00345531 9770 4128.5 0.00498143 0.0227289 -1.50277e-05
0.00396176 9780 4129.5 0.00922596 -0.00661431 0.00688073
0.00250702 9790 4130.5 0.00168234 0.0203734 -0.0102555
0.00496733 9800 4131.5 0.00617225 -0.00705536 0.00609841
0.00380665 9810 4132.5 0.018024 0.048169 0.0279283
0.00346536 9820 4133.5 0.00428595 0.00314672 0.0111828
0.00275811 9830 4134.5 0.0106507 -0.0453067 0.00679195
0.00543739 9840 4135.5 0.00942587 -0.0280567 -0.00522973
0.00543393 9850 4136.5 0.00235736 0.00038867 0.00673434
0.00575373 9860 4137.5 0.00592759 0.0156718 0.00858334
0.00113612 9870 4138.5 0.00678296 0.00608296 0.00485399
0.0090805 9880 4139.5 0.00606635 0.0252087 0.00355249
0.00363017 9890 4140.5 0.00827235 0.0361448 0.0118949
0.00683362 9900 4141.5 0.00871412 -0.0248225 -0.00159973
0.00373562 9910 4142.5 0.0048506 -0.00975528 0.00383483
0.00515174 9920 4143.5 0.0116814 -0.0284096 -0.00312499
0.00140427 9930 4144.5 0.00743723 0.00203911 0.00809932
0.00130196 9940 4145.5 0.00888173 0.00804649 0.00149899
0.00141267 9950 4146.5 0.00442146 0.0045055 0.00759513
0.00669892 9960 4147.5 0.00321645 -0.0183639 0.00792433
0.00568867 9970 4148.5 0.0136382 -0.0442726 -0.000277803
0.00138651 9980 4149.5 0.00979023 -0.00566975 0.0116138
0.00354535 9990 4150.5 0.00616572 0.016123 0.00255713
0.00194497 10000 4151.5 0.00492258 0.00086341 0.00713369
0.00468743 10010 4152.5 0.00618628 0.0130388 0.00516958
0.00130789 10020 4153.5 0.0113904 0.00458154 0.0291944
0.00843412 10030 4154.5 0.0067099 0.0130727 -0.000231299
0.00543839 10040 4155.5 0.00762235 -0.0242042 0.0164949
0.00113163 10050 4156.5 0.00491965 -0.00698772 0.00452198
0.00202302 10060 4157.5 0.0102404 -0.0298642 0.0131324
0.00539646 10070 4158.5 0.00468683 -0.000736839 0.000529051
0.002815 10080 4159.5 0.00747887 0.0236832 -0.00383691
0.00292822 10090 4160.5 0.00352356 0.020805 -0.00234865
0.001989 10100 4161.5 0.00792957 0.00312939 0.00811191
0.00138496 10110 4162.5 0.0070595 0.017336 0.00746996
0.00152368 10120 4163.5 0.00640408 0.00870444 0.0152403
0.000791823 10130 4164.5 0.00843533 0.00792777 0.00441534
0.00144765 10140 4165.5 0.0102696 0.00562068 0.0107109
0.00451658 10150 4166.5 0.00427954 0.0296757 -0.00608102
0.00583665 10160 4167.5 0.00793875 -0.026918 -0.0135113
0.0038914 10170 4168.5 0.00520189 0.032092 0.00614353
0.00348179 10180 4169.5 0.00371966 0.00518575 0.0116364
0.00661351 10190 4170.5 0.00950571 0.0263897 0.0193255
0.00211052 10200 4171.5 0.00281889 0.0190554 -0.00252452
0.00137692 10210 4172.5 0.0041968 0.0230314 0.00245336
0.00107416 10220 4173.5 0.0105437 0.0166593 0.0132937
0.00078095 10230 4174.5 0.00544772 0.0241022 0.0108119
0.00325294 10240 4175.5 0.00193043 0.0186855 -0.00213836
0.00372385 10250 4176.5 0.000548661 -0.0609347 0.010241
0.00139851 10260 4177.5 0.00448116 0.0440887 0.000140917
0.0088764 10270 4178.5 0.0084195 0.00331478 -0.00192529
0.000860547 10280 4179.5 0.00440919 0.0182728 0.00107345
0.0120027 10290 4180.5 0.00685912 0.000168084 0.016149
0.00255256 10300 4181.5 0.0033978 0.035191 -0.00920111
0.0015901 10310 4182.5 0.0044227 0.0128553 -0.00122991
0.00133248 10320 4183.5 0.00472936 -0.00280512 0.000383081
0.00949134 10330 4184.5 0.019232 -0.0225281 0.00529888
0.00332589 10340 4185.5 0.0135631 0.0723691 0.00864149
0.00204382 10350 4186.5 0.00758655 0.0134343 0.0117799
0.00698604 10360 4187.5 0.0074149 -0.0437466 0.00720137
0.00386298 10370 4188.5 0.00709176 0.0252739 0.00673027
0.00376162 10380 4189.5 0.00662199 0.0191691 0.00597819
0.00227788 10390 4190.5 0.00259128 0.00089728 0.00386005
0.00312844 10400 4191.5 0.00673594 -0.0391169 0.0331455
0.00777788 10410 4192.5 0.00553505 -0.0258341 0.0018423
0.000843257 10420 4193.5 0.00583821 0.0181862 0.0119405
0.0118353 10430 4194.5 0.00735509 -0.0254995 0.022289
0.00129281 10440 4195.5 0.0046928 0.0305209 0.0104747
0.00635723 10450 4196.5 0.00443983 0.0283358 0.0038241
0.0023691 10460 4197.5 0.00743657 0.0163164 0.00558264
0.00276941 10470 4198.5 0.00581937 0.0351205 -0.000394378
0.00316883 10480 4199.5 0.00551555 0.00190361 0.000546189
0.00656285 10490 4200.5 -0.00240965 -0.00846108 0.0162355
0.0093281 10500 4201.5 0.00118073 -0.0436936 0.0062217
0.00408437 10510 4202.5 0.0044656 0.0155449 -0.00687946
0.00240987 10520 4203.5 0.0033334 0.0236499 -0.00421963
0.00216548 10530 4204.5 0.00501897 0.0250807 -0.00359979
0.00110945 10540 4205.5 0.00725006 0.0304004 -0.00388835
0.00537071 10550 4206.5 0.00919913 -0.00586387 0.02318
0.00212503 10560 4207.5 0.0078878 0.0169927 -0.00334309
0.00268213 10570 4208.5 0.00650305 0.0327661 -0.000260555
0.00346178 10580 4209.5 0.00456889 0.0236253 0.0137029
0.00588625 10590 4210.5 0.00438954 0.0198657 -0.0112408
0.00169766 10600 4211.5 0.0106039 0.00404651 0.0177292
0.00131076 10610 4212.5 0.00484833 0.0229687 -0.000155273
0.00310849 10620 4213.5 0.00174696 0.0338286 0.00258947
0.00820376 10630 4214.5 0.00808043 -0.0327354 0.00741825
0.00304379 10640 4215.5 0.0102808 0.0409822 -0.0173072
0.00330513 10650 4216.5 0.00434294 -0.00144431 0.0089477
0.00264179 10660 4217.5 0.00933582 0.0110339 0.0168052
0.00168718 10670 4218.5 0.00442412 0.0147314 0.00820267
0.00230052 10680 4219.5 0.00973661 -0.00829389 0.00120246
0.00582927 10690 4220.5 0.00703954 0.0272907 -0.00122072
0.00173042 10700 4221.5 0.00777582 0.000270034 0.0210567
0.00132809 10710 4222.5 0.00493646 0.023388 0.00562748
0.00339802 10720 4223.5 0.00828208 0.00163264 0.0188688
0.00576292 10730 4224.5 0.00486951 -0.017529 0.0067843
0.00138143 10740 4225.5 0.00820998 0.00153064 0.00935785
0.00369925 10750 4226.5 0.00542654 0.0206237 0.00464551
0.00179454 10760 4227.5 0.00912259 -0.0133686 0.0109561
0.00639409 10770 4228.5 0.0051689 -0.0296617 -0.0159696
0.00628743 10780 4229.5 0.00293524 0.0154333 0.00865372
0.000907243 10790 4230.5 0.00554213 0.0189454 0.00122259
0.0102077 10800 4231.5 0.00808408 -0.0140454 -0.0129922
0.00680376 10810 4232.5 0.0042764 0.0461884 0.00603284
0.0054015 10820 4233.5 0.00804183 -0.011688 0.00918763
0.00254116 10830 4234.5 0.0121157 -0.0243987 0.00466853
0.00119406 10840 4235.5 0.00298694 0.0138424 -0.00499419
0.00246631 10850 4236.5 0.00701767 0.00469948 0.0046057
0.00270895 10860 4237.5 0.00621799 -0.00664121 0.00538773
0.000805088 10870 4238.5 0.00299817 0.0137623 -0.00963256
0.00192904 10880 4239.5 0.00439513 0.0429853 0.0114317
0.00157067 10890 4240.5 0.00398611 0.0268821 -0.00158206
0.00470188 10900 4241.5 0.0104533 0.0433067 0.0281244
0.00271149 10910 4242.5 0.00496622 0.0298518 -0.0097255
0.00636801 10920 4243.5 0.00270922 0.0237022 -0.00429281
0.000813275 10930 4244.5 0.00629717 0.0200222 0.00587981
0.0039375 10940 4245.5 0.00592401 -0.0259432 0.0104985
0.00194639 10950 4246.5 0.00479985 -0.00381771 0.00213395
0.00366559 10960 4247.5 0.00661218 0.000365219 -0.00829619
0.00378765 10970 4248.5 0.00348375 -0.0254149 0.0034304
0.00100575 10980 4249.5 0.0053531 0.0130142 1.39494e-05
0.00347524 10990 4250.5 0.0084922 0.00197384 -0.00652982
0.00276868 11000 4251.5 0.00404444 0.0135444 -0.000963029
0.00196034 11010 4252.5 0.00903251 -0.0208576 0.0152472
0.00686018 11020 4253.5 0.0094268 0.0391721 0.0157098
0.00484809 11030 4254.5 0.0155701 0.0737895 0.00208941
0.00168921 11040 4255.5 0.00406265 0.0198599 0.00183165
0.00477096 11050 4256.5 0.00391742 0.0285297 0.00456509
0.00391458 11060 4257.5 0.00874621 -0.011645 0.0163104
0.00374675 11070 4258.5 0.0164556 0.035113 -0.0296418
0.00173914 11080 4259.5 0.00408796 0.0487477 0.00662909
0.00195347 11090 4260.5 0.0062884 0.0178229 0.0115774
0.00600293 11100 4261.5 0.0050192 0.0226783 0.00503365
0.00601193 11110 4262.5 0.00681841 0.0198048 -0.00482886
0.00408815 11120 4263.5 0.00362043 0.0298469 -0.00730642
0.004028 11130 4264.5 0.00493321 0.0273961 -0.00276008
0.00404717 11140 4265.5 0.00222103 0.028681 -0.00141
0.0045676 11150 4266.5 0.006319 0.00879858 0.0116843
0.0031058 11160 4267.5 0.00553055 0.00759389 4.56402e-05
0.0020553 11170 4268.5 0.00556368 -0.0128328 0.0181815
0.00151031 11180 4269.5 0.0155145 0.0156276 0.027243
0.00236475 11190 4270.5 0.00401789 0.0288786 0.0118967
0.00204006 11200 4271.5 0.00489018 0.0204463 0.00369964
0.00152029 11210 4272.5 0.010005 -0.0176147 0.016884
0.00290477 11220 4273.5 0.00836164 0.044336 0.00455999
0.0089914 11230 4274.5 0.00636609 -0.008482 0.0130503
0.00532845 11240 4275.5 0.00356526 0.0414918 0.00494705
0.0060303 11250 4276.5 0.00689642 0.00366503 0.00671483
0.0141526 11260 4277.5 0.00591627 -0.0401224 0.00320189
0.0061649 11270 4278.5 0.00913248 -0.0126287 0.00761406
0.00221718 11280 4279.5 0.00496855 -0.00248312 0.0197233
0.00121317 11290 4280.5 0.0101197 -0.00394753 0.0126491
0.00115525 11300 4281.5 0.00441031 0.00029857 0.00354052
0.00301806 11310 4282.5 0.00731009 0.0268588 0.00640196
0.00817643 11320 4283.5 0.00596573 -0.026637 0.00102396
0.0011806 11330 4284.5 0.00350408 0.0328924 0.00395574
0.002948 11340 4285.5 0.00823214 -0.00236846 0.0195522
0.00152847 11350 4286.5 0.00831435 -0.00565378 0.0102987
0.00421972 11360 4287.5 0.00641984 -0.0263215 0.00182844
0.00405712 11370 4288.5 0.00852531 0.00505293 0.0164361
0.000748882 11380 4289.5 0.00653002 0.0104322 0.012414
0.00750695 11390 4290.5 0.0064195 -0.0319606 0.0325547
0.00217908 11400 4291.5 0.0155133 0.0424042 -0.00465752
0.00594612 11410 4292.5 0.00715218 0.0229676 0.00214707
0.00154767 11420 4293.5 0.00613084 0.016422 0.0042059
0.00459661 11430 4294.5 0.0217236 -0.0175271 0.0463385
0.00094776 11440 4295.5 0.00875951 0.0136222 0.00342907
0.00221935 11450 4296.5 0.00273437 0.0247215 0.00411497
0.00638326 11460 4297.5 0.00373695 0.0298036 -0.00801719
0.0015901 11470 4298.5 0.00612957 -0.01469 0.00757528
0.00890676 11480 4299.5 0.00543997 0.0202016 0.00144184
0.00110822 11490 4300.5 0.00562786 0.00930795 0.00279169
0.0109157 11500 4301.5 0.0136562 0.0402506 0.0295722
0.00462548 11510 4302.5 0.00637959 -0.0140083 3.66828e-05
0.00311067 11520 4303.5 0.00778069 -0.0171878 0.00762917
0.00320056 11530 4304.5 0.00645122 0.00829005 0.00796075
0.00250408 11540 4305.5 0.00295516 0.00577796 -0.00162891
0.00849431 11550 4306.5 0.00428603 0.0243883 -0.00256635
0.00105111 11560 4307.5 0.00633472 0.0136615 0.00588322
0.00284941 11570 4308.5 0.00834786 0.00175255 0.0170903
0.00200303 11580 4309.5 0.00878683 -0.00424197 0.0203117
0.00439364 11590 4310.5 0.00276828 0.0195002 0.00239947
0.00164264 11600 4311.5 0.00537282 -0.000882655 0.00132291
0.00681948 11610 4312.5 0.00700127 0.0280162 -0.00144229
0.00173138 11620 4313.5 0.00490298 -0.00350984 0.00675791
0.00243382 11630 4314.5 0.00611553 0.0174194 0.00441683
0.00146996 11640 4315.5 0.00345111 0.0125443 -0.0035704
0.0131454 11650 4316.5 0.00680378 -0.00265332 -0.00519622
0.00578513 11660 4317.5 0.00445836 0.0533353 -0.000982311
0.00530179 11670 4318.5 0.00997383 0.0155987 -0.000828062
0.00282601 11680 4319.5 0.00555744 0.00533373 0.0102103
0.0108807 11690 4320.5 0.00445861 0.0195207 -0.00548223
0.00101562 11700 4321.5 0.0117832 0.0038297 0.00818016
0.00248369 11710 4322.5 0.00588442 0.0244907 0.00478592
0.00450863 11720 4323.5 0.00630079 0.0404156 -0.0019164
0.00395493 11730 4324.5 0.00477387 0.0185967 0.0115032
0.00139427 11740 4325.5 0.00676019 -0.0211983 0.0137387
0.00225283 11750 4326.5 0.00957516 0.0169404 -0.0128514
0.00126781 11760 4327.5 0.0109708 0.0260099 -0.00259381
0.00653044 11770 4328.5 0.00516843 0.0190119 0.000130297
0.00362412 11780 4329.5 0.00907427 0.0170191 0.0132529
0.00500328 11790 4330.5 0.00466393 0.0302376 0.00176644
0.00147545 11800 4331.5 0.00776042 0.013632 0.00861685
0.0007747 11810 4332.5 0.00660651 0.0262714 0.00313501
0.00716053 11820 4333.5 0.00383641 0.0326756 0.00586444
0.00916179 11830 4334.5 0.00972014 -0.00445035 0.0396553
0.00364519 11840 4335.5 0.00451315 0.0211993 0.00415181
0.0093898 11850 4336.5 0.00849998 0.00611508 0.00120126
0.0019254 11860 4337.5 0.00613389 -0.0211326 0.0149624
0.00286779 11870 4338.5 0.00526924 0.0152333 0.00430766
0.00267032 11880 4339.5 0.00514191 0.010184 0.00500359
0.00371222 11890 4340.5 0.0150048 -0.0390776 -0.00371546
0.0014177 11900 4341.5 0.00207702 0.0115394 0.00975121
0.00279123 11910 4342.5 0.011939 -0.0331149 0.00744653
0.00303512 11920 4343.5 0.00903303 -0.0124267 0.0117244
0.00106789 11930 4344.5 0.00419207 0.031583 0.00135251
0.00119103 11940 4345.5 0.0050215 0.0071703 0.00834613
0.00141304 11950 4346.5 0.00349471 0.00753307 -0.00332446
0.00714395 11960 4347.5 0.00612151 0.0225298 -0.00096809
0.00669848 11970 4348.5 0.00746728 0.0376422 0.000958962
0.00431488 11980 4349.5 0.00871163 0.0215719 0.00902197
0.00740327 11990 4350.5 0.00396827 0.0196866 0.00256408
0.00146566 12000 4351.5 0.00759717 0.00987352 0.0160528
0.00225989 12010 4352.5 0.00736958 -0.0177684 0.0114834
0.00201288 12020 4353.5 0.00519818 0.0190972 -0.00198775
0.00267341 12030 4354.5 0.00527276 0.0160901 0.00917384
0.00936901 12040 4355.5 0.0140147 0.00686147 0.0446669
0.00494984 12050 4356.5 0.00738898 0.0240138 0.011365
0.00163257 12060 4357.5 0.00487939 -0.00228214 0.00344556
0.00129151 12070 4358.5 0.00604172 0.015976 0.00518938
0.0015456 12080 4359.5 0.00198402 0.0139959 -0.000465062
0.00390871 12090 4360.5 0.0057513 0.0109287 0.00883563
0.0043849 12100 4361.5 0.00768888 -0.0332688 0.019382
0.0107102 12110 4362.5 0.00526754 0.0176787 0.00839042
0.00122791 12120 4363.5 0.00578445 0.0186867 0.00713036
0.00264696 12130 4364.5 0.00789631 0.015218 0.000477008
0.00339752 12140 4365.5 0.00805098 -0.0303383 0.0117022
0.00102191 12150 4366.5 0.00169611 0.0255275 0.00512117
0.00860217 12160 4367.5 0.00545652 0.0182857 -0.000438159
0.00195781 12170 4368.5 0.00694248 -0.000196142 0.00731893
0.00381809 12180 4369.5 0.0086709 0.0378224 0.0202725
0.0101079 12190 4370.5 0.00527093 0.0266274 0.0152534
0.00357739 12200 4371.5 0.00221984 0.0265098 0.00542252
0.00192774 12210 4372.5 -0.00332082 -0.00229509 0.008707
0.00126293 12220 4373.5 0.0061822 0.0113621 9.40154e-05
0.00249169 12230 4374.5 0.00584644 0.0302542 0.0108396
0.00358584 12240 4375.5 0.00352173 0.0202649 -0.0107875
0.0245497 12250 4376.5 0.0113481 0.00673225 0.000956414
0.000649468 12260 4377.5 0.00511724 0.011418 0.00440842
0.00952712 12270 4378.5 0.00653281 -0.0205044 -0.00849662
0.00733363 12280 4379.5 0.0166503 -0.0379152 -0.0109943
0.0012077 12290 4380.5 0.00907946 0.0154143 -0.0222065
0.00631534 12300 4381.5 0.00437093 -0.0266473 -0.00711048
0.00165817 12310 4382.5 0.0105536 -0.0231988 0.0386269
0.00197276 12320 4383.5 0.00595259 0.022389 0.00259073
0.00484692 12330 4384.5 0.00718805 0.0167719 0.00472299
0.00922605 12340 4385.5 0.00762766 -0.0402641 -0.00140485
0.00202211 12350 4386.5 0.00506582 0.0182672 -0.00734017
0.00296976 12360 4387.5 0.00774444 0.0210272 0.000482695
0.00146452 12370 4388.5 0.00350349 0.0461103 -0.00130098
0.00204875 12380 4389.5 0.00398156 0.0389903 0.0113894
0.00121161 12390 4390.5 0.00250333 0.0270481 -0.000311087
0.00418612 12400 4391.5 0.007589 -0.000678186 0.014331
0.00376802 12410 4392.5 0.00771932 0.00194137 0.0030428
0.00745488 12420 4393.5 0.00659905 0.0246813 0.0088121
0.00169541 12430 4394.5 0.0156857 -0.0314414 0.0187885
0.00527222 12440 4395.5 0.0124238 -0.0301857 0.021878
0.00618597 12450 4396.5 0.00575179 0.0348544 -0.000471486
0.00548137 12460 4397.5 0.00829523 0.0105959 0.0128561
0.00113262 12470 4398.5 0.00991262 0.0262099 0.0235091
0.000741867 12480 4399.5 0.00555631 0.0190108 -0.00108445
0.00309709 12490 4400.5 0.000409377 0.02852 0.00554544
0.00514203 12500 4401.5 0.00836313 0.0189335 0.00793799
0.00217423 12510 4402.5 0.00493826 0.013843 0.00642364
0.00139086 12520 4403.5 0.00457999 0.028343 -0.0065281
0.0021086 12530 4404.5 0.00516108 0.0359388 -0.00166578
0.00356037 12540 4405.5 0.00676229 0.0114624 0.00776686
0.004758 12550 4406.5 0.00669001 0.0213872 0.00618992
0.00308461 12560 4407.5 0.00972226 -0.0187822 0.0118404
0.00327235 12570 4408.5 0.0034362 0.026134 -0.0019231
0.000648586 12580 4409.5 0.000725134 -0.0114856 -0.0159945
0.00339278 12590 4410.5 0.00589711 -0.00210816 0.00365094
0.00134698 12600 4411.5 0.00441357 -0.0153591 0.00834795
0.00425052 12610 4412.5 0.00795568 -0.0195208 0.00505149
0.0050835 12620 4413.5 0.0044749 -0.00349865 -0.00650266
0.00664275 12630 4414.5 0.00627759 0.0426861 0.0101919
0.00456473 12640 4415.5 0.000209135 -0.00534556 -0.00946918
0.00645968 12650 4416.5 0.00810485 -0.0193386 0.0234059
0.000879614 12660 4417.5 0.00643181 0.00494851 0.00793403
0.0065277 12670 4418.5 0.00641014 0.0118917 0.00684735
0.00115636 12680 4419.5 0.00435105 0.00375895 0.00401669
0.00487511 12690 4420.5 0.00399898 0.0250391 8.39572e-08
0.00390879 12700 4421.5 -0.00224823 0.0721277 -0.00949004
0.00352618 12710 4422.5 0.0062387 -0.00246803 -0.000972559
0.00267124 12720 4423.5 0.00446596 0.00970668 -0.00145102
0.0018496 12730 4424.5 0.00504292 -0.00825952 0.00572885
0.00866039 12740 4425.5 0.00646043 -0.0243057 -0.00854596
0.004447 12750 4426.5 0.00395953 0.0227804 0.00280057
0.0066537 12760 4427.5 -0.00220349 -0.00401982 0.0208335
0.00430732 12770 4428.5 0.00610906 0.0207413 0.0095248
0.00138175 12780 4429.5 0.00467885 0.000533928 0.00434843
0.00333148 12790 4430.5 0.00399547 0.00639743 0.00649903
0.00192313 12800 4431.5 0.00685829 -0.00398007 -0.00228174
0.00196691 12810 4432.5 0.0138537 0.00358081 0.0197967
0.00411173 12820 4433.5 0.00801113 -0.0019852 0.0134974
0.00141148 12830 4434.5 0.0090859 0.00816257 0.0108053
0.00654132 12840 4435.5 0.00479312 0.0233936 0.00402591
0.00562002 12850 4436.5 0.00599762 -0.014685 0.0081938
0.00906053 12860 4437.5 0.00537374 -0.0292136 -0.005554
0.00183805 12870 4438.5 0.00643219 0.0109531 0.00300444
0.0034965 12880 4439.5 0.00419501 0.0254265 0.010515
0.00663194 12890 4440.5 0.00722865 0.0221914 0.0037242
0.00266119 12900 4441.5 0.00805549 -0.014998 0.0159274
0.00107071 12910 4442.5 0.00248398 0.0280218 -0.00421454
0.000443834 12920 4443.5 0.00581612 0.0210748 0.00178369
0.0056239 12930 4444.5 0.00527895 0.0236072 -0.00353425
0.00257908 12940 4445.5 0.006786 -0.00310987 0.0190308
0.0026412 12950 4446.5 0.00707855 -0.0198523 0.0141436
0.00092326 12960 4447.5 0.00172636 0.00993687 0.00999825
0.0017315 12970 4448.5 0.00427854 0.0346543 0.011519
0.00410299 12980 4449.5 0.0102517 0.0232816 -0.034805
0.00675935 12990 4450.5 0.00839274 0.0244656 -0.00508757
0.00582468 13000 4451.5 0.00487178 -0.0237854 -0.00331073
0.00749724 13010 4452.5 0.00669276 0.0206887 -0.000869057
0.0073913 13020 4453.5 0.00329431 -0.000961292 -0.00263928
0.0058137 13030 4454.5 0.00436663 0.000815716 0.000744255
0.00867446 13040 4455.5 0.00642229 0.0130099 -0.0039111
0.00371995 13050 4456.5 0.00503712 0.0197143 -0.000848663
0.00595599 13060 4457.5 0.0140928 0.00665844 0.0379797
0.00447273 13070 4458.5 0.00556534 -0.00908969 0.00287299
0.00287467 13080 4459.5 0.0103182 -0.0132889 0.0154388
0.00322052 13090 4460.5 0.00692955 0.0230682 0.00932941
0.0012152 13100 4461.5 0.00286382 0.00954659 -0.00984049
0.00814446 13110 4462.5 0.00548156 0.0114201 0.00444886
0.00259607 13120 4463.5 0.00466874 0.0195671 0.000884526
0.0066143 13130 4464.5 0.00564036 0.019079 0.00385692
0.0107133 13140 4465.5 0.00518024 0.0234804 -0.00568038
0.00231068 13150 4466.5 0.00618523 0.0122059 0.0103979
0.0026551 13160 4467.5 0.00945688 -0.00555416 0.0091385
0.00607959 13170 4468.5 0.00728833 -0.0102039 0.000126302
0.00622736 13180 4469.5 0.00601192 -0.0307087 -0.00466271
0.00103884 13190 4470.5 0.00569109 0.017296 0.00107852
0.00195239 13200 4471.5 0.0042279 0.0368273 0.00797676
0.00204079 13210 4472.5 0.00653088 -0.0141822 0.0192287
0.00681071 13220 4473.5 0.00791953 0.0212973 0.00286525
0.0044956 13230 4474.5 0.00424842 0.00897278 -0.00587298
0.00420396 13240 4475.5 0.00782624 -0.0160762 -0.0143663
0.00357146 13250 4476.5 0.00407873 0.00823294 -0.000899268
0.00117262 13260 4477.5 0.0040821 0.0189757 -0.0027359
0.00230002 13270 4478.5 0.00283307 0.0124514 -0.0026482
0.00917385 13280 4479.5 0.0104012 0.0287348 0.00979546
0.00321692 13290 4480.5 0.00775379 -0.00746985 0.0118502
0.00400414 13300 4481.5 0.00369521 0.0345814 0.00162705
0.00477735 13310 4482.5 0.0103333 -0.0570046 0.0170103
0.00377868 13320 4483.5 0.00855874 -0.0241912 -0.0162241
0.00389132 13330 4484.5 0.00968583 -0.012878 0.013175
0.00575538 13340 4485.5 0.00778339 -0.0230472 0.00878498
0.00111382 13350 4486.5 0.0129922 0.0149508 0.023373
0.00402302 13360 4487.5 0.0086063 -0.0322147 0.00850688
0.00260467 13370 4488.5 0.01068 0.00476787 0.00485923
0.00543571 13380 4489.5 0.00601826 0.000928472 0.00219226
0.00385515 13390 4490.5 0.00862424 -0.0238967 0.0157802
0.00513979 13400 4491.5 0.0147762 -0.00729459 0.00252871
0.0080083 13410 4492.5 0.0116192 -0.0186519 0.00220896
0.00262343 13420 4493.5 0.00318794 0.0221271 -0.00659899
0.00268426 13430 4494.5 0.00324114 0.0167267 -0.00747007
0.00171456 13440 4495.5 0.00848349 -0.0059215 0.00108098
0.00416349 13450 4496.5 0.00542302 -0.00955594 0.0093281
0.00300363 13460 4497.5 0.00680491 0.0167487 0.00400507
0.00699382 13470 4498.5 0.00447065 -0.00565945 0.00641239
0.00608458 13480 4499.5 0.00900173 -0.0191366 0.00229689
0.00172001 13490 4500.5 0.0076063 0.0129732 0.0150211
0.0124866 13500 4501.5 0.00723586 -0.0446974 0.009479
0.00179118 13510 4502.5 0.00497301 -0.000121301 -0.000719951
0.00462457 13520 4503.5 0.00488736 0.0286254 0.00511362
0.00513053 13530 4504.5 0.0222853 -0.00839756 0.0476859
0.00275395 13540 4505.5 0.0039743 0.0328163 0.00293462
0.00126425 13550 4506.5 0.00735153 -0.0240563 0.0187849
0.00421167 13560 4507.5 0.00566043 0.00971914 0.00925347
0.0011284 13570 4508.5 0.00932888 0.00654632 0.0234365
0.00500533 13580 4509.5 0.0059689 -0.00956443 -0.00311171
0.00421405 13590 4510.5 0.0113349 0.0251765 0.00157441
0.00134454 13600 4511.5 0.00694968 0.000288947 0.00716997
0.00446775 13610 4512.5 0.00932821 0.0105952 0.00876909
0.0129947 13620 4513.5 0.000594599 0.0426242 -0.0201504
0.00238144 13630 4514.5 0.00861185 0.0106808 -0.00664174
0.00081674 13640 4515.5 0.00586078 0.00995217 0.00975174
0.00312648 13650 4516.5 0.00462609 -0.0260908 -0.00313157
0.00166983 13660 4517.5 0.00708111 -0.00702237 0.00525496
0.00167962 13670 4518.5 0.00612987 -0.0172603 0.0192736
0.00560387 13680 4519.5 0.0238203 -0.00184936 0.0521229
0.00377597 13690 4520.5 0.010341 -0.0147344 0.00468532
0.00315808 13700 4521.5 0.00868851 -0.00414545 0.0139091
0.00555394 13710 4522.5 0.00910479 0.00105298 0.0113821
0.00268081 13720 4523.5 0.00596534 0.0169583 2.3081e-05
0.0051207 13730 4524.5 0.00345276 0.0196888 0.00516347
0.0116744 13740 4525.5 0.0130545 -0.0159543 -0.0141125
0.00430161 13750 4526.5 0.00699628 -0.0279402 0.0182308
0.0023107 13760 4527.5 0.00573114 0.0368459 0.00391098
0.00200222 13770 4528.5 0.00355174 0.00506508 -0.00615417
0.00692849 13780 4529.5 0.0107946 -0.0150735 0.00518365
0.00158862 13790 4530.5 0.00358915 0.00200747 0.00697196
0.00444998 13800 4531.5 0.00783331 0.0411029 0.00771715
0.00311365 13810 4532.5 0.00757862 0.0130771 -0.00150496
0.00109235 13820 4533.5 0.00925478 0.0154635 0.00834015
0.00545414 13830 4534.5 0.00834707 -0.00547712 -0.00091947
0.00324619 13840 4535.5 0.00526738 0.0165555 -0.00088442
0.0036001 13850 4536.5 0.00494628 0.0150526 0.00949527
0.00256295 13860 4537.5 0.00796605 -0.0107166 0.00552663
0.0027067 13870 4538.5 0.0018451 0.0430319 0.00445924
0.0041147 13880 4539.5 0.00972621 0.01311 0.00915069
0.00536604 13890 4540.5 0.00656444 0.0368805 0.0218886
0.00165484 13900 4541.5 0.0132826 -0.0262544 0.0153333
0.00306057 13910 4542.5 0.00501504 -0.0038654 0.00438485
0.00578514 13920 4543.5 0.0202573 -0.0248734 -0.0123299
0.00426645 13930 4544.5 0.00495363 0.0142402 0.00397586
0.000688924 13940 4545.5 0.00458379 0.0125561 -0.000294577
0.00587612 13950 4546.5 0.023963 0.00286639 0.051679
0.00819738 13960 4547.5 0.00300534 -0.0252775 -0.00453387
0.00462789 13970 4548.5 0.00920107 -0.0107826 0.0161008
0.00671735 13980 4549.5 0.00684592 -0.0161162 0.00739064
0.00255533 13990 4550.5 0.017071 -0.00901168 0.015861
0.000937696 14000 4551.5 0.00691492 0.0117342 0.0205436
0.00367885 14010 4552.5 0.00597171 0.0136099 -0.00692218
0.00085267 14020 4553.5 0.00591945 -0.0296683 0.000311703
0.00078141 14030 4554.5 0.00420034 0.0154605 0.00870296
0.00636054 14040 4555.5 0.00335187 0.00845634 -0.000880454
0.00500586 14050 4556.5 0.00281164 0.0261713 -0.000604004
0.00286971 14060 4557.5 0.00599231 -0.0182074 0.00157175
0.00114774 14070 4558.5 0.00595513 0.02042 0.0189658
0.00332354 14080 4559.5 0.00391132 0.0308606 0.0147616
0.00166759 14090 4560.5 0.00221916 0.0367523 0.00621491
0.00113631 14100 4561.5 0.00497265 0.021464 0.00811788
0.00254147 14110 4562.5 0.00964105 -0.0148097 0.0144011
0.00717726 14120 4563.5 0.0041184 -0.0223009 -0.0059557
0.00252471 14130 4564.5 0.00465278 0.00159696 0.00770736
0.00559019 14140 4565.5 0.00523383 0.0167363 0.0161211
0.00143679 14150 4566.5 0.00594838 0.00764592 0.00444786
0.0026707 14160 4567.5 0.00523562 0.0183151 -0.00236412
0.00847285 14170 4568.5 0.00945772 -0.0368236 -0.00232474
0.0016694 14180 4569.5 0.0124103 0.00303784 0.0124817
0.00106568 14190 4570.5 0.00354387 0.0177025 -0.00191573
0.00133014 14200 4571.5 0.00583912 0.00880103 -0.00581967
0.00088615 14210 4572.5 0.00591499 0.0103387 0.01535
0.000891486 14220 4573.5 0.00334611 0.00609684 0.00993813
0.00298234 14230 4574.5 0.00817712 0.0245721 -0.0207258
0.000915764 14240 4575.5 0.0052503 0.015374 0.0148342
0.00801518 14250 4576.5 0.00365668 0.0273118 -0.00476736
0.00382974 14260 4577.5 0.00221065 0.00319076 -0.00177769
0.00210458 14270 4578.5 0.00274896 -0.00625043 0.0076982
0.00550656 14280 4579.5 0.00934372 -0.0108871 0.0111357
0.00284857 14290 4580.5 0.00236694 0.015377 0.00686638
0.00213497 14300 4581.5 0.00528265 0.0196684 0.00813234
0.00625711 14310 4582.5 0.00717165 0.00998014 0.0133554
0.00531012 14320 4583.5 0.00271034 -0.0140773 -0.0125824
0.00281578 14330 4584.5 0.0055863 0.0172294 -0.00609313
0.000922722 14340 4585.5 0.0067756 0.0104125 0.00428525
0.0012705 14350 4586.5 0.00526049 0.0218038 0.00806336
0.00169119 14360 4587.5 0.00950883 0.0174638 0.0194112
0.00304816 14370 4588.5 0.00310022 0.0432018 -0.000950119
0.00209502 14380 4589.5 0.00653694 0.0026981 0.00301922
0.00327525 14390 4590.5 -0.000275622 0.0286903 -0.00589824
0.000592626 14400 4591.5 0.00486175 0.0227985 0.0219206
0.00234291 14410 4592.5 0.00251546 0.0294593 0.00770542
0.00490358 14420 4593.5 0.00715967 0.0532885 0.0110613
0.00865973 14430 4594.5 0.00274376 0.0110206 -0.00419016
0.00396255 14440 4595.5 0.00621617 -0.0370737 0.00108058
0.00303571 14450 4596.5 0.00101914 0.0228222 -0.0027835
0.00191672 14460 4597.5 0.00807148 -0.0308231 0.02454
0.00390525 14470 4598.5 0.00588487 0.0635593 0.00916662
0.00500087 14480 4599.5 0.00926991 0.0778067 -0.00318417
0.00730978 14490 4600.5 0.00322244 -0.00895897 -0.0140516
0.00517928 14500 4601.5 0.0036721 0.0547756 0.00617016
0.00319954 14510 4602.5 0.00902985 -0.0123258 0.0132588
0.00496769 14520 4603.5 0.00646867 0.0187402 0.00722268
0.00483398 14530 4604.5 0.00758441 -0.0237577 0.0122741
0.00128301 14540 4605.5 0.00594619 0.0036114 0.0112246
0.00831317 14550 4606.5 0.00466794 0.019047 0.00982476
0.0112063 14560 4607.5 0.00642855 0.0166678 0.000506456
0.00770437 14570 4608.5 0.00621116 -0.00893718 -0.00819523
0.00243846 14580 4609.5 0.000790947 0.0158685 0.00637101
0.00214178 14590 4610.5 0.00526945 0.0422053 0.00191209
0.0131208 14600 4611.5 -0.000979255 0.0404905 -0.0157004
0.00338951 14610 4612.5 0.00233511 0.0524606 0.0285258
0.00363849 14620 4613.5 0.00456328 0.0164356 -0.000630776
0.00212315 14630 4614.5 0.00417222 0.0217889 0.00672898
0.00867051 14640 4615.5 0.00558719 -0.022516 -0.0113943
0.00990207 14650 4616.5 0.00341013 -0.00972773 -0.00351117
0.00176967 14660 4617.5 0.0119536 0.00921457 0.0211252
0.00135858 14670 4618.5 0.00634698 0.00459378 0.000125058
0.003093 14680 4619.5 0.00657202 0.0351094 0.00679561
0.00812286 14690 4620.5 0.00714673 3.94148e-05 0.00369556
0.00322149 14700 4621.5 0.00595237 0.019758 0.0104073
0.00412523 14710 4622.5 0.00585504 -0.0235764 0.0140973
0.00124737 14720 4623.5 0.00766715 0.00356871 0.016174
0.0024826 14730 4624.5 -0.00143353 0.0279974 -0.000366271
0.00516512 14740 4625.5 0.00846197 -0.00407834 0.00952231
0.0033944 14750 4626.5 0.00595379 0.0436145 0.0235795
0.00326532 14760 4627.5 0.00641108 0.00777259 0.00683238
0.00165928 14770 4628.5 0.0102159 -0.00619506 0.0160184
0.00332416 14780 4629.5 0.00486237 0.0301998 -0.00602207
0.00440828 14790 4630.5 0.00527751 -0.0115215 0.00279663
0.00523513 14800 4631.5 0.00557387 0.00398717 -0.0051607
0.00225342 14810 4632.5 0.00166471 0.0296849 -0.0057087
0.00226604 14820 4633.5 0.00683403 -0.00582783 0.00716667
0.000819718 14830 4634.5 0.00417226 0.0138209 -0.00774252
0.00602435 14840 4635.5 0.00024359 0.0372654 -0.0406868
0.00115967 14850 4636.5 0.00449919 0.010764 -0.00196413
0.0057904 14860 4637.5 0.00646319 0.0332998 0.00359687
0.00120414 14870 4638.5 0.00585278 6.05324e-05 0.0114256
0.00386641 14880 4639.5 0.00547332 0.0242667 -0.00131632
0.00640936 14890 4640.5 0.00903192 -0.0184048 -0.0056074
0.00310403 14900 4641.5 0.00500652 0.0109041 -0.00748179
0.0038457 14910 4642.5 0.00510485 0.026513 -0.00497742
0.00317967 14920 4643.5 0.00573531 -0.0331806 0.0186994
0.00627958 14930 4644.5 0.0056294 -0.00537831 0.00594244
0.0020756 14940 4645.5 0.00609515 0.0114829 0.000145436
0.00328113 14950 4646.5 0.010887 -0.0341909 0.0107771
0.00992037 14960 4647.5 0.00737297 0.0290157 0.0182731
0.0118215 14970 4648.5 0.00865286 0.00776977 0.00760485
0.00309658 14980 4649.5 0.00335646 0.0168874 0.012764
0.00229491 14990 4650.5 0.00364633 0.0316798 -0.00349412
0.00350105 15000 4651.5 0.0061222 0.026963 0.00662126
0.0101693 15010 4652.5 0.00486165 -0.00925916 0.00234465
0.0053688 15020 4653.5 0.00407183 -0.00470211 -0.0112606
0.00358244 15030 4654.5 0.00696673 -0.0106633 0.0118482
0.000977015 15040 4655.5 0.00341072 0.0128493 -0.00497868
0.00952969 15050 4656.5 0.00755369 -0.0156132 -0.00106255
0.00466537 15060 4657.5 0.00550355 0.0289436 -0.000393777
0.0095216 15070 4658.5 0.00222689 -0.041194 0.0116126
0.00995699 15080 4659.5 0.0108182 -0.0210269 -0.0118085
0.00191544 15090 4660.5 0.00250336 0.0300587 0.0224964
0.00697665 15100 4661.5 0.00468145 0.0228689 -0.00960102
0.00523546 15110 4662.5 0.00643027 -0.00988247 0.0129273
0.00491181 15120 4663.5 0.00697133 -0.0331675 -0.00207131
0.00642718 15130 4664.5 0.00389452 0.0221774 0.00113137
0.00407591 15140 4665.5 0.00279873 0.0226453 0.000216987
0.0010944 15150 4666.5 0.00592329 0.0161344 -0.00688865
0.00468818 15160 4667.5 0.00585052 0.0210279 -0.00114817
0.00100082 15170 4668.5 0.00419393 0.0180568 0.00459282
0.00635818 15180 4669.5 0.00454076 0.0207125 -0.00269871
0.000811774 15190 4670.5 0.00996019 -0.0147899 0.0210062
0.00223501 15200 4671.5 0.0138114 -0.00679326 -0.000519306
0.000910662 15210 4672.5 -0.000918467 0.031472 -0.0132362
0.00112071 15220 4673.5 0.000875429 0.0144693 0.00951294
0.00450436 15230 4674.5 0.00616448 0.0195733 0.00619466
0.00649716 15240 4675.5 0.00811939 0.012948 0.00258418
0.00670912 15250 4676.5 0.00457107 -0.017786 -0.00607665
0.00780009 15260 4677.5 0.00507665 -0.00613342 -0.000984065
0.00310277 15270 4678.5 0.00279942 0.0270547 0.0114738
0.00202505 15280 4679.5 0.0147453 -0.0232459 0.0155541
0.00681394 15290 4680.5 0.0176311 -0.0442802 -0.00665829
0.00608624 15300 4681.5 0.00918164 0.0186876 0.0184658
0.00254599 15310 4682.5 0.00293811 0.0165881 0.00157144
0.00308247 15320 4683.5 0.00611138 0.0121648 0.0185373
0.000737952 15330 4684.5 0.00195283 0.0195321 0.00476413
0.00465834 15340 4685.5 0.00415701 0.017046 0.000720056
0.00160813 15350 4686.5 0.00471156 0.00621774 0.0054447
0.00379321 15360 4687.5 0.00630996 0.0144534 0.00454395
0.00492289 15370 4688.5 0.00340568 0.00218253 -0.00467482
0.00197729 15380 4689.5 0.000592841 -0.025396 -0.0112542
0.00372361 15390 4690.5 0.00354365 0.0197641 -0.00258568
0.00311805 15400 4691.5 0.00808438 -0.00724774 0.017403
0.00245415 15410 4692.5 0.00394346 0.00722083 2.36693e-05
0.00160954 15420 4693.5 0.00501238 0.0157561 -0.00438879
0.00386435 15430 4694.5 0.00399136 0.021293 0.00486093
0.00330865 15440 4695.5 0.00419652 0.0326086 0.00512046
0.000946803 15450 4696.5 0.00477265 0.0229387 0.00129432
0.00201313 15460 4697.5 0.00425157 0.0234058 -0.00844496
0.0017198 15470 4698.5 0.00774289 -0.0137447 0.0177007
0.00235474 15480 4699.5 0.00391571 0.0304871 0.0041333
0.00311876 15490 4700.5 0.000837386 0.0248301 0.0114423
0.0054144 15500 4701.5 0.00530764 -0.0321531 0.0233809
0.00404661 15510 4702.5 0.00610502 0.00945417 0.00571564
0.00415524 15520 4703.5 0.0053248 0.0212385 0.0044698
0.00167275 15530 4704.5 0.00548873 0.0157502 0.000678209
0.00360885 15540 4705.5 0.00545091 0.0169682 0.00686037
0.00403188 15550 4706.5 0.00565902 0.0205373 0.00513603
0.000496149 15560 4707.5 -0.00123062 -0.00484419 0.00994325
0.00144118 15570 4708.5 0.003983 -0.00243802 0.0139754
0.0067032 15580 4709.5 0.00125063 -0.018117 -0.00163628
0.00594208 15590 4710.5 0.00538978 -0.0158953 0.00265801
0.00751195 15600 4711.5 0.00268919 0.0301508 -0.010944
0.00989093 15610 4712.5 0.00965588 -0.00857019 -0.0159469
0.00146748 15620 4713.5 0.00663286 0.0120037 0.00873744
0.00125394 15630 4714.5 0.00766784 0.0191781 0.00528232
0.00325809 15640 4715.5 0.00372167 0.0116968 0.0183519
0.0101767 15650 4716.5 0.00616763 0.00812447 0.000565651
0.00383402 15660 4717.5 0.00916172 -0.00216741 0.00695746
0.00562466 15670 4718.5 0.0110578 0.0113609 -0.0109175
0.00865511 15680 4719.5 0.00126026 0.0236195 0.00283514
0.0031014 15690 4720.5 0.00332828 0.0118357 0.00197942
0.00196271 15700 4721.5 0.00591883 -0.000362178 0.00756172
0.00116257 15710 4722.5 0.00616678 0.0485379 -0.00132126
0.000995567 15720 4723.5 0.00553277 0.0248414 0.00741889
0.00112769 15730 4724.5 5.30767e-05 0.0146234 -0.015813
0.0073489 15740 4725.5 0.0105506 -0.0163966 0.0032158
0.00168914 15750 4726.5 0.00555913 0.0191546 0.00460211
0.0057031 15760 4727.5 0.00680743 0.00934919 0.0401452
0.00513 15770 4728.5 0.00228293 -0.0447305 -0.00179526
0.00257897 15780 4729.5 0.0153255 0.0164942 -0.0266727
0.00490058 15790 4730.5 0.00950254 0.042565 0.0182918
0.0047139 15800 4731.5 0.00170316 0.0565119 0.0129954
0.00167166 15810 4732.5 0.00158994 -0.0264905 0.026636
0.000902966 15820 4733.5 0.00365592 0.0164882 -0.00870208
0.00491688 15830 4734.5 0.00480883 0.0246361 -0.00553837
0.00194385 15840 4735.5 0.00348282 0.0423403 -5.96925e-05
0.00409029 15850 4736.5 0.00624557 -0.0408649 0.0156958
0.000716039 15860 4737.5 0.00810289 0.0288654 0.0128475
0.00411846 15870 4738.5 0.005084 0.0223437 0.00126636
0.00645176 15880 4739.5 0.0048222 -0.0128436 0.00316471
0.0196726 15890 4740.5 0.0123697 -0.0205833 0.0125028
0.00253043 15900 4741.5 0.00885351 -0.0126789 0.0139694
0.00298746 15910 4742.5 0.00589723 0.0205764 0.00920725
0.00477168 15920 4743.5 0.00606237 0.0120537 -0.00663394
0.00496944 15930 4744.5 0.0146579 -0.0445251 0.0110735
0.00428378 15940 4745.5 0.00559029 0.00901855 0.00143314
0.00144047 15950 4746.5 0.0142019 0.00172641 -0.00581743
0.00218741 15960 4747.5 0.00265563 0.0316219 -0.0112145
0.0018502 15970 4748.5 0.00295435 0.0237714 -0.0143696
0.00548237 15980 4749.5 0.0047553 0.0186774 -0.00465712
0.00647962 15990 4750.5 0.00207495 -0.0291275 -0.0166423
0.00401585 16000 4751.5 0.00938445 -0.0232815 0.00176169
0.00662185 16010 4752.5 0.00521869 0.0251959 0.00162243
0.00346936 16020 4753.5 0.0227107 0.0166307 -0.0432915
0.00289396 16030 4754.5 0.00581565 0.0102532 0.00315359
0.00693939 16040 4755.5 0.00928986 -0.0365102 0.00964069
0.00233654 16050 4756.5 0.00585313 0.0147537 0.00241979
0.0072311 16060 4757.5 0.00336618 0.0273586 0.000834251
0.00164661 16070 4758.5 0.00570056 0.0129348 0.00175884
0.00861466 16080 4759.5 0.00406323 0.0207333 0.00190516
0.00732601 16090 4760.5 0.0115726 0.0287758 0.0304937
0.0013054 16100 4761.5 0.00676309 -0.0119641 0.0221858
0.00333452 16110 4762.5 0.00591008 0.0195926 0.0113096
0.00386498 16120 4763.5 0.00561013 0.026217 0.00368475
0.00354292 16130 4764.5 0.00597257 0.00967402 0.0126275
0.00357708 16140 4765.5 0.00595658 0.0182524 -0.000859414
0.00948858 16150 4766.5 0.00613128 0.0168876 -0.00429641
0.00893728 16160 4767.5 0.0042741 0.0285029 -0.00365482
0.000904186 16170 4768.5 0.00650796 0.0161693 0.00217756
0.00544713 16180 4769.5 0.00422273 0.0209256 -0.001754
0.00553904 16190 4770.5 0.00286378 -0.0387231 -0.0129688
0.00117765 16200 4771.5 0.0117008 -0.0204064 0.0204893
0.00765876 16210 4772.5 0.00505387 0.0157288 0.000431938
0.00519425 16220 4773.5 0.00893813 -0.0116062 0.00580446
0.00134117 16230 4774.5 0.004918 0.028288 0.000658695
0.00994182 16240 4775.5 0.00845915 0.0289969 0.0143292
0.00608689 16250 4776.5 0.00533324 0.0308636 0.00605179
0.00294621 16260 4777.5 0.00601067 0.0131424 0.00454991
0.00305069 16270 4778.5 0.00720868 0.0235936 0.00697483
0.00379417 16280 4779.5 0.0058145 0.0236421 0.00450084
0.00646957 16290 4780.5 0.0147198 -0.00852773 0.0335473
0.00492974 16300 4781.5 0.0105872 -0.0102423 0.00813588
0.00195453 16310 4782.5 0.00688214 0.0049722 0.00149828
0.00405114 16320 4783.5 0.00679777 -0.000962088 0.0128586
0.00451563 16330 4784.5 0.00539341 0.021525 0.00021314
0.00710522 16340 4785.5 0.00684999 -0.000722225 0.0250871
0.00204626 16350 4786.5 0.00841579 0.0095912 0.00427403
0.0054374 16360 4787.5 0.0121138 -0.0114668 -0.016592
0.00311002 16370 4788.5 0.00405688 0.0268918 0.00350372
0.000803916 16380 4789.5 0.00504977 0.0153382 0.00332094
0.00493168 16390 4790.5 0.00717888 -0.0127619 0.00593998
0.00417556 16400 4791.5 0.00282374 0.0500168 0.0269283
0.00145531 16410 4792.5 0.0025497 0.0367054 0.00186155
0.00204644 16420 4793.5 0.00215989 0.0252222 -0.0016653
0.00414776 16430 4794.5 0.0077372 0.00512626 0.00326128
0.0044024 16440 4795.5 0.00798374 0.00623229 0.00648578
0.00265751 16450 4796.5 0.00388481 0.0154934 -0.00380844
0.00170663 16460 4797.5 0.00555232 -0.00139142 0.00657513
0.00696304 16470 4798.5 0.00614673 -0.00648608 0.0067963
0.00370745 16480 4799.5 0.0076042 -0.0159241 -0.00824018
0.00421751 16490 4800.5 0.00398694 0.0181405 0.00889099
0.00463792 16500 4801.5 0.00777613 0.0228658 -0.0128916
0.000905551 16510 4802.5 0.0075085 0.0196612 0.0129428
0.00159124 16520 4803.5 0.00887059 0.0222048 0.00263527
0.00325415 16530 4804.5 0.00289746 0.0244737 0.0053119
0.000833433 16540 4805.5 0.00409895 0.0134278 -0.00334159
0.00464128 16550 4806.5 0.00780158 -0.0233124 -0.00493246
0.0021312 16560 4807.5 0.00582838 0.0242697 0.00426877
0.0051711 16570 4808.5 0.00434531 0.0257659 0.00248582
0.00520524 16580 4809.5 0.00840053 -0.00956155 -0.00955396
0.00435054 16590 4810.5 0.005749 0.0352017 -0.00458185
0.00191223 16600 4811.5 0.00945894 -0.00738099 0.0111609
0.0039146 16610 4812.5 0.00667752 0.0463586 0.0151503
0.00462867 16620 4813.5 0.00502937 0.031304 0.00857306
0.00169594 16630 4814.5 0.00558761 0.0167315 0.00404645
0.00152961 16640 4815.5 0.00759298 -0.0206388 0.00616638
0.00855773 16650 4816.5 0.0137166 -0.00650758 0.0464029
0.00494952 16660 4817.5 0.00432572 0.0085137 -0.005861
0.00966127 16670 4818.5 0.0130437 -0.025856 0.0105709
0.00629678 16680 4819.5 0.00367487 0.0239543 0.00263564
0.00367416 16690 4820.5 0.00724566 -0.00929036 0.0141234
0.000871127 16700 4821.5 0.0034085 0.0203338 0.0105772
0.00279928 16710 4822.5 0.0061841 0.0202145 -0.00139924
0.00467932 16720 4823.5 0.0044318 0.0394118 0.0108076
0.00109912 16730 4824.5 0.00465894 0.0196424 0.00925601
0.0011636 16740 4825.5 0.00469912 0.0320888 0.0121548
0.00112651 16750 4826.5 0.00896799 0.00948072 0.00874545
0.00456168 16760 4827.5 0.00585916 0.0316828 0.00417884
0.00857424 16770 4828.5 0.00595083 0.0145444 0.00256615
0.00214227 16780 4829.5 0.00469419 -0.00652398 0.00186993
0.00167829 16790 4830.5 0.00499342 0.0274107 -0.00557677
0.00433043 16800 4831.5 0.00798904 0.00933025 0.0239431
0.00233331 16810 4832.5 -0.00702305 0.069535 -0.0239642
0.00396768 16820 4833.5 0.0106236 -0.0164421 0.0136034
0.00194746 16830 4834.5 0.0029156 0.0398428 0.0326035
0.00173853 16840 4835.5 0.00700445 0.0237024 0.00281307
0.00195687 16850 4836.5 0.00665501 0.0163725 0.000403522
0.0106608 16860 4837.5 0.0121771 0.0189433 0.00946289
0.00507486 16870 4838.5 0.00624632 0.0222105 0.00818624
0.00194122 16880 4839.5 0.00331787 0.00650562 0.00309981
0.00249212 16890 4840.5 0.00317989 0.032127 0.00976302
0.00276376 16900 4841.5 0.00403775 -0.0101358 0.0106085
0.00305948 16910 4842.5 0.0088572 -0.0143329 0.0111236
0.00448 16920 4843.5 0.00300679 0.00630987 -0.00186607
0.00296965 16930 4844.5 0.00539295 0.0205993 -0.00249369
0.000876498 16940 4845.5 0.00540135 0.0069167 -0.00441173
0.00195143 16950 4846.5 0.00246525 0.0199817 0.00855159
0.00298878 16960 4847.5 -0.00285731 0.0234591 -0.00923003
0.0021078 16970 4848.5 0.00775812 0.0117986 0.00605686
0.00105899 16980 4849.5 0.00453205 0.0221702 -0.0139574
0.00101732 16990 4850.5 0.00541048 0.00911682 0.0121404
0.00287585 17000 4851.5 0.00214362 0.0455911 0.00999136
0.00265267 17010 4852.5 0.00528436 0.0317966 0.0129489
0.00751639 17020 4853.5 0.0120916 -0.00785054 0.0336056
0.000753639 17030 4854.5 0.00171619 0.0165828 0.00797056
0.00209602 17040 4855.5 0.00933798 0.00910865 0.0055264
0.0144326 17050 4856.5 0.0133636 -0.0341214 -0.00737979
0.00581267 17060 4857.5 0.00747041 -0.00620776 0.0152926
0.00540493 17070 4858.5 0.00472584 0.0231205 0.00781644
0.00778105 17080 4859.5 0.0116862 0.0631903 0.00173673
0.00178783 17090 4860.5 0.00544155 0.00876628 0.00814563
0.00891697 17100 4861.5 0.00470881 0.00829593 -0.00187656
0.00136915 17110 4862.5 0.00418383 0.0267579 0.000858637
0.00104357 17120 4863.5 0.0103154 0.0262819 -0.0165337
0.00168764 17130 4864.5 0.0092914 -0.00612766 0.0103444
0.00153779 17140 4865.5 0.00207339 0.0246254 0.00892875
0.0010764 17150 4866.5 0.00539377 0.0193645 0.0106957
0.00566338 17160 4867.5 0.00357928 0.0199153 0.0059129
0.00236621 17170 4868.5 0.00603164 -0.017909 0.0115928
0.00292531 17180 4869.5 0.00476456 0.011494 0.00136782
0.00137669 17190 4870.5 0.0051635 0.0143703 -0.00252924
0.00515415 17200 4871.5 0.00858636 -0.00880719 0.00571119
0.00595913 17210 4872.5 0.00448362 0.00949926 0.0108115
0.00101006 17220 4873.5 0.00650688 0.0121314 0.00670937
0.00976255 17230 4874.5 0.00457676 0.0172728 -0.000244434
0.00093186 17240 4875.5 0.00676087 0.0274284 0.00651363
0.000767961 17250 4876.5 0.00675077 0.0175299 0.00854322
0.00347514 17260 4877.5 0.00451115 0.0251899 0.00254721
0.0108798 17270 4878.5 0.0103286 -0.0187172 0.0170276
0.0039261 17280 4879.5 0.00858547 -0.0133707 0.0113747
0.00150885 17290 4880.5 0.00676044 0.014803 0.010162
0.00409278 17300 4881.5 0.00546434 0.0289476 0.00965282
0.00384824 17310 4882.5 0.00316192 0.0355625 -0.000619094
0.00152732 17320 4883.5 0.0057629 0.0383145 0.00764855
0.0110741 17330 4884.5 0.00656698 0.0194695 0.00966383
0.00678974 17340 4885.5 0.00336365 0.0122002 0.00106755
0.0100139 17350 4886.5 0.007302 -0.0127331 0.0106841
0.00425962 17360 4887.5 0.00276051 0.0260321 -0.0010113
0.000988642 17370 4888.5 0.00409251 0.00500894 -0.00029412
0.0040366 17380 4889.5 0.00426249 0.0244266 -0.00023652
0.0046384 17390 4890.5 0.0115416 -0.00787013 0.0150814
0.00222874 17400 4891.5 0.00838748 -0.0156411 0.0190369
0.00440405 17410 4892.5 0.00734256 0.0555181 0.0103168
0.00376041 17420 4893.5 0.00818608 0.0461621 0.0180562
0.00329143 17430 4894.5 0.0049462 -0.023017 -0.0111724
0.002819 17440 4895.5 0.00696851 0.0129474 0.00169793
0.00462127 17450 4896.5 0.0076938 0.018504 0.0192221
0.00339515 17460 4897.5 0.0120184 0.0494126 0.0272442
0.00764025 17470 4898.5 0.00560042 0.0279749 0.000130746
0.00431517 17480 4899.5 0.0112661 -0.0136846 0.0151019
0.00560024 17490 4900.5 0.00806177 0.00378298 0.00509757
0.00521635 17500 4901.5 0.00446579 -0.00495932 0.00905025
0.00401856 17510 4902.5 0.00685356 0.00433688 0.0109474
0.00158552 17520 4903.5 0.00685481 0.00978554 -0.00904163
0.00182858 17530 4904.5 0.0102558 -0.0237088 0.0129303
0.00491495 17540 4905.5 0.00670602 0.0277016 0.00330397
0.00664364 17550 4906.5 0.00282102 0.00685395 -0.000988346
0.00488892 17560 4907.5 0.00725653 0.0227099 0.00817963
0.00427059 17570 4908.5 0.00783753 0.0173551 0.015893
0.00695774 17580 4909.5 0.0091638 -0.0247892 0.00622519
0.00262623 17590 4910.5 0.00536704 0.0107557 0.00556828
0.00736936 17600 4911.5 0.0154625 0.00113607 0.0623416
0.00664485 17610 4912.5 0.00854916 0.0302274 -0.000425937
0.00244645 17620 4913.5 0.00711306 -0.00506568 0.0065761
0.00126768 17630 4914.5 0.00661898 0.0236415 0.0148377
0.00744536 17640 4915.5 0.00815854 -0.0209501 0.00447417
0.00523991 17650 4916.5 0.0066459 0.0263317 0.0119168
0.00767406 17660 4917.5 0.00508239 0.0221366 -0.00642118
0.00378685 17670 4918.5 0.00413149 0.0104927 -0.00777699
0.00470426 17680 4919.5 0.00731538 0.00601494 0.0156095
0.00143664 17690 4920.5 0.00820549 0.027839 0.00647948
0.00366415 17700 4921.5 0.0112354 -0.00407534 0.0161599
0.00344198 17710 4922.5 0.00717557 -0.0146725 0.0119106
0.00940108 17720 4923.5 0.0025746 0.0479501 0.00228784
0.00202636 17730 4924.5 0.0110806 0.0201268 0.0041004
0.0031495 17740 4925.5 0.00644491 0.0336688 0.00742896
0.000747661 17750 4926.5 0.00884874 0.0371644 0.0166608
0.00150365 17760 4927.5 0.00411057 0.019268 -0.00101134
0.00473488 17770 4928.5 0.00601983 -0.0029359 0.047294
0.0054729 17780 4929.5 0.00792826 0.0244626 -0.00620666
0.00447036 17790 4930.5 0.00758279 -0.00135075 0.0145818
0.00356142 17800 4931.5 0.00367047 0.0253881 -0.0104306
0.00421735 17810 4932.5 0.0056954 0.0157826 0.00674801
0.00581261 17820 4933.5 0.00751432 -0.0161898 0.0220622
0.00710181 17830 4934.5 0.00558492 0.0298584 0.00121171
0.0101806 17840 4935.5 0.0185875 -0.00145073 0.0408854
0.00231216 17850 4936.5 0.00529981 0.0202674 0.00210441
0.00168772 17860 4937.5 0.00258393 0.020611 0.00130097
0.00278744 17870 4938.5 0.00463409 0.0104856 0.00512766
0.00783629 17880 4939.5 0.00517499 0.0196732 0.00392991
0.0101689 17890 4940.5 0.0141729 -0.0165375 -0.0102889
0.00593652 17900 4941.5 0.0104022 -0.0345552 0.0213879
0.00834917 17910 4942.5 0.0125307 0.0141929 0.0780727
0.004104 17920 4943.5 0.00378699 -0.0180656 -0.00133758
0.00931232 17930 4944.5 0.0111576 -0.0181769 -0.00761345
0.00104328 17940 4945.5 0.0148696 0.00505977 0.0167913
0.00568545 17950 4946.5 0.0111377 -0.0103666 0.00429752
0.00127045 17960 4947.5 0.00738447 0.0130381 0.0142204
0.00842391 17970 4948.5 0.00221552 -0.0206678 -0.0137029
0.00259777 17980 4949.5 0.00258543 0.0164465 0.00199761
0.00619256 17990 4950.5 0.00473077 -0.021044 0.00154035
0.00404725 18000 4951.5 0.00584102 0.0228778 -0.00207964
