0.00116074 10 1537.9 0.00699174 0.0207603 0.00367192
0.000523512 20 1538.9 0.00237774 0.0159534 -0.00483423
0.00502359 30 1539.9 0.00390357 -0.019607 -0.00130705
0.00486478 40 1540.9 0.0051936 0.0194348 0.0113193
0.00483191 50 1541.9 0.00406218 -0.00567791 -0.00311573
0.00127124 60 1542.9 0.00482119 -0.0011245 0.00479548
0.000807016 70 1543.9 0.00437033 0.01724 0.00545014
0.000720676 80 1544.9 0.00571954 0.0140578 -0.00436725
0.00381558 90 1545.9 0.00609944 0.0279214 0.011262
0.00136768 100 1546.9 0.00586128 -0.0026682 0.0208292
0.0008955 110 1547.9 0.00624391 -0.00610094 0.00972548
0.00155107 120 1548.9 0.00536636 -0.0127712 0.000776222
0.00114367 130 1549.9 0.00666193 0.00332035 0.0048383
0.00230663 140 1550.9 0.00536803 0.00948318 0.00522101
0.000665516 150 1551.9 0.00306321 0.0140457 0.00468791
0.0103498 160 1552.9 0.00953302 0.0164672 0.00500102
0.00251905 170 1553.9 0.00445376 0.0212936 0.0153679
0.00644557 180 1554.9 0.0130759 -0.0312261 -0.00409008
0.00148944 190 1555.9 0.00684609 -0.0105788 0.0134412
0.00180428 200 1556.9 0.00262555 -0.00619227 0.00739119
0.00171912 210 1557.9 0.00347521 -0.00317599 -0.000248499
0.00407625 220 1558.9 0.0096578 -0.0320029 0.0107828
0.00143189 230 1559.9 0.00645386 -0.00365881 0.018794
0.00738026 240 1560.9 0.00932108 -0.023624 -0.00544361
0.00352312 250 1561.9 0.0118089 0.0540758 0.019123
0.00417278 260 1562.9 0.00822962 0.0241922 -0.00164465
0.000509846 270 1563.9 0.00764196 0.0180261 0.00975193
0.00416917 280 1564.9 0.00724955 0.0327024 -0.00445256
0.00807134 290 1565.9 0.00596735 -0.0110061 0.00110961
0.00589376 300 1566.9 0.00581948 0.00648046 0.00495724
0.00606726 310 1567.9 0.00879658 -0.033672 -0.00907341
0.00443844 320 1568.9 0.00604855 0.0101328 0.00779995
0.00114499 330 1569.9 0.0101951 -0.00112177 -0.00642352
0.00198527 340 1570.9 0.00889464 -0.00377538 0.0127781
0.00441678 350 1571.9 0.00785436 0.0327592 0.00465591
0.00535514 360 1572.9 0.00646199 0.011795 -0.00397697
0.000742468 370 1573.9 0.0101824 -0.0324177 0.0126675
0.000407145 380 1574.9 0.00762394 0.0131757 0.00442377
0.00470826 390 1575.9 0.00478079 0.0279269 -0.0110634
0.00406059 400 1576.9 0.00298776 0.0208759 -0.00736839
0.00199557 410 1577.9 0.0112499 0.00340443 0.0125169
0.00365237 420 1578.9 0.00905009 -0.0430531 0.00791454
0.00191598 430 1579.9 0.00716407 -0.0131008 0.0106121
0.00193316 440 1580.9 0.0120991 -0.0126663 0.0174987
0.00456805 450 1581.9 0.00584634 0.013338 -0.00550906
0.00154921 460 1582.9 0.00182661 0.025125 0.0122789
0.0044275 470 1583.9 0.00803975 0.00562745 0.00164584
0.00167344 480 1584.9 0.0054131 0.025512 0.0166001
0.000670612 490 1585.9 0.0067973 -0.00197612 0.00807974
0.00310366 500 1586.9 0.00437166 -0.0204832 0.00391707
0.00464837 510 1587.9 0.00608417 0.0602019 0.0063583
0.00183159 520 1588.9 0.0028637 -0.00954004 0.021608
0.00541364 530 1589.9 0.010492 0.0284258 0.0200675
0.00429016 540 1590.9 0.00849415 -0.019023 0.0132995
0.00242008 550 1591.9 0.00698887 0.00876388 -0.00566955
0.00183654 560 1592.9 0.00259302 0.0237428 -0.00618757
0.00133272 570 1593.9 0.00429205 0.0113589 0.00945211
0.0047466 580 1594.9 0.00219678 0.0219354 -0.000992201
0.00158945 590 1595.9 0.00520436 0.0120712 0.0123607
0.00825998 600 1596.9 0.0150076 0.0235575 0.00178523
0.000872608 610 1597.9 0.00471874 0.0171366 -0.00289873
0.00067267 620 1598.9 -0.00313806 0.0107367 -0.0046905
0.00226898 630 1599.9 0.0033921 0.0239296 0.000545361
0.0012047 640 1600.9 0.00374336 0.00096543 0.0129326
0.0016489 650 1601.9 0.00716382 0.00161771 -0.00935089
0.00177738 660 1602.9 0.00706288 0.0199919 0.00157722
0.00271666 670 1603.9 0.00512303 0.0286122 -0.00797954
0.00675688 680 1604.9 0.00909129 -0.0288558 0.00156773
0.00563945 690 1605.9 0.00518764 -0.011513 -0.00633149
0.00288709 700 1606.9 0.0064646 0.00533754 0.00241616
0.00226423 710 1607.9 0.00647562 0.0364084 0.00100376
0.000938237 720 1608.9 0.00631586 0.0113255 0.0235791
0.00159745 730 1609.9 0.00443196 0.0383443 0.0231415
0.00382841 740 1610.9 0.00588349 -0.0109783 0.0197325
0.00588913 750 1611.9 0.00627522 -0.0377677 -0.00105974
0.0065699 760 1612.9 0.00626248 -0.0123042 -0.0026765
0.00166691 770 1613.9 0.00368485 0.0197747 0.00273907
0.0040082 780 1614.9 0.0143604 -0.0387783 0.00444552
0.00290201 790 1615.9 0.00327095 0.047952 0.00975861
0.00116432 800 1616.9 0.00386183 0.0257344 0.00835452
0.00496655 810 1617.9 0.00826406 0.068895 0.00274784
0.00134105 820 1618.9 0.00398446 0.0155889 0.00280753
0.00140588 830 1619.9 0.00541026 -0.00114903 0.00337745
0.0026191 840 1620.9 0.00706895 0.00222782 0.0145466
0.00266698 850 1621.9 0.004408 0.0142238 -0.000852445
0.0103009 860 1622.9 0.00680382 0.021618 0.0039207
0.00331567 870 1623.9 0.00534552 0.0103313 0.00183478
0.00518029 880 1624.9 0.0107627 -0.0157899 0.0116265
0.00106596 890 1625.9 0.0102058 0.00491293 -0.0298597
0.00160145 900 1626.9 0.00337817 0.0153502 0.00389884
0.00487765 910 1627.9 0.0330694 0.116632 -0.0570966
0.0115894 920 1628.9 0.00432853 -0.0104934 -0.00650108
0.00148309 930 1629.9 0.00667389 -0.00420092 0.00263434
0.00839 940 1630.9 0.00720081 0.0266809 0.0109218
0.00291234 950 1631.9 0.004813 0.0210801 0.00581923
0.00815091 960 1632.9 0.00488151 0.0213647 -0.00680927
0.00289222 970 1633.9 0.00654732 0.0214782 0.00852194
0.00355852 980 1634.9 0.00417137 0.0392648 0.0136755
0.004115 990 1635.9 0.0176641 -0.0404259 0.00802561
0.00248734 1000 1636.9 0.001722 0.0068463 0.000500603
0.00565585 1010 1637.9 0.00567574 0.0324154 0.0285453
0.0041185 1020 1638.9 0.00861007 0.00291711 0.0150205
0.00649027 1030 1639.9 0.00579398 0.0106825 0.012308
0.00238809 1040 1640.9 0.0066541 -0.0145816 0.0152766
0.00159249 1050 1641.9 0.010587 0.0179737 -0.00713277
0.00244656 1060 1642.9 0.00951909 -0.0066 0.00747245
0.00354002 1070 1643.9 0.00555428 -0.00718026 0.00968441
0.00251172 1080 1644.9 0.00713036 -0.00346876 0.0118762
0.00605863 1090 1645.9 0.00702596 0.0633807 0.00613843
0.00511309 1100 1646.9 0.00261245 0.000384998 0.000605018
0.0052505 1110 1647.9 0.0142306 -0.0483316 0.000337798
0.00371499 1120 1648.9 0.00422292 0.0192208 0.00923479
0.00475681 1130 1649.9 0.00497998 0.0268481 -0.00419135
0.00397522 1140 1650.9 0.00579782 0.00917777 5.50067e-05
0.00611693 1150 1651.9 0.00725746 -0.0219011 -0.0081018
0.0065844 1160 1652.9 0.0108916 -0.0319412 -0.00666066
0.00641348 1170 1653.9 0.00472011 -0.0285413 -0.00538867
0.00126521 1180 1654.9 0.0113069 0.00569951 0.0188786
0.00602887 1190 1655.9 0.00469017 0.0229035 -0.00144293
0.0126511 1200 1656.9 0.00835967 -0.0134616 -0.0113465
0.001937 1210 1657.9 0.00341816 0.0207927 -0.00186111
0.00164218 1220 1658.9 0.00340485 0.00912919 0.00212053
0.00648721 1230 1659.9 0.00552938 -0.0153455 -0.000386905
0.00185344 1240 1660.9 0.00510573 -0.00589466 0.0169844
0.00397362 1250 1661.9 0.00509508 0.0254902 -0.00889747
0.00427615 1260 1662.9 -0.00204049 -0.0288837 0.00269905
0.00717253 1270 1663.9 0.0236292 0.00328224 0.0614571
0.00692909 1280 1664.9 0.00527321 0.0185579 0.00648121
0.0034451 1290 1665.9 0.0116654 0.046269 0.0291733
0.00463974 1300 1666.9 0.00561234 0.0158279 0.00866668
0.00363758 1310 1667.9 0.00587976 -0.00466161 0.0101021
0.00132983 1320 1668.9 0.00150578 0.0213783 0.0226755
0.00222808 1330 1669.9 0.00613236 0.0197099 0.00561722
0.000687494 1340 1670.9 0.0034862 0.00501256 0.0123356
0.00531609 1350 1671.9 0.00218839 0.0209898 -0.00623436
0.00278334 1360 1672.9 0.00957523 0.0120512 0.00608266
0.00666252 1370 1673.9 -0.000704218 -0.0109178 0.00584897
0.00856345 1380 1674.9 0.0130319 -0.00463525 -0.0172132
0.00281973 1390 1675.9 0.00692064 0.011825 0.0130959
0.00472331 1400 1676.9 0.00886855 0.0433688 0.0195043
0.000703485 1410 1677.9 0.00221025 0.0180101 0.00157571
0.00414492 1420 1678.9 0.00559463 0.0652133 0.00749006
0.00325766 1430 1679.9 0.00496268 0.0232371 -0.00075515
0.00318919 1440 1680.9 0.00483966 -0.0221233 0.0201029
0.00171732 1450 1681.9 0.00127691 0.0126398 -0.00251131
0.00195078 1460 1682.9 0.0120502 -0.0151029 0.0132591
0.00203179 1470 1683.9 0.0080735 -0.0173439 0.0173051
0.00211962 1480 1684.9 0.00579678 0.00132891 0.00536548
0.00224607 1490 1685.9 0.00317096 0.0104946 0.00261284
0.00723691 1500 1686.9 0.00591989 0.0320101 -0.00414814
0.00384597 1510 1687.9 0.00568656 0.0217763 0.00863341
0.0014807 1520 1688.9 0.00498437 0.00936832 0.00561119
0.0063901 1530 1689.9 0.0102128 0.0362711 0.0200144
0.00166979 1540 1690.9 0.00432798 0.0122995 0.0112127
0.00389003 1550 1691.9 0.0117495 0.000967147 0.0157786
0.00368776 1560 1692.9 0.00780229 -0.0037026 -0.00178743
0.0016986 1570 1693.9 0.0058817 0.00440825 0.0100475
0.00381485 1580 1694.9 0.00573585 0.0367632 -1.04842e-05
0.00189857 1590 1695.9 0.00332673 0.0230612 -0.00676637
0.00684699 1600 1696.9 0.0040055 0.0645453 -0.000666783
0.00542723 1610 1697.9 0.00126616 -0.0182799 -0.016885
0.00363309 1620 1698.9 0.0192887 -0.0471273 -0.00261553
0.00777211 1630 1699.9 0.00453451 0.0101781 0.00791236
0.00591516 1640 1700.9 0.0102817 -0.00705335 0.0157736
0.00304842 1650 1701.9 0.00359093 0.0188301 0.00119282
0.00201679 1660 1702.9 0.00954649 0.0236067 -0.000676621
0.00658641 1670 1703.9 0.013503 0.0226736 0.0100647
0.00149141 1680 1704.9 0.010607 0.00380966 -0.001664
0.00979308 1690 1705.9 0.00420039 0.0300872 0.0092951
0.00131653 1700 1706.9 0.00683612 0.0264692 0.00215126
0.00669061 1710 1707.9 0.0034946 0.0307007 0.00247836
0.00581969 1720 1708.9 0.00587887 0.0381052 0.00297189
0.00344973 1730 1709.9 0.00404246 0.0573457 0.0192276
0.00472206 1740 1710.9 0.00972938 0.0330174 0.023261
0.00115648 1750 1711.9 0.00805954 0.0134219 0.0132023
0.00275858 1760 1712.9 0.00851944 -0.0115741 0.0210244
0.00754603 1770 1713.9 -0.00668952 -0.0247155 0.00555819
0.00433949 1780 1714.9 0.00630836 0.00867632 0.0122921
0.00682507 1790 1715.9 0.00830069 -0.0192107 0.0065868
0.00265635 1800 1716.9 0.00514151 0.0257494 0.0112257
0.00281909 1810 1717.9 0.00336563 0.0424828 -0.00424186
0.0114243 1820 1718.9 0.0148817 -0.03895 0.0516523
0.00276257 1830 1719.9 0.00916679 -0.00940979 0.00578293
0.00161759 1840 1720.9 0.00973555 -0.00688561 0.021536
0.00225815 1850 1721.9 0.00789293 -0.00809543 0.0130958
0.00119507 1860 1722.9 0.00441545 -0.00162292 -0.00527437
0.00585673 1870 1723.9 0.00347169 0.0164898 -0.00317482
0.00721651 1880 1724.9 0.0111733 -0.0332557 0.04614
0.00753837 1890 1725.9 0.00596779 -0.0151827 -0.000535431
0.00467036 1900 1726.9 0.00681035 0.00531659 0.00215211
0.00366334 1910 1727.9 0.00382974 -0.00499528 0.0126878
0.0014817 1920 1728.9 0.0072231 0.00606952 0.00214226
0.00548004 1930 1729.9 0.00697334 -0.017506 0.00792375
0.00814607 1940 1730.9 0.00343173 -0.00405519 -0.0127747
0.00354816 1950 1731.9 0.00375842 0.0306906 -0.000575311
0.00201115 1960 1732.9 0.00593356 0.00850365 0.00155343
0.0028332 1970 1733.9 0.00516438 0.0569663 0.000927378
0.00383634 1980 1734.9 0.00346534 0.00973023 0.00853602
0.00350676 1990 1735.9 0.0106056 -0.0267834 0.00215578
0.00522144 2000 1736.9 0.00696124 0.0162567 0.0115345
0.00611848 2010 1737.9 0.00523746 0.00800715 0.00145868
0.00909169 2020 1738.9 0.0131333 -0.00573954 0.0340031
0.0056025 2030 1739.9 0.00508207 0.0176289 0.00911213
0.00547389 2040 1740.9 0.00605179 0.0340487 0.00457193
0.00607957 2050 1741.9 0.00657264 0.0348878 -0.00392681
0.000997254 2060 1742.9 0.0061775 -0.00498046 0.0196247
0.0055796 2070 1743.9 0.000708227 0.076579 -0.013994
0.0023885 2080 1744.9 0.0102498 -0.0353752 0.0129265
0.000750785 2090 1745.9 0.00246624 0.00799407 -0.0121087
0.00643914 2100 1746.9 0.00289581 0.0263155 0.00237851
0.00176062 2110 1747.9 0.00871235 0.00042999 0.0143688
0.00438758 2120 1748.9 0.00383987 0.0610673 0.0104487
0.00147695 2130 1749.9 0.00651112 0.0102744 -0.0111907
0.00137594 2140 1750.9 0.0137168 0.00870083 0.0273586
0.00187897 2150 1751.9 0.00756484 -0.0066815 -0.00256231
0.00715191 2160 1752.9 0.00470344 0.0208881 0.00893235
0.00228283 2170 1753.9 0.00427808 0.0358685 0.00563191
0.0058721 2180 1754.9 0.0045148 0.000771913 -0.00499846
0.00854567 2190 1755.9 0.00786105 -0.0233918 -0.00492771
0.00106775 2200 1756.9 0.000188946 0.0056045 0.00648099
0.00313077 2210 1757.9 0.00932789 -0.0158315 0.0147463
0.00566703 2220 1758.9 0.00221103 -0.0161771 -0.00963065
0.00189507 2230 1759.9 0.00398096 -0.00565971 0.0109179
0.00229869 2240 1760.9 0.0153919 -0.00666486 -0.0131388
0.00754517 2250 1761.9 0.00958819 -0.0216989 -0.0119813
0.00206929 2260 1762.9 0.00712659 -0.00165232 0.0130761
0.00106465 2270 1763.9 0.00598409 0.0222758 -0.00968834
0.00122813 2280 1764.9 0.00990572 0.00330994 0.0214951
0.00134252 2290 1765.9 0.0112255 -0.0339034 0.0155869
0.00224905 2300 1766.9 0.00348133 0.0150616 -0.00211373
0.00192627 2310 1767.9 0.0056094 0.0215033 -0.00315954
0.00184919 2320 1768.9 0.00666057 0.00206411 0.00557739
0.00240162 2330 1769.9 0.00387483 0.00562849 0.0130907
0.00302689 2340 1770.9 0.003579 0.0103458 0.00389396
0.000945544 2350 1771.9 0.0054906 0.00903328 0.0129682
0.00636685 2360 1772.9 0.00625064 0.0597015 0.00190306
0.0055989 2370 1773.9 0.00626883 -0.00679076 -0.00287669
0.00373894 2380 1774.9 0.00779308 -0.00348648 0.0152253
0.00130848 2390 1775.9 0.00712217 0.00328119 0.0109254
0.00108183 2400 1776.9 0.00457825 0.00927643 0.0135581
0.00539897 2410 1777.9 -0.00565793 -0.0229308 0.0131506
0.00241884 2420 1778.9 0.0117375 0.0250407 -0.0171259
0.00683482 2430 1779.9 0.00929414 -0.0297461 0.0155433
0.00142192 2440 1780.9 0.00342198 0.0180861 -0.0090554
0.00711537 2450 1781.9 0.010114 -0.0354276 -0.00871223
0.0130051 2460 1782.9 0.00741348 0.109877 -0.0306363
0.00516198 2470 1783.9 0.00313619 0.0177713 0.00432432
0.0089299 2480 1784.9 0.00633206 0.02827 0.00972835
0.00450352 2490 1785.9 -0.00196603 -0.0290397 0.00466546
0.00114566 2500 1786.9 0.00723314 0.0205308 0.00936941
0.010535 2510 1787.9 0.00537752 0.0283822 0.000263078
0.00202389 2520 1788.9 0.00761488 -0.0200229 0.0160796
0.00233701 2530 1789.9 0.00519262 0.0234873 -0.00866292
0.00489717 2540 1790.9 0.00374027 0.0253511 0.00281551
0.00549759 2550 1791.9 0.00702422 0.0271306 0.00579621
0.00341052 2560 1792.9 0.00545123 -0.0436941 -0.0123247
0.00604147 2570 1793.9 0.00576292 0.0326853 0.00593272
0.00434929 2580 1794.9 0.003645 0.0303445 -0.0124892
0.00264568 2590 1795.9 0.00526582 0.0245599 0.00559731
0.00152161 2600 1796.9 0.00834091 0.00159806 0.0221859
0.00187902 2610 1797.9 0.00777925 -0.00942562 0.0201152
0.00428655 2620 1798.9 0.00562421 0.0178483 0.00418439
0.0086156 2630 1799.9 0.00987705 0.0297491 0.00380406
0.00589876 2640 1800.9 0.014251 0.00456068 0.0178544
0.00593577 2650 1801.9 0.00508567 -0.0235876 0.00455118
0.00127698 2660 1802.9 0.00833148 -0.0062346 0.0116099
0.00251551 2670 1803.9 0.0097187 -0.0213551 0.0182176
0.00179089 2680 1804.9 0.00335944 0.0354163 0.00205836
0.00159336 2690 1805.9 0.00836518 0.0254434 0.000369105
0.000784854 2700 1806.9 0.00532434 0.00939742 0.000430452
0.00483452 2710 1807.9 0.00741233 -0.028857 -0.00933695
0.00642115 2720 1808.9 0.00490092 -0.0228152 -0.00619923
0.00161752 2730 1809.9 0.00816242 0.00580916 0.00673281
0.00296855 2740 1810.9 0.00842725 -0.0156135 0.0201289
0.00239705 2750 1811.9 0.0075178 -0.00416442 0.00689661
0.00669135 2760 1812.9 -5.20954e-05 0.0533158 -0.00755124
0.00167467 2770 1813.9 0.00506106 -0.024098 0.015111
0.00517357 2780 1814.9 0.00660504 0.0246078 0.00444477
0.00216809 2790 1815.9 0.0125222 -0.00854659 0.0161615
0.0058596 2800 1816.9 0.00462224 0.000404209 0.00357643
0.00343311 2810 1817.9 0.00488271 0.0389463 0.00903563
0.00456446 2820 1818.9 0.00384946 -0.0204735 0.00494391
0.00165802 2830 1819.9 0.00431609 0.0126949 -0.00127197
0.00219112 2840 1820.9 0.00662463 0.000953631 0.0160268
0.00585444 2850 1821.9 0.00138111 -0.00899133 0.0266334
0.00103445 2860 1822.9 0.00561791 0.00966619 0.0100768
0.00370551 2870 1823.9 0.00632978 0.0234481 0.000333868
0.00426494 2880 1824.9 0.00739068 0.0620161 -0.00334728
0.00918561 2890 1825.9 0.00549378 -0.0244784 -0.0109127
0.00654702 2900 1826.9 0.00491302 0.0216698 -0.00266662
0.00408387 2910 1827.9 0.00983571 -0.0140589 0.0190961
0.0045516 2920 1828.9 0.00779171 0.0208765 -0.0111256
0.00374288 2930 1829.9 0.00692459 0.0266931 0.0222714
0.00542181 2940 1830.9 0.00245513 -0.0263698 0.0211125
0.00534629 2950 1831.9 0.00279716 -0.0238226 -0.0125389
0.00247338 2960 1832.9 0.00687665 0.00797879 0.011327
0.00115792 2970 1833.9 0.00663125 -0.0112257 0.00609433
0.00769844 2980 1834.9 0.00796624 -0.0308813 -0.00324268
0.00156318 2990 1835.9 0.00281862 0.0318355 0.00859875
0.00801629 3000 1836.9 0.00625158 -0.00419489 -0.00966655
0.0164769 3010 1837.9 0.0049848 0.0183049 0.00539014
0.00074906 3020 1838.9 0.00276746 0.0108632 0.00207776
0.00185468 3030 1839.9 0.00391392 -0.0114582 0.0192702
0.00906019 3040 1840.9 0.00537851 -0.00340058 -0.0144621
0.0013155 3050 1841.9 0.0108806 -0.0252297 -0.000410777
0.00302362 3060 1842.9 0.00206284 0.0343595 -0.00875815
0.00233847 3070 1843.9 0.0070438 -0.0359597 0.0123757
0.00837922 3080 1844.9 0.00374721 0.0274907 -0.00568023
0.00477066 3090 1845.9 -0.00108645 0.0750742 -0.00423753
0.00144565 3100 1846.9 0.00275684 0.00905125 0.00142676
0.00597299 3110 1847.9 0.00579766 -0.00547487 0.0137904
0.00427001 3120 1848.9 0.00237454 0.0210696 -0.00591605
0.00573114 3130 1849.9 0.0110329 0.00753005 0.0245264
0.00235557 3140 1850.9 0.00511743 -0.00530873 0.0015976
0.00131267 3150 1851.9 0.0063583 -0.00755565 0.00459812
0.00908757 3160 1852.9 0.0050934 0.0204856 -0.00281888
0.00166054 3170 1853.9 0.00463615 0.0122498 0.00245519
0.00142214 3180 1854.9 0.00456466 -0.0171904 0.0176421
0.000892048 3190 1855.9 0.00258482 -0.00939277 0.0178058
0.010194 3200 1856.9 0.019532 -0.0516432 -0.00608015
0.00787706 3210 1857.9 0.0090235 -0.0269861 -0.00447854
0.00148019 3220 1858.9 0.00388285 0.0187019 0.0177286
0.000900546 3230 1859.9 0.00580324 0.0148972 0.0181047
0.00476288 3240 1860.9 0.00132778 0.0233059 0.000237902
0.000800429 3250 1861.9 0.00189557 0.0292001 -0.0178161
0.00570907 3260 1862.9 0.00829185 -0.0288405 0.0156562
0.00271136 3270 1863.9 0.00472249 0.0145696 0.00378975
0.00269624 3280 1864.9 0.0042492 -0.0215701 0.00914344
0.000802171 3290 1865.9 0.0058307 0.0169844 0.00253529
0.00210913 3300 1866.9 -5.34683e-05 0.0175471 -0.00492665
0.0067339 3310 1867.9 0.00641354 -0.0273017 -0.00124183
0.00402285 3320 1868.9 0.00391605 0.0181386 0.0182003
0.00603955 3330 1869.9 0.00620899 -0.0280704 -0.0104127
0.00446881 3340 1870.9 0.00857913 0.0169403 0.00427693
0.00204658 3350 1871.9 0.00546805 0.00540176 0.00711616
0.00411534 3360 1872.9 0.00826829 0.0398356 0.0265099
0.00236568 3370 1873.9 0.00891951 -0.00809003 0.0130298
0.00805941 3380 1874.9 0.00605037 0.0189799 0.0057938
0.00441988 3390 1875.9 0.00922313 -0.0133677 0.012659
0.00114219 3400 1876.9 0.00135143 -0.00778266 0.00126031
0.00159328 3410 1877.9 0.00469604 0.0261623 -0.00386292
0.00199245 3420 1878.9 0.00491595 0.00679008 0.00591399
0.0026238 3430 1879.9 0.0104915 0.0125733 0.0144742
0.00472171 3440 1880.9 0.00589165 0.0184407 0.00303139
0.00448583 3450 1881.9 0.00524089 0.0354545 -0.00252669
0.00405599 3460 1882.9 0.00576253 -0.0169207 0.0058028
0.00260989 3470 1883.9 0.00300216 0.06318 0.011644
0.00488287 3480 1884.9 0.00731738 -0.0306582 0.00437656
0.00236464 3490 1885.9 0.00808398 0.00174569 0.0202944
0.00264574 3500 1886.9 0.00307722 0.0169238 0.0041585
0.00143858 3510 1887.9 0.00131461 0.0222886 0.00639957
0.00524744 3520 1888.9 0.00825605 0.0227989 0.0114198
0.0036595 3530 1889.9 0.0142842 0.0479005 0.0271688
0.00572914 3540 1890.9 0.00475285 0.0305449 0.00258922
0.00118804 3550 1891.9 0.0127531 -0.00923042 0.0221772
0.00622555 3560 1892.9 0.0107305 -0.0225852 -0.0115729
0.00392515 3570 1893.9 0.00698049 -0.0176642 0.00308592
0.00115913 3580 1894.9 0.00648436 0.00282405 0.00856919
0.00266603 3590 1895.9 0.00522571 0.0212014 0.0016682
0.00358662 3600 1896.9 0.0109631 0.0142064 0.0151144
0.00106854 3610 1897.9 0.00877585 0.000193872 0.0125362
0.00530548 3620 1898.9 0.00424049 0.000683138 0.0111602
0.00264589 3630 1899.9 0.00358581 0.0156814 -0.0152009
0.00428228 3640 1900.9 0.00700435 0.0212256 0.0044493
0.00413285 3650 1901.9 0.00489233 0.0155464 0.00311093
0.00737661 3660 1902.9 0.00346581 -0.0207502 -0.00679869
0.00218437 3670 1903.9 0.00890433 -6.17105e-05 0.0125892
0.00194339 3680 1904.9 0.00873955 -0.0174345 0.0200185
0.00624909 3690 1905.9 0.00591999 0.0262387 0.00791885
0.00444107 3700 1906.9 0.00490667 0.0195138 -0.00537676
0.00475519 3710 1907.9 0.00602853 -0.0502843 -0.00299393
0.00478181 3720 1908.9 0.00352445 0.0363267 -0.00894309
0.00162108 3730 1909.9 0.00435514 0.0181882 0.0046
0.00121609 3740 1910.9 0.00505485 0.0236452 0.00280018
0.00316452 3750 1911.9 0.00486401 0.0223446 0.0100691
0.00229832 3760 1912.9 0.00492794 0.0050851 0.00273364
0.000684145 3770 1913.9 0.00570988 0.0224998 0.0122215
0.00384496 3780 1914.9 0.0097437 -0.024932 0.0181323
0.000951081 3790 1915.9 0.00601482 0.0065958 0.00451129
0.00112086 3800 1916.9 0.00938816 0.0127835 0.0226453
0.00190637 3810 1917.9 0.00318435 -0.0223537 0.021936
0.00369579 3820 1918.9 0.00469261 0.0147764 0.000293813
0.000943509 3830 1919.9 0.00789576 0.000726873 0.0168117
0.00112396 3840 1920.9 0.00497451 0.0181988 0.00293715
0.00737813 3850 1921.9 0.00589461 0.00338199 0.0148494
0.00264572 3860 1922.9 0.00541574 0.0111659 0.00998888
0.00222261 3870 1923.9 0.00494843 -0.00858703 0.00994585
0.00120175 3880 1924.9 0.00823151 -0.00956806 0.00969372
0.000727688 3890 1925.9 0.00226751 0.0153394 0.00287197
0.00278611 3900 1926.9 0.005342 0.0216037 -0.00928271
0.00140208 3910 1927.9 0.00312367 0.0181438 -0.00147353
0.000990865 3920 1928.9 0.00286887 0.0258607 -0.00338531
0.00412036 3930 1929.9 0.00421761 0.0389423 0.00924293
0.00273755 3940 1930.9 0.0108699 -0.0111891 0.0233395
0.00140227 3950 1931.9 0.00931218 -0.0304313 0.0201889
0.00167391 3960 1932.9 0.00652948 0.017579 0.00493257
0.00319033 3970 1933.9 0.00272064 0.00968375 -0.00379987
0.00600286 3980 1934.9 0.00282492 -0.00806975 0.00412899
0.00137163 3990 1935.9 0.0126977 0.0109284 0.0178873
0.00213675 4000 1936.9 0.00331126 -0.00383985 0.0162339
0.00480673 4010 1937.9 0.00762488 -0.0130868 0.0034386
0.00905507 4020 1938.9 0.0120894 -0.0255234 -0.0211119
0.000691988 4030 1939.9 0.00580745 0.033112 0.0193868
0.00519274 4040 1940.9 0.0107693 -0.0405605 -0.00146237
0.000752427 4050 1941.9 0.00395384 0.0179753 -0.00080384
0.000711417 4060 1942.9 0.00434831 0.00712857 0.0058097
0.00521261 4070 1943.9 0.0103473 0.0164628 0.00420788
0.00649871 4080 1944.9 0.00970194 -0.00894143 0.0139066
0.000931418 4090 1945.9 0.00255058 0.0195571 -0.000802023
0.00827416 4100 1946.9 0.00806444 0.0303692 0.010981
0.00170274 4110 1947.9 0.00647616 -0.000263125 0.0107865
0.0055825 4120 1948.9 0.00372032 0.0260982 0.00944953
0.003622 4130 1949.9 0.00341827 0.0350204 0.00570737
0.00108552 4140 1950.9 0.0101291 -0.00366159 0.0212665
0.00116848 4150 1951.9 0.00465758 0.0123408 -0.000904821
0.00313715 4160 1952.9 0.00319315 0.0106292 -0.0137689
0.0072045 4170 1953.9 0.00712911 0.0146786 0.00755256
0.00875436 4180 1954.9 0.00652446 -0.0219863 -0.0060836
0.00136324 4190 1955.9 0.00408696 0.0182106 0.00487616
0.00283851 4200 1956.9 0.00554126 -0.015475 0.0207067
0.00510124 4210 1957.9 0.00340635 0.0187831 -0.00249656
0.00152697 4220 1958.9 0.00456857 0.0123724 0.00187225
0.00209085 4230 1959.9 0.00468568 -0.0206701 0.0207512
0.00311781 4240 1960.9 0.00473586 -0.00543232 0.00409964
0.00567581 4250 1961.9 0.00182227 0.0530289 0.00630595
0.00162575 4260 1962.9 0.00237267 0.00104081 0.0113361
0.00856009 4270 1963.9 0.00490217 0.0547787 0.00554742
0.00602136 4280 1964.9 0.00222891 0.0160862 -0.00721933
0.00630078 4290 1965.9 0.00584735 -0.0162586 -0.00694126
0.00680627 4300 1966.9 0.00352768 0.0265085 0.00211709
0.00212207 4310 1967.9 0.00810636 -0.0117993 0.0163447
0.00248789 4320 1968.9 0.00754207 0.0198468 0.0118996
0.00346782 4330 1969.9 0.00740571 0.0199084 0.00251184
0.00390648 4340 1970.9 0.00663762 0.0237267 0.0166282
0.00150763 4350 1971.9 0.00607048 -0.00549482 0.0195932
0.00310762 4360 1972.9 0.00531761 0.0204943 0.00277584
0.00716584 4370 1973.9 0.003202 0.0435623 0.0113064
0.00778623 4380 1974.9 0.00370805 0.0284119 0.00686767
0.0103755 4390 1975.9 0.00987605 -0.0108212 0.0215971
0.00253324 4400 1976.9 0.00542744 -0.0169395 0.00839809
0.00374269 4410 1977.9 0.00709594 0.0140599 0.000444937
0.00350043 4420 1978.9 0.00445676 0.0168133 0.0063409
0.00321643 4430 1979.9 0.00321351 0.020013 -0.00607171
0.000993933 4440 1980.9 0.0403141 -0.0122415 0.0608636
0.00378043 4450 1981.9 0.00336283 0.024147 0.0185321
0.00407748 4460 1982.9 0.00103997 0.0292812 -0.00398937
0.00284212 4470 1983.9 0.00930068 0.0203403 -2.9157e-06
0.00372891 4480 1984.9 0.00368845 0.0348844 -0.00334786
0.000781356 4490 1985.9 0.00700315 0.021618 0.00960117
0.00298463 4500 1986.9 0.00463783 0.0349968 0.000329677
0.00562512 4510 1987.9 0.00929601 -0.013655 0.0134642
0.00295212 4520 1988.9 0.00395765 0.00777756 0.00329022
0.00626198 4530 1989.9 0.00608521 -0.0211801 -0.00513647
0.0110557 4540 1990.9 0.0100423 -0.0420381 -0.00130795
0.000637578 4550 1991.9 0.00150729 0.0198384 0.0080867
0.00259811 4560 1992.9 0.00656994 0.0294786 0.0108544
0.00102633 4570 1993.9 0.00508055 -0.00917972 0.00407924
0.00156306 4580 1994.9 0.00861378 0.0360938 0.0142046
0.00884224 4590 1995.9 0.00982971 0.0241549 0.00652421
0.00551793 4600 1996.9 0.00723235 0.0368212 0.00565829
0.00548422 4610 1997.9 0.00515551 0.0259292 0.000881519
0.00637951 4620 1998.9 -0.000372817 -0.0264018 0.01064
0.00481474 4630 1999.9 0.00140877 0.0229363 0.0128813
0.00117457 4640 2000.9 0.0101076 0.0302033 0.0093864
0.00119157 4650 2001.9 0.00377769 -0.00249035 0.0114854
0.00178493 4660 2002.9 0.00708121 0.0321256 0.0113178
0.00100531 4670 2003.9 0.000431437 0.0146583 0.00466298
0.00469638 4680 2004.9 0.00223976 -0.000201521 0.00173692
0.00736686 4690 2005.9 0.00737693 0.025647 -0.000217685
0.00160749 4700 2006.9 0.00567183 -0.0176345 0.00640866
0.00237572 4710 2007.9 0.00567653 0.0179863 0.00600853
0.0100019 4720 2008.9 0.00555714 -0.0197055 -0.0119901
0.00180236 4730 2009.9 0.0156182 -0.00803891 0.030218
0.00408217 4740 2010.9 0.00365139 0.0169432 0.0126927
0.00375857 4750 2011.9 0.00569373 0.0119609 0.00187169
0.00198566 4760 2012.9 0.0053909 0.0101214 0.00390624
0.00391707 4770 2013.9 0.00429532 0.0208281 0.00320534
0.00555519 4780 2014.9 0.00692746 0.0047314 -0.00231066
0.00131958 4790 2015.9 0.00957345 0.00756896 0.0111128
0.00171274 4800 2016.9 0.00483898 -0.00635758 0.0142403
0.00181522 4810 2017.9 0.0080003 0.00771584 0.00332031
0.00122455 4820 2018.9 0.00641109 0.026691 0.0052244
0.00606122 4830 2019.9 0.00420672 0.0107951 0.00557485
0.00545883 4840 2020.9 0.00625179 0.00780383 -0.00706552
0.0107642 4850 2021.9 0.0102832 -0.0240262 0.00718624
0.00444248 4860 2022.9 0.00777666 -0.00737441 0.000590905
0.00219492 4870 2023.9 0.00752734 -0.0164817 0.0102013
0.00297195 4880 2024.9 0.00446546 -0.00994225 0.00629697
0.00741398 4890 2025.9 0.00451222 -0.00188191 -0.0113769
0.0049314 4900 2026.9 0.0103798 -0.0408857 5.24479e-05
0.00136758 4910 2027.9 0.00697221 0.0119658 0.00732662
0.00279688 4920 2028.9 0.00472441 0.0263982 0.002002
0.00154036 4930 2029.9 0.00505521 0.00892402 0.00711643
0.00234663 4940 2030.9 0.0102672 -0.0028622 0.00540649
0.00355279 4950 2031.9 0.00480795 -0.000611713 0.00646043
0.00196389 4960 2032.9 0.00961589 0.00146144 0.0127848
0.00373633 4970 2033.9 0.00879131 -0.0109941 0.0177676
0.00709154 4980 2034.9 0.0110832 -0.0262851 0.00217527
0.00572241 4990 2035.9 0.00764054 0.030405 0.00515719
0.00418982 5000 2036.9 0.00612092 -0.00841993 0.0129336
0.0076495 5010 2037.9 0.00534805 -0.0119223 -0.0175595
0.0032508 5020 2038.9 0.00819776 0.0130078 0.00871509
0.0067362 5030 2039.9 0.00338308 0.0165122 -0.00251878
0.00428735 5040 2040.9 0.00621399 0.0349396 -0.00369552
0.00326008 5050 2041.9 0.0066831 0.038456 0.00169031
0.00178504 5060 2042.9 0.00614051 0.0155114 0.00896969
0.00578564 5070 2043.9 0.0106002 0.0305304 0.0239232
0.00333861 5080 2044.9 0.0125889 0.00641529 -0.0019696
0.00434721 5090 2045.9 0.00289996 0.0377248 -0.00676615
0.00421195 5100 2046.9 0.000299988 0.0123585 -0.0143053
0.00194888 5110 2047.9 0.00526515 0.00324654 0.000594162
0.00287276 5120 2048.9 0.0077185 -0.000325155 0.00702034
0.00263436 5130 2049.9 0.00302817 0.0277665 0.00656471
0.00596299 5140 2050.9 0.00456511 0.0213969 -0.000909087
0.00135913 5150 2051.9 0.00309724 0.0219061 -0.00625343
0.00157314 5160 2052.9 0.0081951 0.0158864 0.0186536
0.00315776 5170 2053.9 0.0066467 0.00566758 0.0184973
0.00791057 5180 2054.9 0.0079704 -0.0164815 0.00773236
0.00279204 5190 2055.9 0.00633961 0.0344743 0.0227352
0.00116479 5200 2056.9 0.000643431 0.0150243 -0.00484302
0.00120728 5210 2057.9 0.00663613 0.0162154 0.000855154
0.00536484 5220 2058.9 0.00482807 -0.000857805 -0.00698122
0.010036 5230 2059.9 0.00338159 0.0169279 -0.00490618
0.00166321 5240 2060.9 0.00257895 0.00463395 0.0282543
0.00287815 5250 2061.9 0.0137437 -0.0102605 -0.0148724
0.00145224 5260 2062.9 0.0117173 -0.010875 -0.00779018
0.0013144 5270 2063.9 0.0056114 0.0182016 0.0100855
0.00512353 5280 2064.9 0.00206154 0.0297539 -0.00590956
0.0017844 5290 2065.9 0.00695876 -0.0284367 0.0239424
0.000889263 5300 2066.9 0.0056625 -0.00105926 0.00158774
0.00300819 5310 2067.9 0.00581303 0.00500907 0.0113355
0.00162435 5320 2068.9 0.00547865 0.0469857 0.0116775
0.00780879 5330 2069.9 0.00497507 0.0233311 0.000958098
0.00676356 5340 2070.9 0.0121631 -0.0323594 0.00921259
0.00225212 5350 2071.9 0.00597065 0.0059156 0.0101493
0.00392274 5360 2072.9 0.0054868 0.063482 0.0213372
0.00433687 5370 2073.9 0.00752066 -0.0100178 0.0135486
0.00691835 5380 2074.9 0.00107504 0.0490284 0.00330098
0.00196673 5390 2075.9 0.00761222 -0.0155084 0.0143904
0.00472658 5400 2076.9 0.00750514 0.0175496 0.00588123
0.00498961 5410 2077.9 0.00314534 0.00814993 0.0011232
0.00100436 5420 2078.9 0.00490892 0.0186699 0.00441125
0.00629022 5430 2079.9 0.00333037 0.0103059 -0.00561304
0.0039141 5440 2080.9 0.00446967 0.0253976 -0.000511221
0.00256838 5450 2081.9 0.00649269 -0.0467817 -0.0060051
0.00414549 5460 2082.9 0.00665523 -0.0327528 0.00133095
0.00260373 5470 2083.9 0.0191529 0.0187235 0.0266724
0.00156371 5480 2084.9 0.0036352 0.0163224 -0.00637243
0.00702091 5490 2085.9 0.00821991 0.0178355 -0.00329085
0.00458252 5500 2086.9 0.00552962 -0.000330452 0.0113034
0.0013533 5510 2087.9 0.00455945 0.0123485 -0.00786744
0.00471848 5520 2088.9 0.00924237 -0.0136802 0.0153621
0.00368989 5530 2089.9 0.00568945 0.0202366 0.00466376
0.0010219 5540 2090.9 0.00949335 -0.0036644 0.0240915
0.00455531 5550 2091.9 0.0069946 0.0269768 -0.000470099
0.00200501 5560 2092.9 0.00441088 0.00670292 0.00298053
0.0102295 5570 2093.9 0.0177221 -0.0402964 -0.00871007
0.00253533 5580 2094.9 0.00119275 0.0196495 0.00583264
0.0034739 5590 2095.9 0.00502055 0.0150832 0.00263881
0.0037208 5600 2096.9 0.0052402 0.0568586 0.00399539
0.00938751 5610 2097.9 0.00759191 -0.0230177 -0.00475089
0.0130165 5620 2098.9 0.00519887 0.00775919 0.00657415
0.00525916 5630 2099.9 0.00577826 0.0277772 0.00658661
0.0076191 5640 2100.9 0.00562142 0.01585 0.00134413
0.00984212 5650 2101.9 -0.0171759 0.0455948 -0.0830239
0.00201247 5660 2102.9 0.0105452 -0.0227942 0.0251597
0.00360867 5670 2103.9 0.00837416 -0.0151552 0.0147258
0.00438973 5680 2104.9 0.00483137 0.0180975 0.00309624
0.00984498 5690 2105.9 0.00114909 0.010862 -0.003003
0.00138395 5700 2106.9 0.00453868 0.0141052 0.0036344
0.00158871 5710 2107.9 0.00675099 0.0248958 0.00857284
0.001925 5720 2108.9 0.0120794 0.00444927 0.0227319
0.00756044 5730 2109.9 0.00398666 -0.00785096 -0.00442301
0.00262861 5740 2110.9 0.00131102 -0.0296269 -0.00986896
0.00601565 5750 2111.9 0.0056018 0.0178524 0.00736814
0.00344025 5760 2112.9 0.00192591 0.019971 0.00172107
0.00475418 5770 2113.9 0.00817951 -0.0257891 0.0135665
0.00538851 5780 2114.9 0.00729379 0.0117518 0.015875
0.00893887 5790 2115.9 0.00693908 -0.0343618 0.0569617
0.00269178 5800 2116.9 0.00193272 0.0103552 -0.00600867
0.00866668 5810 2117.9 0.0088718 -0.0172928 -0.000459547
0.00165333 5820 2118.9 0.00668596 0.0213766 0.0128547
0.00705659 5830 2119.9 0.00805949 -0.0249309 0.016088
0.00230134 5840 2120.9 0.00566229 0.000658445 0.00539274
0.000609882 5850 2121.9 0.00549936 0.00672977 0.0225311
0.00122738 5860 2122.9 0.00488336 0.0136032 0.00410934
0.0022751 5870 2123.9 0.00702229 0.0174039 0.0111826
0.0024919 5880 2124.9 0.00773182 0.0146091 0.00808727
0.00619361 5890 2125.9 0.00836175 0.000402065 0.0156273
0.00641567 5900 2126.9 0.00475776 0.0269832 -0.00589238
0.0047385 5910 2127.9 0.0178393 0.0349132 0.0329069
0.00674081 5920 2128.9 0.00510015 0.0360744 0.000580652
0.00702438 5930 2129.9 0.00512104 0.0495756 -0.00667464
0.00335772 5940 2130.9 0.00796221 -0.0229861 0.00092549
0.00223422 5950 2131.9 0.00569984 0.0352765 0.00314441
0.00610278 5960 2132.9 0.0055109 -0.00558717 0.0100369
0.00161724 5970 2133.9 0.00521601 -0.00293399 0.00838171
0.0015524 5980 2134.9 0.00494994 0.0247728 -0.00281036
0.0029981 5990 2135.9 0.00881597 -0.024981 0.0186736
0.0085528 6000 2136.9 0.00718917 -0.0155297 -0.00630544
0.00178563 6010 2137.9 0.00925074 -0.00865495 0.0173492
0.00224216 6020 2138.9 0.00426228 0.0348662 0.0133065
0.00568132 6030 2139.9 0.00836838 -0.0165529 -0.00737697
0.00503437 6040 2140.9 0.00754427 -0.0172239 -0.00172441
0.00385327 6050 2141.9 0.00634369 -0.00177664 0.0123611
0.00894611 6060 2142.9 0.000567414 -0.0175723 -0.00748571
0.0060619 6070 2143.9 0.00279301 -0.00936804 -0.0120908
0.00211543 6080 2144.9 0.0147065 -0.0112895 0.0174332
0.00159984 6090 2145.9 0.00324534 0.0171526 0.00495124
0.00373205 6100 2146.9 0.00736646 -0.0187666 0.0076119
0.0106581 6110 2147.9 0.00826806 -0.0378759 -0.00237736
0.00213492 6120 2148.9 0.0113451 0.00369579 0.0199665
0.00467141 6130 2149.9 0.00357147 -0.0104897 0.00544692
0.00503992 6140 2150.9 0.00282773 0.0257983 0.00177445
0.00119766 6150 2151.9 0.00498768 0.0184459 0.00886722
0.0108685 6160 2152.9 0.00814779 0.072212 0.00508449
0.00399743 6170 2153.9 0.0088256 0.00469592 0.018511
0.0064144 6180 2154.9 0.00395785 -0.000703929 0.0126003
0.0048122 6190 2155.9 0.00578813 0.0194331 -0.000658743
0.00974805 6200 2156.9 0.00430555 0.0016689 -0.0120048
0.00403581 6210 2157.9 0.00658477 0.0389311 0.00236058
0.00317234 6220 2158.9 0.00563003 -0.00755079 0.0100549
0.00266974 6230 2159.9 0.0058389 0.01565 0.00248529
0.00182215 6240 2160.9 0.00428181 0.0114311 -0.0073869
0.00329774 6250 2161.9 0.00395251 -0.00777784 0.0197002
0.00395719 6260 2162.9 0.00309032 -0.0106007 -0.0114398
0.00434399 6270 2163.9 0.00210178 0.0358836 -0.00650965
0.00949607 6280 2164.9 0.00589171 -0.0136587 -0.000896113
0.0111033 6290 2165.9 0.00381348 0.0338099 -0.00375949
0.00103037 6300 2166.9 0.00393715 0.0307575 -0.0010952
0.000429582 6310 2167.9 0.0119933 0.00981378 0.0127404
0.0061476 6320 2168.9 -4.80104e-05 -0.00866813 0.0190471
0.0014617 6330 2169.9 0.0075079 0.0174805 0.0140983
0.00444076 6340 2170.9 0.00853844 -0.0141883 0.0107741
0.00184855 6350 2171.9 0.00752796 -0.0240901 0.0186938
0.00105066 6360 2172.9 0.00691368 0.00858214 0.00710459
0.00226023 6370 2173.9 0.00584364 0.0214541 0.000338913
0.00238742 6380 2174.9 0.00432526 -0.0242422 0.0132387
0.0018259 6390 2175.9 0.0140479 -0.0306822 0.0146472
0.00309353 6400 2176.9 0.00525539 0.0333644 0.00202685
0.0018024 6410 2177.9 0.00644831 -0.0221986 0.00324803
0.000965627 6420 2178.9 0.00158249 0.0158398 -0.00840727
0.00591314 6430 2179.9 0.0087833 0.00910859 0.0109755
0.00693645 6440 2180.9 0.00781068 -0.00760424 0.00535675
0.00228216 6450 2181.9 0.00690905 -0.00242572 0.00860029
0.00113967 6460 2182.9 0.00249493 0.0201513 0.0145171
0.00746916 6470 2183.9 0.010226 0.0169187 0.0300705
0.000937705 6480 2184.9 0.00836614 0.0303065 0.0121575
0.00961417 6490 2185.9 0.0114652 0.00742494 0.0140265
0.0066706 6500 2186.9 0.00387177 0.057171 0.00671904
0.00115414 6510 2187.9 0.00264689 0.0299336 0.000832778
0.00737276 6520 2188.9 0.00749191 0.0212119 0.00353922
0.00513821 6530 2189.9 0.00378669 0.0324275 -0.00718481
0.000787967 6540 2190.9 0.00325039 0.0066776 0.0119531
0.00640561 6550 2191.9 0.0140082 -0.0263217 -0.00639414
0.00715425 6560 2192.9 0.00256899 -0.0324676 -0.0146439
0.00236563 6570 2193.9 0.00767137 0.000924196 0.0197411
0.00307971 6580 2194.9 0.00437152 -0.00709999 0.0177962
0.00168624 6590 2195.9 0.00621145 0.00926966 0.00451572
0.00132104 6600 2196.9 0.00777572 -0.00694776 0.00513513
0.00156268 6610 2197.9 0.0152183 0.00757665 -0.0218869
0.00178261 6620 2198.9 0.00451789 0.0139218 0.00652422
0.00417376 6630 2199.9 0.00414965 0.036488 0.0113029
0.00117302 6640 2200.9 0.0023262 0.0380783 0.0130815
0.00292455 6650 2201.9 0.00158052 0.0301446 0.00203245
0.00145738 6660 2202.9 0.00313458 0.0187423 0.00759549
0.00630145 6670 2203.9 0.00444131 0.01549 -0.0024315
0.00979162 6680 2204.9 0.0082406 0.0284899 0.00868975
0.00323487 6690 2205.9 0.00882681 -0.0101042 0.0152411
0.0034775 6700 2206.9 0.0068041 0.0288952 0.0160139
0.00815496 6710 2207.9 -0.00180189 -0.0187502 0.0164855
0.00513835 6720 2208.9 0.0110068 0.0184545 0.00230374
0.00425869 6730 2209.9 0.00506535 -0.00810793 0.001775
0.00173736 6740 2210.9 0.0067984 0.00203099 0.0227838
0.00114281 6750 2211.9 0.00223895 0.022679 -0.00924057
0.00557404 6760 2212.9 0.0144493 -0.0457066 0.00673002
0.00180082 6770 2213.9 0.00615643 -0.00598464 0.00777177
0.00124688 6780 2214.9 0.00679089 0.0228134 0.00929612
0.00121644 6790 2215.9 0.016654 -0.00394344 -0.0116773
0.000982093 6800 2216.9 0.00495238 0.0191513 0.00316001
0.00276539 6810 2217.9 0.00143392 0.0120134 0.0231693
0.0028024 6820 2218.9 0.00202567 0.00137492 -0.017438
0.00439842 6830 2219.9 0.0205868 0.0448954 0.0442581
0.00211049 6840 2220.9 0.00907264 0.0108644 0.00952379
0.00194735 6850 2221.9 0.00226887 0.0168355 0.00572914
0.00281978 6860 2222.9 0.00669473 -0.00728537 0.0226218
0.00660336 6870 2223.9 0.0045968 0.0599944 0.00169191
0.000839095 6880 2224.9 0.00502933 0.0170797 0.00868541
0.00352456 6890 2225.9 0.00210799 0.0101881 0.00137273
0.00630417 6900 2226.9 0.0020072 -0.0182805 -0.00478326
0.00180563 6910 2227.9 0.00663925 0.00852771 0.00742313
0.00103831 6920 2228.9 0.00438694 0.0147183 0.00185109
0.00661763 6930 2229.9 0.00571586 -0.00866751 0.0133326
0.004511 6940 2230.9 0.010299 -0.0303438 0.000488729
0.0012643 6950 2231.9 0.00701467 -0.0116628 0.00921773
0.00173089 6960 2232.9 0.00612056 0.0147071 0.00782151
0.00352128 6970 2233.9 0.0055134 0.0547645 0.00750852
0.00281279 6980 2234.9 0.00555679 -0.0119148 0.00780557
0.00391135 6990 2235.9 0.00480896 0.0267195 0.0154588
0.00244636 7000 2236.9 0.00552526 0.0146788 0.00166556
0.00881124 7010 2237.9 0.00302461 -0.00304147 -0.0102983
0.00526802 7020 2238.9 0.00434321 0.0573222 0.0206304
0.00621612 7030 2239.9 0.00687145 0.0274704 -0.00329739
0.00177977 7040 2240.9 0.00387537 0.0308175 0.0110108
0.0032192 7050 2241.9 0.00979793 -0.00319327 0.0237867
0.0016661 7060 2242.9 0.00335017 0.0232848 0.00851596
0.00322196 7070 2243.9 0.00591205 -0.00237869 0.0138568
0.00507019 7080 2244.9 0.00738157 0.0228166 0.00931644
0.00214911 7090 2245.9 0.00487064 0.00949624 0.00417847
0.00234675 7100 2246.9 0.00274476 0.0253346 -0.00298478
0.00604278 7110 2247.9 0.00154219 0.060362 0.00840769
0.00398972 7120 2248.9 0.00538491 0.00972858 0.0143456
0.0019861 7130 2249.9 0.00429719 0.0223271 0.00738854
0.00113299 7140 2250.9 0.00669333 0.0341037 0.00919965
0.00407841 7150 2251.9 0.00598412 0.0366514 0.00709205
0.0038396 7160 2252.9 0.0108652 0.0532366 0.0291169
0.00298452 7170 2253.9 0.00848175 -0.013174 0.0111339
0.00850869 7180 2254.9 0.00261975 0.0197528 -0.00212479
0.00603688 7190 2255.9 0.00869067 -0.0311248 0.00746362
0.00319592 7200 2256.9 0.00550074 0.0186692 0.00632808
0.00420223 7210 2257.9 0.00724183 0.000519394 0.00603893
0.00393403 7220 2258.9 0.00610604 0.0203207 0.00219874
0.00616608 7230 2259.9 0.00249398 0.0611719 0.00734753
0.00117803 7240 2260.9 0.0061327 0.0240002 -0.00298736
0.00131527 7250 2261.9 0.00656694 -0.00799179 0.00790284
0.00626756 7260 2262.9 0.00412651 0.0125347 0.00525075
0.00384997 7270 2263.9 0.0023479 0.0340075 -0.0094007
0.00228836 7280 2264.9 0.00465431 -0.0138422 0.0101764
0.00134937 7290 2265.9 0.00545261 0.0130932 -0.00625587
0.00873948 7300 2266.9 0.00955471 -0.0225348 -0.0103911
0.00327115 7310 2267.9 0.00585961 -0.00797833 0.000299755
0.00867281 7320 2268.9 0.00888574 -0.0423701 -0.00979186
0.00182563 7330 2269.9 0.00874974 -0.0145473 0.0162632
0.00204424 7340 2270.9 0.00308413 0.00109504 0.00864224
0.00287092 7350 2271.9 0.00536457 0.026661 -0.00178707
0.00831594 7360 2272.9 0.00334139 -0.00942209 -0.00753661
0.00838318 7370 2273.9 0.00551115 -0.0246612 -0.00396653
0.00288396 7380 2274.9 0.00747678 0.00229737 0.00916169
0.00182469 7390 2275.9 0.00904899 -0.00653367 0.00843724
0.0080722 7400 2276.9 0.00653224 -0.00663864 -0.00349767
0.0066402 7410 2277.9 0.00517617 0.0202344 -0.0112418
0.0105379 7420 2278.9 0.00643373 -0.000488418 0.0157554
0.00320105 7430 2279.9 0.00758659 0.0164471 -0.00143513
0.00360513 7440 2280.9 0.00862756 -0.0315577 0.00102384
0.00556665 7450 2281.9 0.0196191 0.0303443 0.0216252
0.000847385 7460 2282.9 0.00539337 0.00902081 -0.000127202
0.00433034 7470 2283.9 0.00643042 0.0216524 0.00964391
0.00473973 7480 2284.9 0.00451299 0.0266113 -0.0189595
0.00388794 7490 2285.9 0.00526562 0.0103346 0.00605315
0.00136527 7500 2286.9 0.000616169 0.0236909 0.0166016
0.00132672 7510 2287.9 0.0100153 -0.0128381 0.00939476
0.00426186 7520 2288.9 0.00521016 -0.0061198 -0.000362647
0.00288267 7530 2289.9 0.00127909 0.0127841 0.00092893
0.00138745 7540 2290.9 0.00278301 0.0207254 0.00666357
0.00372892 7550 2291.9 0.00364539 0.00777584 0.0043599
0.00194614 7560 2292.9 0.00505303 0.0400741 0.0155766
0.00127657 7570 2293.9 0.00671599 -0.00402558 0.00770219
0.00205671 7580 2294.9 0.00485051 0.0419741 -0.00537459
0.00452562 7590 2295.9 0.00652694 0.0631776 0.00204966
0.00441603 7600 2296.9 0.00284701 0.0410706 -0.00274725
0.000644641 7610 2297.9 0.00569342 0.0167897 -0.000573352
0.00411111 7620 2298.9 0.0045945 -0.0200432 -0.00146991
0.00583826 7630 2299.9 0.00199962 -0.0147154 0.00443393
0.00464611 7640 2300.9 0.00717141 0.0132878 0.00724586
0.00144056 7650 2301.9 0.00504451 0.0123968 0.00584495
0.00229871 7660 2302.9 0.00412728 0.0228172 0.00108409
0.00207822 7670 2303.9 0.00375228 0.00678178 -0.000725759
0.00432321 7680 2304.9 0.00888571 0.031936 0.00316118
0.00346186 7690 2305.9 0.00597596 0.033733 0.000284307
0.00185491 7700 2306.9 0.00691418 0.0110494 0.00926292
0.00104684 7710 2307.9 0.00831163 -0.0115838 0.00754166
0.00178433 7720 2308.9 0.00365825 0.0138366 -0.00250643
0.00587153 7730 2309.9 0.0119376 -0.0213614 -0.0119454
0.00562514 7740 2310.9 0.00631404 0.0110201 0.00687235
0.00503222 7750 2311.9 0.0149812 -0.0469649 0.0111504
0.0143239 7760 2312.9 0.00637132 0.0161808 0.00785058
0.00266764 7770 2313.9 0.00377228 0.0264901 -0.0115061
0.000802779 7780 2314.9 0.00516725 0.0186747 0.00353732
0.00150367 7790 2315.9 0.00381207 0.000898173 -0.00334367
0.00512879 7800 2316.9 0.0048293 -0.0130944 0.0196486
0.000690724 7810 2317.9 0.00360555 0.0136198 0.00806694
0.0044761 7820 2318.9 0.00331598 0.0298625 -0.00366298
0.00214564 7830 2319.9 0.00962314 -0.00985206 0.0149949
0.00364373 7840 2320.9 0.00530745 -0.023314 9.7907e-05
0.00750794 7850 2321.9 0.00510309 0.0202622 0.00330494
0.00204514 7860 2322.9 0.00702973 -0.0122166 0.0146372
0.00233876 7870 2323.9 0.00298463 0.0227211 0.010769
0.00630653 7880 2324.9 0.00351196 0.0210492 0.00523442
0.00956347 7890 2325.9 0.00599486 0.0158764 -0.0070942
0.00334116 7900 2326.9 0.00405566 0.0119459 0.00412089
0.00883457 7910 2327.9 0.00508019 -0.0390849 -0.00372314
0.00459745 7920 2328.9 0.00500934 0.0202935 0.0110224
0.00209279 7930 2329.9 0.00538763 -0.0159008 0.0174821
0.00834371 7940 2330.9 0.00667127 -0.0209616 -0.00583579
0.00559034 7950 2331.9 0.0085671 0.0207733 0.00249246
0.000909913 7960 2332.9 0.007244 0.00400003 0.00585196
0.00484352 7970 2333.9 0.0079837 -0.0282268 -8.36733e-06
0.00240707 7980 2334.9 0.00602959 0.0323205 0.000111165
0.00599116 7990 2335.9 0.00974744 -0.0172144 0.00819883
0.00614021 8000 2336.9 0.00681984 -0.00882331 0.00270605
0.00458622 8010 2337.9 0.00780393 0.0334661 -0.00628311
0.00302654 8020 2338.9 0.00641437 0.0156972 0.00414238
0.00382971 8030 2339.9 0.00960636 0.0495508 0.02116
0.00376476 8040 2340.9 0.00439169 0.0130109 0.00244994
0.00267409 8050 2341.9 0.00771664 -0.0194201 0.0172603
0.00143156 8060 2342.9 0.00386074 -0.0151985 0.00341267
0.00298292 8070 2343.9 0.00446377 0.0141542 0.00600136
0.00634383 8080 2344.9 0.00313013 -0.0188537 -0.00548175
0.00169978 8090 2345.9 0.00600169 -0.0119674 0.00525209
0.00470596 8100 2346.9 0.00939534 0.0382555 0.0158135
0.00117344 8110 2347.9 0.00341584 0.028349 -0.00134499
0.000993562 8120 2348.9 0.00328676 0.0299432 -0.00250167
0.0092973 8130 2349.9 0.00962404 0.028706 0.00864938
0.00441333 8140 2350.9 0.00383576 0.0152038 -0.00285133
0.000955618 8150 2351.9 0.00869655 0.0220639 0.0139223
0.00138582 8160 2352.9 0.0516929 0.0540607 0.0135344
0.00650331 8170 2353.9 0.00538181 -0.01751 -0.00861085
0.00853798 8180 2354.9 0.00379415 -0.010049 0.00510785
0.00366603 8190 2355.9 0.00548234 -0.0204201 0.0115794
0.00224849 8200 2356.9 0.0023058 0.0207713 0.0127158
0.00655737 8210 2357.9 0.00785378 -0.0191354 0.0277058
0.00231398 8220 2358.9 0.00771878 -0.01379 0.0178806
0.00469618 8230 2359.9 0.0105624 0.00873131 0.00865903
0.00122038 8240 2360.9 0.00799004 0.0181741 0.00403156
0.00884354 8250 2361.9 0.00520752 -0.0270788 -0.00830198
0.00379518 8260 2362.9 0.00785183 -0.0128483 0.00895309
0.00215865 8270 2363.9 0.00165595 0.0250823 -0.000675559
0.000928459 8280 2364.9 0.00426481 0.0102231 0.00500645
0.000855015 8290 2365.9 0.00857407 0.0127862 0.00894223
0.00203362 8300 2366.9 0.00426462 0.0126808 0.00685476
0.00358317 8310 2367.9 0.00509733 0.00841841 0.0079696
0.00151657 8320 2368.9 0.00946955 0.00889932 0.0151688
0.00918847 8330 2369.9 0.00494829 -0.0231165 -0.00309093
0.00524278 8340 2370.9 0.00227372 0.0262565 -0.00347918
0.00534326 8350 2371.9 0.0255797 -0.0145552 0.080679
0.0018248 8360 2372.9 0.00646888 0.00298651 0.00113011
0.00157142 8370 2373.9 0.00770504 0.0286018 0.00195432
0.00217483 8380 2374.9 0.00170569 -0.00700428 -0.0014536
0.00320558 8390 2375.9 0.0073115 0.0128433 0.00444069
0.00361741 8400 2376.9 0.00587516 0.00423119 0.00949617
0.00482036 8410 2377.9 0.00560127 -0.0121221 -0.00690537
0.00474198 8420 2378.9 0.00735862 -0.0159755 0.0157821
0.00575504 8430 2379.9 8.79442e-05 -0.0411472 -0.000487607
0.00803139 8440 2380.9 0.00613971 0.0139145 0.0104146
0.00549264 8450 2381.9 -0.0015199 -0.00655618 0.0260077
0.00277871 8460 2382.9 0.00338462 0.0235516 0.00865713
0.00300699 8470 2383.9 0.00213087 0.00397475 0.00184606
0.00539397 8480 2384.9 0.00489863 0.0300021 0.00292111
0.00314445 8490 2385.9 0.0075707 -0.0296377 0.00749524
0.00652463 8500 2386.9 0.00263939 0.0556098 0.0120542
0.00448335 8510 2387.9 0.00668009 0.0218987 0.00141049
0.00230907 8520 2388.9 0.00709687 0.00529768 0.00928222
0.00876332 8530 2389.9 0.0089268 0.0227648 0.00663939
0.00197101 8540 2390.9 0.00545849 0.00683108 -0.00581419
0.00535882 8550 2391.9 0.00964945 0.00071851 0.00808908
0.00481706 8560 2392.9 0.00946438 -0.0277562 0.0178259
0.00899654 8570 2393.9 0.00320623 0.0490767 -0.00262738
0.00525671 8580 2394.9 0.00634696 -0.0297368 0.015448
0.0037742 8590 2395.9 0.00416256 0.011996 0.00643093
0.00195684 8600 2396.9 0.00457384 -0.0048196 0.0156544
0.00272736 8610 2397.9 0.00376203 0.00867087 -0.00358243
0.00155032 8620 2398.9 0.00637405 -0.00187229 0.0185893
0.000641163 8630 2399.9 0.00707468 0.0160287 0.0153454
0.00136002 8640 2400.9 -0.000412461 -0.0222758 0.0278123
0.00402074 8650 2401.9 0.0048803 0.0152507 0.00142513
0.00196685 8660 2402.9 0.00856181 -0.0171115 0.0177741
0.00128883 8670 2403.9 0.00555523 0.0212892 0.0030496
0.00679119 8680 2404.9 0.0109826 0.0434602 0.0338775
0.013753 8690 2405.9 0.00481743 0.0215219 0.00211541
0.00200054 8700 2406.9 0.00554678 0.00447989 -0.00170509
0.00258321 8710 2407.9 0.00366348 0.0222918 -0.0083237
0.00485096 8720 2408.9 0.00516624 -0.0168262 -8.37843e-08
0.00389793 8730 2409.9 0.00104219 0.0657271 0.0113497
0.00492121 8740 2410.9 0.00322096 0.0205149 0.00529853
0.00278011 8750 2411.9 0.00512037 0.0109485 0.00584031
0.00166818 8760 2412.9 0.00856147 0.00816056 0.0109426
0.00592709 8770 2413.9 0.00313144 0.0103204 -0.00104943
0.000794985 8780 2414.9 0.0056569 0.0175634 0.00855081
0.00140828 8790 2415.9 0.00548913 -0.0227977 -0.000464677
0.00656615 8800 2416.9 0.00713627 0.00434951 0.00500167
0.00460903 8810 2417.9 0.00592154 0.0195594 -0.00828024
0.00408218 8820 2418.9 0.005065 0.00311805 0.0154749
0.00124032 8830 2419.9 0.00333299 0.0355655 0.00579724
0.00175239 8840 2420.9 0.0124722 0.0113081 -0.00565064
0.00153214 8850 2421.9 0.00494802 0.00989354 0.00483568
0.00548899 8860 2422.9 0.00334239 -0.0120901 -0.0124617
0.00156423 8870 2423.9 0.00284468 0.0156493 -0.00202055
0.0060243 8880 2424.9 0.008905 0.0271641 -0.0156791
0.00294669 8890 2425.9 0.00724372 0.0222918 -0.00339395
0.00167019 8900 2426.9 0.00628633 -0.0240797 0.00632451
0.00168733 8910 2427.9 0.0055765 0.037539 0.021646
0.00921705 8920 2428.9 0.0128095 -0.0301008 -0.000886876
0.000868764 8930 2429.9 0.00288836 -0.00661462 -0.00239914
0.00450632 8940 2430.9 0.001026 0.0188616 -0.00952559
0.00384513 8950 2431.9 0.00828398 -0.00610893 0.00665453
0.00592035 8960 2432.9 0.00368638 0.027569 0.0132879
0.00132254 8970 2433.9 0.0108366 -0.000622403 0.0155937
0.00125916 8980 2434.9 0.00102742 0.0214943 -0.0146971
0.0033795 8990 2435.9 0.00492922 -0.000922944 0.0062321
0.00143131 9000 2436.9 0.00824578 0.015391 0.0062071
0.00237989 9010 2437.9 0.0060496 0.00225462 0.0115642
0.00410786 9020 2438.9 0.00422845 0.0246779 -0.00760894
0.00758377 9030 2439.9 0.00557451 -0.00951242 0.000846799
0.00394268 9040 2440.9 0.0112478 -0.0127374 0.0123627
0.00344594 9050 2441.9 0.00616828 0.031028 0.00907616
0.00194786 9060 2442.9 0.0226041 -0.00138858 0.0123035
0.00250662 9070 2443.9 0.00600952 -0.00810744 0.0173645
0.00222055 9080 2444.9 0.000107346 -0.0160092 -0.00323046
0.00427044 9090 2445.9 0.00721927 0.016656 0.00476569
0.00117303 9100 2446.9 0.00621686 0.0124401 0.0131871
0.00159993 9110 2447.9 0.00311204 0.0147425 0.0146702
0.00248655 9120 2448.9 0.00304372 0.0313356 0.00360236
0.00234992 9130 2449.9 0.00447092 0.047547 0.00161948
0.00188979 9140 2450.9 0.00526878 0.0318462 5.3978e-05
0.00243689 9150 2451.9 0.00453396 -0.0101752 -0.00210408
0.00261842 9160 2452.9 0.00485581 0.00540711 0.00889253
0.00362103 9170 2453.9 0.0050778 0.018637 -0.00931651
0.00361169 9180 2454.9 0.00394479 0.0413274 0.0017042
0.00137332 9190 2455.9 0.00118821 0.00367725 0.00206519
0.00375963 9200 2456.9 0.00819016 0.021695 -0.00103498
0.00142027 9210 2457.9 0.00675501 0.00361062 0.0231084
0.0015455 9220 2458.9 0.0115219 0.00144351 0.0164162
0.00258826 9230 2459.9 0.0122338 0.0502787 0.0287727
0.00757712 9240 2460.9 0.00490437 -0.0150834 -0.00598253
0.00298163 9250 2461.9 0.00427317 0.0226482 -0.0112928
0.00436556 9260 2462.9 0.00551787 0.0280651 0.0136335
0.00118382 9270 2463.9 0.00429785 0.00615387 -0.00130804
0.00953016 9280 2464.9 0.00607227 -0.0132612 -0.007334
0.00207612 9290 2465.9 0.00769692 0.00488016 0.00696077
0.00182516 9300 2466.9 0.0155807 -0.00224509 0.0168724
0.0185174 9310 2467.9 0.0056833 0.0108233 0.0240754
0.0047164 9320 2468.9 0.0186209 -0.0317476 0.00951027
0.00164853 9330 2469.9 0.00530482 0.0276759 0.00469728
0.00515409 9340 2470.9 0.00385765 -0.0293242 -0.00934561
0.00561162 9350 2471.9 0.00560358 0.0111147 0.00991421
0.00181644 9360 2472.9 0.0184961 -0.00897416 0.00540177
0.0048558 9370 2473.9 0.00679109 0.021563 0.00458746
0.0014477 9380 2474.9 0.00637562 0.00859512 0.00767496
0.00274468 9390 2475.9 0.00782771 0.0171921 0.00484439
0.00412445 9400 2476.9 0.00713614 -0.0250595 0.00877876
0.00295178 9410 2477.9 0.00559788 -0.00986966 0.00811447
0.00453097 9420 2478.9 0.00513337 0.00678682 0.0108202
0.00195725 9430 2479.9 0.00694027 -0.000914237 0.0246845
0.00157904 9440 2480.9 0.0062456 -0.0280369 0.0136577
0.00176807 9450 2481.9 0.007163 0.0296863 0.0226884
0.00112827 9460 2482.9 0.0080307 0.00779036 0.0110041
0.000861737 9470 2483.9 0.00525864 -0.00420616 0.00463962
0.0101938 9480 2484.9 0.00723333 0.0166886 0.00470333
0.00471687 9490 2485.9 0.0118854 -0.0103329 0.0480801
0.0018692 9500 2486.9 0.0100993 -0.020989 0.0127637
0.0123951 9510 2487.9 0.0109955 -0.00274491 -0.0104799
0.00167189 9520 2488.9 0.00359984 -0.0145974 0.0167289
0.00291564 9530 2489.9 0.00449275 0.0218795 0.00892742
0.00219335 9540 2490.9 0.00691359 0.0223281 0.00813111
0.00519915 9550 2491.9 0.00773487 -0.0305497 0.0119701
0.00548192 9560 2492.9 0.0170078 -0.000716306 0.0359908
0.00314011 9570 2493.9 0.00615646 0.0346239 0.0104162
0.00330017 9580 2494.9 0.00925796 -0.0208281 0.00205992
0.00506037 9590 2495.9 0.00916534 0.0119746 0.000195469
0.00101076 9600 2496.9 0.00287275 0.0142503 -0.00938297
0.00727906 9610 2497.9 0.00594684 0.00586465 0.0124503
0.00617061 9620 2498.9 0.0104132 -0.0193294 -0.0117171
0.00388272 9630 2499.9 0.00805502 0.0156732 -0.00169863
0.000937873 9640 2500.9 0.00465231 0.00761143 0.0105227
0.00647421 9650 2501.9 0.00871789 0.0245057 -0.000614793
0.00727046 9660 2502.9 0.00770834 -0.010945 0.0256915
0.00467939 9670 2503.9 0.00254618 0.0146312 0.000237367
0.00120955 9680 2504.9 0.0070417 -0.00163365 0.0123423
0.00500322 9690 2505.9 0.0178453 -0.049189 -0.001982
0.00162798 9700 2506.9 0.00538465 0.0240779 0.0077255
0.00245483 9710 2507.9 0.0107103 -0.0235543 0.0146025
0.00850891 9720 2508.9 0.00817152 -0.00267044 0.0301352
0.00609724 9730 2509.9 0.0103066 -0.0346781 0.0114518
