0.107256 10 383 0.466447 0.244485 0.0790181
0.161125 20 384 0.192941 -0.0343735 -0.0950538
0.0763013 30 385 0.507599 0.239174 -0.0359669
0.11373 40 386 0.342506 0.158838 0.0205841
0.105408 50 387 0.245913 0.0698269 0.11084
0.147106 60 387.999 0.0479584 0.154722 -0.16196
0.110295 70 388.999 0.360188 0.238035 -0.112243
0.0747495 80 389.999 0.44885 0.219064 0.152431
0.109289 90 390.999 0.271688 0.171498 -0.0264464
0.0953087 100 391.999 0.420238 0.199016 0.0441546
0.102856 110 392.999 0.471575 0.266736 -0.10492
0.10086 120 393.999 0.423011 0.27794 -0.00494575
0.0891054 130 394.999 0.470419 0.196181 -0.0114044
0.133845 140 396 0.436623 0.277629 -0.0728062
0.0861779 150 397 0.441477 0.264936 0.0170775
0.114676 160 398 0.363212 0.217952 -0.0986708
