0.000444652 10 561.2 -0.00415881 0.0257678 -0.00458398
0.000461816 20 562.199 0.00790125 0.0310804 0.0143117
0.0010829 30 563.2 0.00338833 0.0271973 0.00358408
0.000703555 40 564.199 0.0103306 0.00578043 0.0033098
0.000644747 50 565.2 -0.013394 0.0180201 -0.00510051
0.000447415 60 566.2 0.0117282 -0.0340535 0.0115971
0.000583225 70 567.199 0.00873874 0.0107303 0.00237183
0.000905133 80 568.2 0.00271604 -0.0128289 -0.000467732
0.000759307 90 569.2 0.00161135 -0.00967309 0.0153147
0.00124378 100 570.199 0.0385759 0.0108707 0.0428412
0.000992456 110 571.2 -0.00565691 0.0334881 -0.0107323
0.00107042 120 572.2 0.00816759 0.0100288 0.000693576
0.000697823 130 573.2 0.0358959 0.0230139 0.0809882
0.000967215 140 574.2 0.0121786 0.0130039 -0.00322233
0.000659579 150 575.199 0.00534793 0.0074462 0.000575403
0.000670557 160 576.2 -0.000775104 0.0293912 -0.00470681
0.000634426 170 577.199 0.0111456 0.0142398 0.00716736
0.00047756 180 578.199 0.00338861 0.0170775 0.00817196
0.000878616 190 579.199 0.0096654 0.016291 0.0133736
