0.0509593 10 327.099 0.266282 0.0467282 0.0620696
0.0572932 20 328.1 0.257976 0.0562225 0.179381
0.0485565 30 329.099 0.265647 0.092038 0.253963
0.0560716 40 330.099 0.266653 0.0233158 0.117742
0.0608353 50 331.099 0.267073 0.0719267 0.166281
0.0426066 60 332.1 0.330089 0.0797309 0.138823
0.099308 70 333.1 0.244511 0.0189893 -0.0105174
0.042149 80 334.1 0.319988 0.127175 0.0656093
0.0636135 90 335.1 0.300661 0.0680083 0.172
0.0608266 100 336.1 0.291425 0.0244505 0.102587
0.0522112 110 337.1 0.267135 0.0863946 0.154018
