0.141884 10 327.099 0.188412 -0.0574278 -0.131671
0.201665 20 328.1 0.195381 -0.0917401 -0.0306028
0.197375 30 329.099 0.19548 0.00840795 -0.33283
0.166636 40 330.099 0.139071 -0.0945182 -0.221244
0.210542 50 331.099 0.163484 -0.00727779 -0.0442571
0.183844 60 332.1 0.284264 -0.0462224 -0.0299107
0.099308 70 333.1 0.244511 0.0189893 -0.0105174
0.137011 80 334.1 0.208316 0.062246 -0.0269786
0.182485 90 335.1 0.279247 -0.0454005 -0.0365034
0.204853 100 336.1 0.207718 -0.0975031 -0.272773
0.20659 110 337.1 0.223065 -0.0764966 -0.104213
