0.0271101 10 327.099 0.254056 0.0183887 0.018812
0.0244754 20 328.1 0.235703 -0.00393238 0.0809172
0.0282872 30 329.099 0.27707 0.0983534 0.0531122
0.0363328 40 330.099 0.241018 -0.0242002 0.0468623
0.0310057 50 331.099 0.241451 0.0147837 0.0445822
0.0277861 60 332.1 0.298769 0.0443415 0.0213583
0.0448633 70 333.1 0.222441 -0.00613937 -0.0729948
0.0240708 80 334.1 0.274596 0.0751705 -0.017362
0.0390444 90 335.1 0.257121 -0.00142031 0.0475302
0.0282433 100 336.1 0.267991 -0.0262331 0.014276
0.0207128 110 337.1 0.250285 0.0276092 0.0467081
