0.133374 10 327.099 0.222108 -0.0664559 -0.117695
0.173751 20 328.1 0.257736 -0.14797 -0.0818629
0.0963456 30 329.099 0.25652 -0.049561 -0.566049
0.162502 40 330.099 0.164878 -0.107193 -0.232628
0.188304 50 331.099 0.23623 -0.0919392 -0.0369003
0.183844 60 332.1 0.284264 -0.0462224 -0.0299107
0.0867524 70 333.1 0.27955 0.0323492 -0.044929
0.140285 80 334.1 0.212951 0.045281 -0.0292491
0.157103 90 335.1 0.326502 -0.0574861 -0.0398981
0.204853 100 336.1 0.207718 -0.0975031 -0.272773
0.189823 110 337.1 0.259067 -0.0806003 -0.109373
