0.104181 10 327.099 0.190302 -0.0546107 -0.182267
0.123686 20 328.1 0.224011 -0.16805 -0.169215
0.0496165 30 329.099 0.00625518 0.134494 -0.610015
0.121051 40 330.099 0.146692 -0.1114 -0.282717
0.143074 50 331.099 0.203131 -0.122091 -0.129829
0.108795 60 332.1 0.198453 -0.151019 -0.257252
0.0322159 70 333.1 0.25108 0.0095908 -0.0917179
0.0745169 80 334.1 0.112418 -0.139398 -0.289894
0.10154 90 335.1 0.233921 -0.110734 -0.106964
0.159673 100 336.1 0.0152462 0.129567 -0.428854
0.144846 110 337.1 0.222264 -0.101358 -0.172225
