0.169789 10 561.2 0.113627 -0.00994982 0.0198772
0.150993 20 562.199 0.146251 -0.058694 -0.106126
0.100832 30 563.2 0.180093 0.0316894 -0.0625208
0.147236 40 564.199 0.13314 0.0320255 0.0719928
0.107001 50 565.2 0.152203 0.0256274 0.129333
0.0717811 60 566.2 0.191825 0.058185 -0.0144676
0.0866157 70 567.199 0.186955 0.0589796 0.122288
0.114827 80 568.2 0.133495 0.0115452 -0.0107214
0.120984 90 569.2 0.169819 0.158857 0.0286028
0.0821364 100 570.199 0.201039 0.0502459 0.110204
0.140138 110 571.2 0.127026 0.0223669 -0.001188
0.138327 120 572.2 0.152475 0.0364534 0.0972824
0.0520067 130 573.2 0.0321995 0.00442613 0.585451
0.118848 140 574.2 0.157558 -0.0815176 0.0793858
0.158305 150 575.199 0.179181 -0.0493269 -0.148859
0.0738426 160 576.2 0.203632 0.0532103 0.111299
0.035335 170 577.199 0.196755 0.0593642 0.137177
0.190941 180 578.199 0.130247 -0.0278249 0.121265
0.0368909 190 579.199 0.214508 0.0579542 0.110222
