0.000246313 10 561.2 0.00543352 0.0155262 0.00945726
0.000498616 20 562.199 -0.00319718 -0.0273033 0.0130192
0.000688562 30 563.2 -0.00277799 0.0309073 -0.00808438
0.00043911 40 564.199 0.00219004 0.00896926 0.00834821
0.000360586 50 565.2 0.049314 -0.00774971 0.0120051
0.000307089 60 566.2 0.0429269 0.00774426 0.0134683
0.0005728 70 567.199 0.00955625 -0.0175024 -0.00872276
0.000827879 80 568.2 0.0118852 0.0183068 -0.0170676
0.000686954 90 569.2 0.00648275 0.00740817 0.0145736
0.000508768 100 570.199 0.0135982 0.0059913 0.00906797
0.000822161 110 571.2 -0.00873706 0.0189944 -0.0169784
0.00103759 120 572.2 0.0063421 -0.00728355 -0.00525217
8.65272e-05 130 573.2 -0.00283821 0.0104812 -0.00241518
0.000634666 140 574.2 -0.0164798 -0.00490972 0.0229493
0.000432998 150 575.199 0.195602 0.0267088 -0.0126139
0.000529477 160 576.2 -0.000155603 0.0307724 -0.00443939
0.000504957 170 577.199 0.00241806 -0.0301863 -0.00537864
0.000144877 180 578.199 -0.00353804 0.0503858 -0.0321432
0.000668311 190 579.199 0.022482 -0.00320382 0.0167628
