0.212142 10 561.2 0.133977 0.0163396 -0.0859632
0.130137 20 562.199 0.131427 -0.0564483 -0.23867
0.0435701 30 563.2 0.200059 -0.0203349 -0.100755
0.138606 40 564.199 0.159281 -0.0603947 -0.136575
0.13913 50 565.2 0.161439 -0.0680499 0.000660608
0.0533106 60 566.2 0.149632 -0.0626979 -0.10296
0.0831976 70 567.199 0.209587 0.0712593 -0.0449144
0.110169 80 568.2 0.11873 -0.0547014 -0.108655
0.143219 90 569.2 0.160298 0.0777654 -0.0284534
0.0467975 100 570.199 0.221009 -0.0144723 -0.0911263
0.155154 110 571.2 0.154046 0.02402 -0.035721
0.158901 120 572.2 0.173654 -0.0536914 -0.119053
0.0909609 130 573.2 0.0526418 0.00765489 0.576081
0.0423967 140 574.2 0.124283 -0.178921 -0.123587
0.1678 150 575.199 0.125448 -0.0451774 -0.189702
0.0682932 160 576.2 0.194429 -0.00266869 -0.0481637
0.0138247 170 577.199 0.218575 0.129747 0.00026557
0.170874 180 578.199 0.0778328 -0.0553879 -0.400461
0.0129687 190 579.199 0.211079 0.0183255 0.00599143
