0.00243197 10 327.099 0.00588059 0.0241 0.0148258
0.00107261 20 328.1 0.0024249 0.0184425 0.0152468
0.000751115 30 329.099 -0.00660704 0.0323229 -0.0281419
0.000737213 40 330.099 0.0019793 0.0351717 0.00790115
0.00153811 50 331.099 0.0041461 0.00433861 9.50374e-05
0.000975677 60 332.1 0.00261212 0.0304049 0.00338464
0.000849639 70 333.1 0.0149704 0.0108827 -0.00142767
0.000828563 80 334.1 0.00480992 0.00481929 0.00961898
0.000716277 90 335.1 0.00364865 0.00619439 0.00799735
0.00435216 100 336.1 0.00337589 -0.00659018 0.0180498
0.00209949 110 337.1 0.00208701 0.0297855 0.0148716
