0.000843364 10 327.099 -0.0117431 0.0228314 -0.00740586
0.00084548 20 328.1 0.00789933 0.0043192 0.00971368
0.00078658 30 329.099 -0.0012892 0.0126882 -0.00989723
0.000747253 40 330.099 -0.00295266 0.0316231 -0.00672053
0.00103922 50 331.099 0.000490463 0.0232481 0.0131289
0.000759066 60 332.1 0.00446051 -0.0187546 -0.00110843
0.000991404 70 333.1 0.000740553 -0.0263208 -0.00528243
0.000834753 80 334.1 0.00564472 0.0243018 0.00877146
0.000856669 90 335.1 0.000321586 0.00861495 -0.00087626
0.000698838 100 336.1 -0.00110959 0.0275495 -0.00907668
0.000687426 110 337.1 -0.0051914 0.0155517 -0.0125285
