0.000998896 10 1537.9 0.00441052 0.016712 0.00869276
0.000545428 20 1538.9 0.0016873 -0.0150815 -0.00755245
0.00161366 30 1539.9 -0.00805331 0.0105904 -0.0136395
0.00110385 40 1540.9 0.00510748 -0.00189306 0.000925255
0.000668323 50 1541.9 0.00407061 0.00840404 0.00224376
0.0006193 60 1542.9 -0.000621448 0.00914847 -0.0114031
0.000733644 70 1543.9 -0.000567969 0.0131546 -0.00214396
0.000442767 80 1544.9 0.00165144 0.00548074 -0.0120144
0.0013164 90 1545.9 0.00389909 0.0156462 0.0156653
0.000627339 100 1546.9 0.00125606 0.013151 0.0143573
0.000889981 110 1547.9 0.0163387 0.00405933 0.00195551
0.000652384 120 1548.9 -0.0119375 0.0230358 -0.0173898
0.000714396 130 1549.9 0.0133336 0.0116687 0.0104799
0.000690714 140 1550.9 -0.00209181 0.0115102 -0.00157838
0.000695353 150 1551.9 0.00431451 0.0154036 0.0075803
0.000765019 160 1552.9 0.0185179 -0.00878281 -0.0259363
0.00123955 170 1553.9 -0.00166729 0.0115651 -0.0123006
0.00120929 180 1554.9 0.0109409 0.0209298 0.0193573
0.000966194 190 1555.9 -0.000937658 0.0175367 -7.61352e-05
0.0006523 200 1556.9 -0.00488116 0.0181483 -0.00372025
0.00060519 210 1557.9 0.00304348 0.0287592 0.0041308
0.00116609 220 1558.9 -0.00654411 0.0120782 -0.00275837
0.000787667 230 1559.9 0.00292197 -0.00885978 -0.0124965
0.00148197 240 1560.9 0.014827 -0.000189727 -0.00473301
0.000806243 250 1561.9 -0.000188021 0.0322551 -0.00502351
0.000767448 260 1562.9 0.00167898 0.0114862 -0.0155686
0.000409411 270 1563.9 0.00598692 0.0178849 0.00879954
0.000698526 280 1564.9 0.0129292 0.0226561 0.00224543
0.000778526 290 1565.9 0.00392342 0.0287815 0.0166998
0.000907748 300 1566.9 -0.00150307 0.0127938 -0.00140701
0.000992283 310 1567.9 -0.000258364 0.00981226 -0.00173039
0.00134132 320 1568.9 0.00671288 0.000743726 -0.00723985
0.000739831 330 1569.9 0.0201521 0.0117574 0.0313679
0.000919322 340 1570.9 0.00278806 0.0129963 0.0031868
0.00080686 350 1571.9 0.0137393 0.015387 0.00994611
0.00101761 360 1572.9 0.00866345 0.00440055 0.00151299
0.000411525 370 1573.9 0.000991925 -0.00893316 -0.00190686
0.000235078 380 1574.9 0.0121583 0.00963246 0.00938515
0.000606198 390 1575.9 -3.19066e-05 -0.00239563 0.00945429
0.000469029 400 1576.9 0.00421816 0.0129989 0.00766927
0.00114782 410 1577.9 0.0114175 0.0120812 0.00757249
0.00055283 420 1578.9 -0.00163482 0.0102925 -0.00195188
0.00115919 430 1579.9 0.00107397 0.00841114 0.00859639
0.000750189 440 1580.9 0.00549815 0.00662519 0.0028302
0.000710379 450 1581.9 -0.00425055 0.0155257 -0.000880352
0.000700681 460 1582.9 -0.00686016 0.0237581 -0.00293757
0.000474244 470 1583.9 0.00636605 -0.032574 -0.00867516
0.000526494 480 1584.9 0.00210911 0.0132331 0.0165456
0.000535229 490 1585.9 0.0119525 0.0186132 -0.0144056
0.000977148 500 1586.9 -0.00838994 -0.00342281 0.00231607
0.000812114 510 1587.9 0.00258572 0.0138717 0.00204966
0.000761927 520 1588.9 0.00959068 0.00256536 0.00469824
0.000597396 530 1589.9 0.00122034 -0.0185698 -0.00606905
0.000288327 540 1590.9 0.011386 0.0141821 0.0110784
0.00146634 550 1591.9 0.00304001 0.00568384 0.00505533
0.00083974 560 1592.9 0.01635 0.0213322 0.00674477
0.00134103 570 1593.9 0.00903065 0.00272722 0.00540702
0.000932926 580 1594.9 0.006399 -0.00612049 -0.0128352
0.000835949 590 1595.9 0.00653053 -0.00554732 -0.000622447
0.00119164 600 1596.9 0.00131767 -0.0382765 -0.00380156
0.00074395 610 1597.9 0.00332346 -0.0183801 -0.0113828
0.000611379 620 1598.9 0.00725427 -0.0119501 -0.00125447
0.000482798 630 1599.9 0.00683188 0.00878846 -0.000726379
0.000612659 640 1600.9 0.00242262 0.0224068 0.00470822
0.000894441 650 1601.9 0.0261019 -0.00605411 -0.0307375
0.000705448 660 1602.9 0.00952875 0.009376 -1.87158e-05
0.000870209 670 1603.9 -0.00214378 0.0145534 -0.0288793
0.00100994 680 1604.9 0.00250558 -0.00141913 -0.00557568
0.00047134 690 1605.9 0.0241972 -0.0165957 -0.0299822
0.000974013 700 1606.9 0.0106404 -0.0049782 -0.00635165
0.00126589 710 1607.9 0.0130635 0.025075 0.0190022
0.000902044 720 1608.9 0.0110692 0.0331319 0.00980252
0.000922667 730 1609.9 0.00566087 0.0116402 0.00281399
0.000686805 740 1610.9 -0.00759008 0.0252001 -0.00741541
0.00104667 750 1611.9 0.00331977 0.0230386 0.00170805
0.00123703 760 1612.9 0.00456243 0.022538 0.00105118
0.00120848 770 1613.9 0.00493248 0.0195261 0.00239193
0.000872836 780 1614.9 0.000297058 -0.0166612 -0.0120256
0.000667933 790 1615.9 -0.00322168 0.00496924 -0.00667075
0.00089234 800 1616.9 0.00083488 0.0178608 0.00796285
0.000715806 810 1617.9 0.0101171 0.0224237 0.00844623
0.000845066 820 1618.9 0.0042334 0.0183983 0.00488815
0.000924809 830 1619.9 0.0118331 -0.00851814 -0.00147578
0.00134965 840 1620.9 0.00518908 0.019641 0.0106642
0.000752535 850 1621.9 0.0237069 0.0233243 0.0243027
0.000659061 860 1622.9 0.00684437 -0.00855971 -0.0109733
0.000661615 870 1623.9 0.00451452 0.0105804 0.00139314
0.00086018 880 1624.9 0.00789982 0.00864602 0.00471893
0.000722723 890 1625.9 0.0130391 0.0011223 -0.0536459
0.000920692 900 1626.9 -0.00422808 0.0130925 -0.00392507
0.00121205 910 1627.9 0.0010197 0.00383736 0.00916601
0.000548615 920 1628.9 0.0020907 0.00184303 -0.0269439
0.000503573 930 1629.9 -0.00288366 0.0132922 -0.000169073
0.00096552 940 1630.9 -0.00351596 0.0267589 -0.00516562
0.000881443 950 1631.9 0.0189852 -0.00294328 -0.0162669
0.000578551 960 1632.9 0.0142736 0.0218272 -0.000249102
0.000952724 970 1633.9 0.00546613 0.00753555 0.0143833
0.0016476 980 1634.9 0.0127677 0.0140804 0.000536092
0.00111763 990 1635.9 -0.00439348 -0.00295118 0.00569915
0.000520268 1000 1636.9 0.00342805 -0.00181205 -0.0177981
0.000931377 1010 1637.9 0.0117859 0.000224136 0.00359174
0.000828042 1020 1638.9 0.00163139 -0.0129938 -0.0044144
0.00100214 1030 1639.9 -0.000325347 0.0172259 -0.00326534
0.000822094 1040 1640.9 -0.000404343 0.0307972 -0.0154667
0.000703963 1050 1641.9 0.01073 0.0141809 -0.036049
0.00132185 1060 1642.9 -0.000237138 0.00613712 -0.0045343
0.000806057 1070 1643.9 0.000925277 0.0215345 0.000594859
0.00142879 1080 1644.9 0.00488477 0.00847774 -0.00662873
0.000877034 1090 1645.9 0.00311095 0.0288255 0.00731769
0.000792229 1100 1646.9 -0.0141753 0.0157222 -0.00137971
0.00033943 1110 1647.9 0.0173198 -0.00434582 -0.0114545
0.00122706 1120 1648.9 0.00522099 0.0187546 0.00100073
0.00125212 1130 1649.9 -0.0020855 0.00593755 -0.00300226
0.00061359 1140 1650.9 0.00380836 -0.0156727 -0.00331017
0.00120963 1150 1651.9 0.00658017 0.0127536 0.0224422
0.000604974 1160 1652.9 0.00291594 0.0103137 0.00133259
0.00132694 1170 1653.9 0.0182301 -0.00880002 -0.02077
0.000830954 1180 1654.9 0.0110908 0.0170275 -0.0138661
0.000544429 1190 1655.9 0.00686601 0.0122128 0.00342134
0.000992061 1200 1656.9 0.00953245 0.000281502 0.0105664
0.000765559 1210 1657.9 0.00240518 -0.00406363 -0.00954716
0.000854248 1220 1658.9 0.00202914 0.0205724 -0.00595602
0.000914592 1230 1659.9 0.00194299 0.0336676 0.00688804
0.00101766 1240 1660.9 0.0161466 -0.0200664 -0.00480373
0.000784961 1250 1661.9 0.00238967 -0.0142423 -0.00380159
0.000856066 1260 1662.9 -0.00684783 0.00290326 -0.00113854
0.000885313 1270 1663.9 0.0207293 -0.00712725 -0.0413814
0.000799818 1280 1664.9 0.00757267 0.0043846 -0.010548
0.000641074 1290 1665.9 0.00140595 0.0150681 -0.000862505
0.000455208 1300 1666.9 0.00555139 0.024828 0.00409936
0.000552476 1310 1667.9 -0.00232295 0.0294935 -0.0170388
0.000752557 1320 1668.9 -0.00421239 0.0204406 -0.0170755
0.000758373 1330 1669.9 -0.00871338 0.0290553 -0.0026446
0.000687494 1340 1670.9 0.0034862 0.00501256 0.0123356
0.000614995 1350 1671.9 0.0104443 -0.00683287 -0.0134522
0.000703915 1360 1672.9 0.00719428 0.020842 0.00789777
0.00116206 1370 1673.9 0.011437 0.0191464 0.0119485
0.000722045 1380 1674.9 0.00726159 0.00843648 -0.0172065
0.00072133 1390 1675.9 0.0162223 -0.0136328 -0.0160514
0.00100125 1400 1676.9 0.00184707 -0.0156848 -0.0128941
0.000669383 1410 1677.9 0.0052488 0.0160826 -0.000456704
0.000943895 1420 1678.9 0.0146496 0.00535051 0.0210729
0.00105121 1430 1679.9 0.011242 0.0135812 0.00512606
0.000774881 1440 1680.9 0.0138852 -0.00727471 -0.0346186
0.00108634 1450 1681.9 0.0023872 0.00674944 0.0131707
0.00119339 1460 1682.9 0.00211813 0.0193036 0.00822325
0.000879857 1470 1683.9 -0.00160197 0.00656421 -0.00424509
0.000818081 1480 1684.9 -0.00190263 0.0112652 -0.00082765
0.000926106 1490 1685.9 0.00118683 0.0178431 0.000144399
0.000506552 1500 1686.9 0.0037669 -0.00765467 -0.00392889
0.000882817 1510 1687.9 0.00918674 -0.0215041 -0.0117904
0.000815687 1520 1688.9 0.00155828 0.0128325 0.00739459
0.000604323 1530 1689.9 -0.00205742 0.0091877 -0.00258874
0.000819922 1540 1690.9 -0.0028865 0.0126729 -0.00521293
0.00106555 1550 1691.9 0.00287259 -0.0128706 -0.00707426
0.00157943 1560 1692.9 0.0172639 0.0359046 0.0135876
0.00134511 1570 1693.9 0.00477775 0.008262 0.0176867
0.000846361 1580 1694.9 0.00135513 -0.0184996 -0.0222265
0.000814472 1590 1695.9 0.00827502 0.0104723 -0.00180877
0.000889244 1600 1696.9 0.00153538 0.0150794 -0.00467923
0.000926678 1610 1697.9 0.00198108 0.0103625 0.0030606
0.00116326 1620 1698.9 0.00770747 0.0137908 0.00350544
0.00101074 1630 1699.9 0.0027092 0.00339115 -0.0151529
0.000560107 1640 1700.9 0.0128197 0.00697995 0.00641527
0.000838907 1650 1701.9 0.00823083 0.0126751 0.000397048
0.000731673 1660 1702.9 0.00133041 -0.00324437 -0.015041
0.000788913 1670 1703.9 -0.00354859 0.0106745 -0.012472
0.00092785 1680 1704.9 0.00268349 -0.0133033 -0.00450635
0.000513057 1690 1705.9 0.00638337 0.0190114 0.00791132
0.00118309 1700 1706.9 -0.00363431 0.0215015 -0.00151823
0.000893893 1710 1707.9 0.00610594 0.0242432 0.0113077
0.000836683 1720 1708.9 0.000714592 -0.00113657 0.000887034
0.000800799 1730 1709.9 -0.00119735 0.0158282 -0.00146712
0.00105466 1740 1710.9 0.0173239 0.0273422 0.0184505
0.000754033 1750 1711.9 -0.00294405 0.0108335 -0.00315432
0.000685699 1760 1712.9 -0.0040879 0.0182625 -0.00682277
0.00142352 1770 1713.9 -0.000751455 0.0129466 -0.00206729
0.000862872 1780 1714.9 0.0193678 0.00647302 0.00907592
0.00141434 1790 1715.9 0.00277294 -0.0194019 -0.00107597
0.000747027 1800 1716.9 0.00420505 0.0192143 0.00801828
0.000877318 1810 1717.9 0.00464964 0.0135583 0.0127764
0.00743678 1820 1718.9 0.00263604 0.0183901 0.0117513
0.000930821 1830 1719.9 0.0146524 -0.0201981 -0.0252542
0.000432081 1840 1720.9 0.0214289 -0.00798063 -0.0363186
0.000889285 1850 1721.9 0.00105816 0.0166135 0.000643712
0.00119991 1860 1722.9 0.00713637 -0.0228546 -0.00942326
0.000646881 1870 1723.9 0.0070434 -0.033144 -0.00633874
0.00101828 1880 1724.9 0.00356573 0.0177627 0.00449934
0.000840398 1890 1725.9 0.00485264 6.017e-05 -0.00829039
0.000793181 1900 1726.9 0.00895492 0.00681098 0.0119053
0.000700944 1910 1727.9 0.0101881 0.00887362 0.0210371
0.00121155 1920 1728.9 0.0179138 0.00874016 0.00146862
0.00108735 1930 1729.9 0.00515646 0.011889 0.00537495
0.000929332 1940 1730.9 -0.0073292 0.00500407 -0.000359907
0.00121569 1950 1731.9 0.0101707 0.00943821 0.0270471
0.000895356 1960 1732.9 0.00408699 -0.00417537 -0.0036559
0.000752396 1970 1733.9 0.00511133 -0.0230686 -0.0030841
0.00119503 1980 1734.9 0.00628616 -0.00546913 -0.00184501
0.00069 1990 1735.9 0.00614834 0.0111699 -0.00883813
0.000801843 2000 1736.9 0.00346834 0.0235933 -0.00163394
0.00102642 2010 1737.9 0.00789368 0.0258216 0.0123932
0.000661696 2020 1738.9 0.00737974 0.00952709 0.00497098
0.000826224 2030 1739.9 0.00260808 0.0234745 0.00966647
0.000905065 2040 1740.9 0.00804006 -0.0210191 -0.00444262
0.000970423 2050 1741.9 0.00922555 0.0180931 -0.0034989
0.000540585 2060 1742.9 0.00388397 -0.0169656 -0.00198685
0.000998289 2070 1743.9 0.0145006 0.00502975 -0.0787445
0.00106508 2080 1744.9 0.014381 0.0146568 0.000649506
0.000648255 2090 1745.9 0.00132262 -0.00847813 -0.0160506
0.00121078 2100 1746.9 0.0103009 0.011032 -0.00569681
0.000763251 2110 1747.9 0.0033638 -0.0206595 -0.00548464
0.000813973 2120 1748.9 0.00823726 0.0218746 0.0156515
0.0011183 2130 1749.9 0.000605816 0.0152743 -0.010093
0.000863753 2140 1750.9 -0.00304274 0.0133457 -0.000692453
0.00132868 2150 1751.9 0.00434526 -0.00463456 -0.00320103
0.00102295 2160 1752.9 0.00755295 -0.0276373 -0.00116638
0.00106207 2170 1753.9 0.00287537 0.0135018 0.00944448
0.000812559 2180 1754.9 0.0116289 -0.00603923 0.00677222
0.000609731 2190 1755.9 0.0059555 -0.0151636 -0.0187365
0.000745793 2200 1756.9 0.013241 -0.0195541 -0.0283599
0.0007153 2210 1757.9 0.00600882 -0.0117107 -7.01324e-05
0.00106901 2220 1758.9 0.00679485 0.0192446 0.000518956
0.000650157 2230 1759.9 -0.00815014 0.0336687 -0.00717964
0.00115243 2240 1760.9 -0.00722485 0.0173908 -0.000553975
0.000930813 2250 1761.9 0.015936 0.0347635 -0.0132863
0.000906295 2260 1762.9 0.0185444 -0.0160877 -0.0105478
0.000475947 2270 1763.9 0.00442183 -0.014508 -0.0101119
0.00085891 2280 1764.9 0.000674802 0.0139972 0.00342494
0.000951542 2290 1765.9 0.00396119 -0.00386959 -0.00882555
0.000888095 2300 1766.9 0.00787225 0.00976274 0.00518413
0.00102381 2310 1767.9 0.0119172 -0.00887298 -0.00449333
0.000526319 2320 1768.9 0.00896634 0.0132226 0.00860331
0.000637139 2330 1769.9 0.00569652 0.00410359 0.00697619
0.000673525 2340 1770.9 0.0127824 0.00221361 0.00902388
0.000952758 2350 1771.9 0.000576975 0.00546859 0.0080437
0.000378342 2360 1772.9 0.00738068 -0.0104982 -0.00327907
0.00129617 2370 1773.9 0.00411495 0.000935774 0.00242219
0.00109742 2380 1774.9 -4.47076e-05 0.00840648 -0.0159058
0.000750571 2390 1775.9 0.00219146 0.00859405 -0.00120061
0.000695706 2400 1776.9 0.00182511 0.0166411 0.00420265
0.00154383 2410 1777.9 0.0179453 -0.00622438 -0.0177026
0.00100345 2420 1778.9 0.0148694 0.0184211 -0.00303703
0.00110823 2430 1779.9 0.00881447 -0.0145949 -0.0037161
0.000519928 2440 1780.9 0.00884257 -0.00941226 -0.0232112
0.000707664 2450 1781.9 0.00981016 0.0369215 0.00429765
0.000328796 2460 1782.9 0.0265744 -0.0108105 -0.0363755
0.000655453 2470 1783.9 0.00112078 0.00822367 0.00665421
0.000660642 2480 1784.9 0.00927042 -0.00160094 0.00556498
0.000763061 2490 1785.9 0.0097266 -0.00238071 -0.013402
0.000629836 2500 1786.9 0.00345598 -0.00217755 0.00581767
0.000370772 2510 1787.9 0.00374877 0.0183593 -0.00331625
0.000865014 2520 1788.9 0.0109379 -0.00263823 -0.0105013
0.00111089 2530 1789.9 -0.0108354 -0.00588132 0.0090902
0.00076831 2540 1790.9 -0.0220197 -0.00379776 0.0348161
0.000681556 2550 1791.9 -0.00897619 0.0198018 -0.00639933
0.00075332 2560 1792.9 -0.00823349 0.01238 -0.00323487
0.000468868 2570 1793.9 0.00279067 0.0176679 0.00833989
0.000875719 2580 1794.9 0.0191323 -0.00847881 -0.0229976
0.000890102 2590 1795.9 0.0037496 0.0109863 0.0114988
0.000910139 2600 1796.9 -0.00414191 0.00750728 -0.00638833
0.00099195 2610 1797.9 0.00154446 0.00540662 0.00776465
0.00152579 2620 1798.9 0.0278972 0.0371715 0.0413738
0.000810135 2630 1799.9 0.00982386 0.00192627 0.00448763
0.0011531 2640 1800.9 0.00622569 0.019876 0.0158208
0.000525609 2650 1801.9 0.00110099 0.00178443 -0.00517394
0.000916549 2660 1802.9 0.00690676 -0.00451302 -0.011813
0.000546326 2670 1803.9 0.00184488 0.021554 0.00671587
0.00112532 2680 1804.9 -0.00901791 -0.00800653 0.0207464
0.000650514 2690 1805.9 0.0158987 0.0265279 0.00352439
0.000824837 2700 1806.9 0.0100906 0.0173948 0.00473977
0.00114007 2710 1807.9 -0.00888547 -0.00295829 0.00924554
0.00087139 2720 1808.9 0.0106864 0.0313356 -0.003256
0.00126921 2730 1809.9 0.00922241 0.0243186 0.00394385
0.00114448 2740 1810.9 0.0366436 0.0169261 0.0348672
0.000810822 2750 1811.9 0.00354084 0.00815654 0.0012664
0.000957908 2760 1812.9 0.000341329 0.000455024 0.0111247
0.00121009 2770 1813.9 0.0101576 0.0161323 0.00197677
0.000509984 2780 1814.9 0.0150334 -0.0102315 -0.0282704
0.00179648 2790 1815.9 0.00831634 0.0125583 -0.00577804
0.00119416 2800 1816.9 0.0102456 -0.00973719 -0.00133912
0.000676986 2810 1817.9 0.00293894 0.0160856 0.00049138
0.000624942 2820 1818.9 0.00015433 -0.0148372 -0.00113958
0.00138628 2830 1819.9 0.000132362 0.0136325 -0.00539225
0.000829871 2840 1820.9 0.00573078 0.0049003 0.00374506
0.000591232 2850 1821.9 0.014553 0.0249308 -0.0357456
0.00070344 2860 1822.9 -0.000248407 0.0150478 -0.00812923
0.000621194 2870 1823.9 0.00238277 0.00678849 0.00106897
0.00084148 2880 1824.9 0.00237877 -0.0306718 -0.00173537
0.000662658 2890 1825.9 0.00692397 -0.0202782 -0.00223472
0.000745015 2900 1826.9 -0.00180903 0.00202473 -0.00604807
0.000349697 2910 1827.9 0.0113296 -0.010019 -2.4099e-05
0.000571568 2920 1828.9 -0.000162148 0.0144464 -0.00748125
0.000682834 2930 1829.9 -0.00560965 -0.00564868 0.00302227
0.000974031 2940 1830.9 0.00853611 0.0202251 0.00446524
0.000910613 2950 1831.9 0.00503279 0.0166802 -0.000896621
0.000887951 2960 1832.9 0.0063515 0.0268696 0.0257236
0.000812791 2970 1833.9 -0.00194909 0.0178669 -0.00269618
0.000908632 2980 1834.9 0.000355906 0.0106298 -0.00679258
0.000566267 2990 1835.9 1.26389e-05 0.0207314 -0.00191128
0.000703006 3000 1836.9 0.00047126 0.0208507 0.00680077
0.000590514 3010 1837.9 0.0610642 0.0329499 0.0776296
0.000670158 3020 1838.9 0.00409638 0.0203056 -0.000308764
0.000733501 3030 1839.9 0.00448411 0.0123969 0.00676313
0.00064313 3040 1840.9 0.00176008 -0.0109579 -0.002187
0.000448954 3050 1841.9 0.00261128 0.0019414 -0.0234148
0.00117544 3060 1842.9 -0.0151677 -0.00515585 0.0175838
0.000694729 3070 1843.9 0.000547308 0.00327516 0.00187393
0.000495581 3080 1844.9 0.00804867 -0.0202608 -0.00563198
0.00106857 3090 1845.9 0.00430095 -0.0116535 -0.00303604
0.000839526 3100 1846.9 0.00364518 0.0211013 0.0100462
0.000932295 3110 1847.9 0.0721438 0.0339648 0.112759
0.000856656 3120 1848.9 0.00148583 -0.0147456 -4.06359e-05
0.000865156 3130 1849.9 0.00140021 0.017519 0.00459827
0.000883549 3140 1850.9 -0.00163324 0.00564341 -0.00679185
0.000966145 3150 1851.9 0.0106763 0.0162161 0.000562967
0.000706155 3160 1852.9 0.0338312 -0.0109313 -0.0402322
0.00106385 3170 1853.9 0.00313207 0.0141447 0.000889877
0.000743147 3180 1854.9 0.000432491 0.00547499 0.0114394
0.000479737 3190 1855.9 0.0237789 -0.0131418 0.0226042
0.000253737 3200 1856.9 0.0680367 -0.00146108 -0.0809345
0.000866799 3210 1857.9 0.0064725 -0.0275193 -0.0011367
0.000879735 3220 1858.9 -0.00662224 0.00570118 -0.0147351
0.000910308 3230 1859.9 0.0114347 0.0184691 0.0215141
0.000900651 3240 1860.9 0.00924321 -0.00358338 -0.000918126
0.000644511 3250 1861.9 -0.00398996 0.0100161 -0.00465784
0.00108696 3260 1862.9 0.00311125 0.00866652 0.00356663
0.000702337 3270 1863.9 -0.000876128 0.0138965 -0.00263248
0.000772533 3280 1864.9 0.00940409 0.0225359 0.000923562
0.00035586 3290 1865.9 0.00074503 -0.015184 -0.00313553
0.000738492 3300 1866.9 0.0121793 -0.0168791 -0.00377775
0.000734943 3310 1867.9 0.0123414 0.0142765 0.00562101
0.00105345 3320 1868.9 0.00360933 0.0160933 0.00680321
0.000534904 3330 1869.9 0.0205826 0.000408994 0.000764439
0.000715803 3340 1870.9 -0.00510812 -0.00246624 0.00674568
0.00200722 3350 1871.9 0.00269092 0.00896968 -0.0129367
0.000744579 3360 1872.9 0.00117023 -0.013216 -0.00897221
0.00104783 3370 1873.9 0.00603141 0.0180007 0.0133859
0.0014977 3380 1874.9 0.00441814 0.0102016 0.0137027
0.0008036 3390 1875.9 0.0119413 0.0211784 -0.00550623
0.000476362 3400 1876.9 0.00096043 0.0102176 0.00300345
0.000661035 3410 1877.9 0.00685409 0.0211832 -0.00110791
0.00128008 3420 1878.9 0.0169168 0.0182055 0.0182933
0.000721189 3430 1879.9 0.00160751 -0.0177733 -0.00430506
0.000572921 3440 1880.9 0.00373986 0.0207267 0.00609277
0.000935068 3450 1881.9 0.00414596 -0.0187753 -0.0198113
0.000674871 3460 1882.9 0.000908341 0.0124068 0.00606428
0.000678004 3470 1883.9 0.00273006 0.0160414 0.00993874
0.00121633 3480 1884.9 0.00935274 -0.00280854 -0.00281468
0.000703821 3490 1885.9 0.00488329 0.00602258 0.000209938
0.00122665 3500 1886.9 0.00473934 0.0044611 0.00888899
0.000746827 3510 1887.9 0.00614019 -0.00212056 -0.00136039
0.000942925 3520 1888.9 0.00276002 0.00993471 0.0220681
0.000626596 3530 1889.9 0.0105697 0.0224431 -0.00142638
0.0010026 3540 1890.9 0.0116191 -0.0216907 -0.00779899
0.00102965 3550 1891.9 0.00747876 0.0159701 0.00324652
0.00117856 3560 1892.9 0.0066923 0.0472623 -0.00225947
0.00114262 3570 1893.9 0.0019505 0.0151556 -0.0033398
0.000742781 3580 1894.9 0.0133025 0.017771 0.00947223
0.000739942 3590 1895.9 0.00262355 0.0137051 -0.000646112
0.000824782 3600 1896.9 0.0130129 -0.00383016 -0.0497606
0.000618172 3610 1897.9 0.00319575 -0.00496424 0.0018803
0.000257914 3620 1898.9 0.00195909 0.0123409 0.017664
0.000874628 3630 1899.9 0.00405386 -0.00375882 -0.0132402
0.000790675 3640 1900.9 0.00193734 0.0158594 0.00780431
0.000783984 3650 1901.9 0.0134842 0.0190095 0.0114434
0.000584075 3660 1902.9 0.0057133 0.0177342 0.00701682
0.00160025 3670 1903.9 0.00652901 0.0226785 -0.00490051
0.000540182 3680 1904.9 0.00364658 0.0123933 -0.0015269
0.000900204 3690 1905.9 0.000679659 0.000837053 0.00582592
0.000938237 3700 1906.9 0.00962084 -0.0145336 -0.0181343
0.000440272 3710 1907.9 0.0124061 0.030466 0.0111084
0.000498656 3720 1908.9 -0.000362781 0.00891416 -0.00308308
0.00123043 3730 1909.9 0.00287089 0.0148191 0.00731817
0.000709692 3740 1910.9 0.00369189 -0.0180913 -0.00216185
0.000433765 3750 1911.9 0.00804428 -0.00536097 -0.00154123
0.000753988 3760 1912.9 -0.00605213 0.023083 -0.00337845
0.000744659 3770 1913.9 0.0231432 0.02746 0.037086
0.000747665 3780 1914.9 0.0149549 0.0166016 -0.0070455
0.000821117 3790 1915.9 -0.00514879 0.0236497 -0.00451995
0.000762922 3800 1916.9 0.0143326 -0.0104696 -0.016714
0.000601604 3810 1917.9 0.000450391 0.0141807 0.00629228
0.000677933 3820 1918.9 0.00145189 -0.000700422 -0.0182747
0.000794862 3830 1919.9 -0.00398532 0.00602308 -0.00233386
0.00076087 3840 1920.9 0.00203719 0.0119264 0.00399854
0.00637596 3850 1921.9 0.010048 0.00363734 0.00926467
0.000756199 3860 1922.9 0.00456401 0.0328239 0.00458913
0.000882316 3870 1923.9 0.00931759 0.0166047 0.00330404
0.000589652 3880 1924.9 0.0046109 0.0178707 0.00778309
0.000611175 3890 1925.9 0.00221955 -0.015693 -0.00128397
0.000785065 3900 1926.9 0.00688331 0.0163384 0.00256019
0.0010171 3910 1927.9 0.0138388 0.0152869 0.0124418
0.000815797 3920 1928.9 0.00223019 -0.0150364 -0.0119566
0.000967815 3930 1929.9 0.00228768 -0.00411526 -0.00528472
0.000722934 3940 1930.9 -0.000621619 -0.00500582 0.00348199
0.000651893 3950 1931.9 0.00161677 -0.00364118 0.00261283
0.000691829 3960 1932.9 0.00529224 0.00719623 0.00378321
0.000497214 3970 1933.9 0.0308961 -0.0124292 -0.0345917
0.00090959 3980 1934.9 0.00397138 -0.000336311 -0.00701686
0.000882685 3990 1935.9 0.0514547 -0.00170895 -0.050129
0.000662692 4000 1936.9 -0.00244365 0.0109347 -0.00381748
0.00062289 4010 1937.9 -0.00770576 0.0173725 -0.0117023
0.00101195 4020 1938.9 0.00736911 -0.00126616 -0.00261991
0.000743155 4030 1939.9 0.000380916 0.0299344 -0.0168259
0.000981254 4040 1940.9 -0.00167304 0.0311215 -0.0090111
0.00053655 4050 1941.9 -0.00138028 0.0142452 -0.0183948
0.000767409 4060 1942.9 0.00237305 -0.00188129 -0.00322186
0.000866967 4070 1943.9 0.002949 0.00512723 0.00476559
0.000775683 4080 1944.9 0.000404743 -0.00206081 -0.00400049
0.00103582 4090 1945.9 0.00200333 0.0212788 0.000837312
0.000787319 4100 1946.9 0.00324565 0.0206603 -0.00532025
0.0010098 4110 1947.9 0.00111679 0.0154479 0.00276323
0.00112683 4120 1948.9 -0.00111935 0.0105799 -0.00834536
0.000839264 4130 1949.9 0.00934793 -0.0112384 -0.000813096
0.000707868 4140 1950.9 0.00798775 -0.0138105 7.92593e-05
0.00122344 4150 1951.9 0.00441808 0.00787562 0.00223216
0.000936173 4160 1952.9 0.0145011 -0.00785297 -0.0302589
0.00126905 4170 1953.9 0.00980123 0.00344589 0.0208118
0.00083188 4180 1954.9 0.0478869 -0.0330321 -0.0602176
0.000958232 4190 1955.9 0.00899903 0.0142137 -0.000770711
0.000874573 4200 1956.9 -0.00207658 0.0103586 -0.00146123
0.00108357 4210 1957.9 -0.0091207 0.0189723 -0.000768876
0.000859664 4220 1958.9 0.00228605 -0.0128704 -0.00245957
0.000737096 4230 1959.9 0.00198396 0.0067182 0.00452839
0.00124899 4240 1960.9 0.0183659 -0.00709998 -0.0309934
0.000490376 4250 1961.9 0.00218088 0.0248875 0.00893543
0.000979076 4260 1962.9 0.029125 -0.0138336 -0.0355854
0.000788008 4270 1963.9 0.00951933 -0.0137436 -0.0119178
0.000869706 4280 1964.9 0.00625158 -0.00947494 -0.00421359
0.0012057 4290 1965.9 0.00719948 0.0140254 0.00785161
0.000851364 4300 1966.9 -0.00571796 -0.0100309 0.0284789
0.00103002 4310 1967.9 0.00997951 -0.00368911 -0.000949336
0.00104504 4320 1968.9 0.000970752 0.00767208 -0.0135809
0.00112927 4330 1969.9 0.00944125 0.0180513 0.00879287
0.000956667 4340 1970.9 0.00977565 0.0191196 0.00316313
0.000858302 4350 1971.9 0.00906356 -0.0232664 -0.00456285
0.000695854 4360 1972.9 0.0126158 0.00268042 0.00695668
0.00120157 4370 1973.9 0.00597905 -0.00043927 0.000750465
0.000501321 4380 1974.9 0.00424792 -0.00400091 -9.91873e-05
0.007701 4390 1975.9 -0.00697215 0.00152233 -0.0143819
0.000527078 4400 1976.9 0.00795913 -0.0121269 -0.00651436
0.00125234 4410 1977.9 0.00827286 0.00158661 0.00388583
0.000711562 4420 1978.9 -0.0121259 -0.00419927 0.00986349
0.00115188 4430 1979.9 0.00468445 -0.00487286 -0.00627025
0.000993933 4440 1980.9 0.0403141 -0.0122415 0.0608636
0.000899068 4450 1981.9 0.00668512 0.01658 0.00678948
0.00126611 4460 1982.9 0.00523342 0.0127758 0.00737171
0.00114608 4470 1983.9 0.00602672 0.0153789 -0.00498363
0.0013662 4480 1984.9 0.0029527 0.0110144 0.00503043
0.000727369 4490 1985.9 0.011406 -0.0232784 -0.0194704
0.000996832 4500 1986.9 0.00425871 0.00975417 -0.0063165
0.00124225 4510 1987.9 0.0194612 0.00458313 0.00567384
0.00126754 4520 1988.9 0.00682639 0.00545725 0.00136281
0.00109098 4530 1989.9 0.00769029 0.0107536 0.0150599
0.000680741 4540 1990.9 0.0164464 0.0184169 -0.00138521
0.000512285 4550 1991.9 -0.00861709 0.0129252 -0.00324407
0.000794994 4560 1992.9 0.000508187 0.00737089 0.0137489
0.00138788 4570 1993.9 -0.00340373 -0.0133294 0.00128412
0.0011447 4580 1994.9 0.0149882 0.0170728 0.0171993
0.000679821 4590 1995.9 0.00265113 -0.000583766 -0.00823305
0.000708713 4600 1996.9 0.00256003 0.0096391 -0.00119336
0.000848395 4610 1997.9 0.00144408 0.0138996 0.00255438
0.000824266 4620 1998.9 0.00534696 -0.0168438 0.00887207
0.000752337 4630 1999.9 0.0155536 -0.0021159 -0.0148286
0.000769285 4640 2000.9 -0.00518672 -0.00445208 0.000201261
0.00100786 4650 2001.9 0.00263152 0.00635644 0.00662487
0.00101791 4660 2002.9 0.00752907 -0.00492642 -0.00531554
0.00103038 4670 2003.9 -0.00229249 0.0138295 -0.00197161
0.00104358 4680 2004.9 0.00746899 0.0222033 0.0168285
0.000601252 4690 2005.9 -0.00434356 0.00241431 -0.00169077
0.00148419 4700 2006.9 0.00733898 0.0159485 -0.00157568
0.000756463 4710 2007.9 0.00592467 -0.0194394 -0.00341979
0.000716038 4720 2008.9 0.00548722 0.00810713 0.00106211
0.000737917 4730 2009.9 0.00414885 -0.0153555 -0.00607689
0.000980719 4740 2010.9 0.000413011 0.0150819 -0.000539337
0.000851796 4750 2011.9 0.00709848 0.0140622 0.000422404
0.00145659 4760 2012.9 0.011386 0.0156516 -0.0043533
0.00106325 4770 2013.9 0.00829417 0.00839254 0.00341612
0.00147204 4780 2014.9 0.00775789 0.00163314 0.00746867
0.000984946 4790 2015.9 0.0356007 0.0279372 0.0336005
0.00079319 4800 2016.9 -0.00260582 0.00959935 -0.000576334
0.000685558 4810 2017.9 0.0134234 0.0131291 0.00708588
0.000989306 4820 2018.9 0.00467534 0.0248098 0.000385178
0.00101644 4830 2019.9 0.0393101 0.0139515 0.0608549
0.00071766 4840 2020.9 0.00712615 0.0105012 0.00199039
0.00120537 4850 2021.9 0.0010637 -0.0151026 -0.00896613
0.000628808 4860 2022.9 -0.00295665 0.0212808 -0.00492013
0.000604658 4870 2023.9 0.0012521 0.0146351 0.00220125
0.00107089 4880 2024.9 0.0133117 0.0108479 0.00669362
0.00072497 4890 2025.9 0.00589868 0.0330794 -0.000922807
0.000678893 4900 2026.9 -0.0071465 0.00308131 -0.00463658
0.000687256 4910 2027.9 0.00463205 0.0259159 0.0110279
0.000741095 4920 2028.9 0.00425077 -0.0225516 -0.00740255
0.000897952 4930 2029.9 0.0132129 0.0220169 0.0256174
0.00118535 4940 2030.9 0.00293399 0.0363961 -0.00288659
0.000695684 4950 2031.9 0.00262666 0.0178235 -0.00696323
0.000750839 4960 2032.9 0.00662235 -0.0153533 -0.00471158
0.000725477 4970 2033.9 0.0257348 0.0114864 0.00810269
0.000582555 4980 2034.9 -0.00181132 0.00780749 -0.00503602
0.000889744 4990 2035.9 0.00149092 0.0247298 -0.00188091
0.000712984 5000 2036.9 -0.0109834 0.0034128 -0.00207497
0.000927023 5010 2037.9 0.0130109 0.0196759 0.000133947
0.00123504 5020 2038.9 0.00843092 0.0163252 0.00737282
0.000793112 5030 2039.9 0.00135142 -0.0179052 -0.0130964
0.00109624 5040 2040.9 0.00790888 0.0128164 0.00222916
0.000605521 5050 2041.9 0.000154367 0.014402 0.00794215
0.00187999 5060 2042.9 0.0116422 0.0120099 0.00902378
0.000568281 5070 2043.9 0.00122094 -0.00320232 -0.00220774
0.000661728 5080 2044.9 0.00266903 0.0389598 -0.0365793
0.00116681 5090 2045.9 0.00650269 0.0125324 0.00557628
0.00120883 5100 2046.9 0.00399554 -0.0113774 0.0053334
0.00137206 5110 2047.9 0.00537014 0.00376057 0.00582949
0.00132302 5120 2048.9 0.0062173 0.00697396 -0.0351832
0.000792696 5130 2049.9 0.0152981 -0.0270668 -0.00797371
0.000640082 5140 2050.9 -0.00633245 0.0329537 -0.00207563
0.00077818 5150 2051.9 0.00527636 0.0171126 0.00832711
0.000914967 5160 2052.9 0.00212972 0.024678 0.00902552
0.00120933 5170 2053.9 -0.00113733 0.00762363 -0.0113817
0.000902426 5180 2054.9 0.0152926 -0.00412314 -0.0101199
0.00102659 5190 2055.9 0.0167518 0.0127831 0.0125236
0.00078819 5200 2056.9 0.00425372 -0.0153689 -0.00890888
0.00117767 5210 2057.9 0.00551143 0.0185332 0.000737873
0.000509627 5220 2058.9 0.00703749 -0.00846014 -0.00746551
0.000838633 5230 2059.9 0.0242727 -0.0122214 0.020941
0.00089039 5240 2060.9 0.0036424 0.013248 -0.0130679
0.000865608 5250 2061.9 0.00884566 0.0157397 0.000866994
0.00106703 5260 2062.9 0.00585273 0.0110359 -0.017588
0.000851519 5270 2063.9 -0.00278936 0.0140365 -0.00719068
0.000674807 5280 2064.9 0.00673258 -0.0122223 -0.0146724
0.000590631 5290 2065.9 -0.00204456 0.0142131 -0.00642206
0.000806929 5300 2066.9 0.00247864 0.00338491 -0.000763541
0.00109852 5310 2067.9 0.00263058 -0.000151975 -0.00217416
0.000469656 5320 2068.9 0.0512503 0.0143105 0.0609895
0.000628797 5330 2069.9 0.00548859 -0.0157758 -0.0070979
0.00092645 5340 2070.9 0.019032 0.0219234 -0.00158879
0.000967976 5350 2071.9 0.000290276 -0.00681298 0.00514299
0.00116482 5360 2072.9 0.00243536 0.015963 0.00487623
0.00082635 5370 2073.9 0.00791693 0.017099 0.00585377
0.000842256 5380 2074.9 0.0011283 0.00487796 -0.0185664
0.00101447 5390 2075.9 0.00403233 0.00745027 -0.00425031
0.000730892 5400 2076.9 -0.0266603 -0.015243 0.0207226
0.000681426 5410 2077.9 0.0221695 0.0225243 0.0125007
0.00080918 5420 2078.9 0.0101409 0.0218308 0.00695736
0.00119838 5430 2079.9 0.00344812 -0.014322 -0.00123492
0.000629767 5440 2080.9 0.00555314 -0.000697123 0.00489649
0.00093896 5450 2081.9 0.00126089 0.0133317 -0.0001253
0.000839722 5460 2082.9 0.0145274 -0.000248425 -0.00731723
0.00103007 5470 2083.9 0.00309856 -0.0166618 -0.00161937
0.00079212 5480 2084.9 0.00842407 0.00893555 0.00841247
0.000889808 5490 2085.9 0.00420557 0.0173623 0.00390763
0.000593351 5500 2086.9 0.00216682 0.0115154 0.00220587
0.00079571 5510 2087.9 0.00713649 -0.0140236 -0.00779723
0.00120619 5520 2088.9 0.0048475 0.000364978 0.00485592
0.00112289 5530 2089.9 0.0108496 -0.0157522 -0.0135168
0.000788814 5540 2090.9 0.00908279 0.0059268 0.00904688
0.000685636 5550 2091.9 0.00307665 0.0177895 -0.00226634
0.000826956 5560 2092.9 0.00120135 0.00515559 -0.00762768
0.000961807 5570 2093.9 0.00374864 -0.0138872 -0.0698517
0.00108243 5580 2094.9 0.00241961 0.00358164 -0.0124494
0.000971604 5590 2095.9 0.000833165 0.0033426 0.00357943
0.000671284 5600 2096.9 0.00613428 -0.0186259 -0.0121722
0.00141032 5610 2097.9 0.00882606 0.0135732 0.0171283
0.0102141 5620 2098.9 -0.0318944 -0.00490262 0.0058745
0.000845235 5630 2099.9 0.0180718 -0.00847503 0.00686815
0.000873017 5640 2100.9 -0.0033769 0.0324243 -0.0112197
0.000572143 5650 2101.9 0.00630605 -0.00139059 -0.0481889
0.000833276 5660 2102.9 -0.0048124 0.0100137 -0.00107372
0.000681802 5670 2103.9 -0.00167524 0.0176305 -0.0057482
0.000720374 5680 2104.9 0.00493008 -0.0244611 -0.0102897
0.00056632 5690 2105.9 0.00618233 0.0096789 0.000976582
0.00108109 5700 2106.9 0.0101365 -0.00694984 -0.00771923
0.000751737 5710 2107.9 0.00902872 0.0149885 0.0117355
0.00106807 5720 2108.9 0.00190876 0.0175351 0.0119103
0.000668902 5730 2109.9 0.00683335 0.0104943 0.00346989
0.00105024 5740 2110.9 0.00747425 0.00248 0.00376678
0.00106587 5750 2111.9 0.00147042 -0.0104326 -0.0123468
0.0017078 5760 2112.9 0.000943103 0.00684975 0.0114442
0.000314869 5770 2113.9 0.0193728 -0.0152069 -0.00278223
0.000638211 5780 2114.9 0.00364186 -0.0188166 -0.00506047
0.000570398 5790 2115.9 0.00352403 0.0137033 0.00232995
0.000512717 5800 2116.9 0.0114116 -0.0124461 -0.00499974
0.000818284 5810 2117.9 0.0136701 0.0128759 0.00773084
0.000702633 5820 2118.9 0.00623923 0.00260119 0.0141058
0.000578351 5830 2119.9 0.00365635 0.0117481 0.0121405
0.000812542 5840 2120.9 0.0045761 0.00816694 0.00424258
0.000456559 5850 2121.9 0.00288372 0.0140117 0.0159995
0.000660861 5860 2122.9 0.0159315 -0.0289481 -0.00559363
0.00114376 5870 2123.9 0.00253058 0.00913201 0.00602403
0.000860567 5880 2124.9 -0.0213737 -0.00104626 0.0255444
0.00124112 5890 2125.9 0.00241345 0.00259223 0.0041673
0.000621945 5900 2126.9 0.00915718 0.0108592 -0.00185396
0.000329579 5910 2127.9 0.00663356 0.0120819 -0.010256
0.000605656 5920 2128.9 0.00789701 -0.0090743 -0.0116223
0.001005 5930 2129.9 0.00411812 -0.00492767 -0.00657049
0.000593377 5940 2130.9 0.00607266 0.0183583 0.00350116
0.000830888 5950 2131.9 0.0123575 0.0206931 0.00299186
0.000639685 5960 2132.9 0.000535362 -0.0162224 0.0157987
0.000837119 5970 2133.9 0.00528738 -0.0121381 -0.00133617
0.000674609 5980 2134.9 0.0203533 0.0126437 0.00955988
0.000601916 5990 2135.9 0.00244456 0.0159913 0.00289431
0.00132916 6000 2136.9 0.00270175 0.00344521 0.007837
0.000695462 6010 2137.9 0.00348773 -0.0183205 -0.00393337
0.000817152 6020 2138.9 0.00274478 0.0227204 0.00148344
0.000512853 6030 2139.9 0.00092207 0.0226094 -0.00391002
0.000724927 6040 2140.9 -0.00306742 0.014876 -0.00138683
0.0006568 6050 2141.9 0.0114434 0.0273258 0.0125341
0.000691772 6060 2142.9 0.00298474 0.0131929 0.0109583
0.000991653 6070 2143.9 -0.00168625 0.0184025 -0.00878562
0.00128937 6080 2144.9 0.00910828 0.0169171 0.00511171
0.000885185 6090 2145.9 -0.00808175 -0.00475103 0.0044332
0.00112617 6100 2146.9 0.00467579 0.0246452 0.0029973
0.000564016 6110 2147.9 0.00484021 0.0224583 0.00263081
0.000629717 6120 2148.9 0.0141852 -0.0151628 -0.00638859
0.00068744 6130 2149.9 0.00721629 -0.00301376 -8.82295e-05
0.000879976 6140 2150.9 0.00911839 0.00516885 -0.00671646
0.00076329 6150 2151.9 -0.00271079 0.0061484 -0.00645226
0.000938854 6160 2152.9 0.0032241 -0.0043595 -0.00537327
0.00205008 6170 2153.9 0.00566934 0.0133274 0.0130888
0.000945384 6180 2154.9 -0.00431334 -0.0060568 0.00521018
0.000871001 6190 2155.9 0.00301833 0.0210229 0.00575337
0.0011323 6200 2156.9 0.0050834 -0.00385941 -0.00200063
0.00149634 6210 2157.9 0.00210648 0.00827149 0.00562333
0.00102431 6220 2158.9 0.00380429 0.000600141 0.00378203
0.000473164 6230 2159.9 0.00662777 0.0125817 0.00620466
0.00125534 6240 2160.9 0.00318591 0.00239973 -0.0100408
0.000657166 6250 2161.9 0.00419761 0.00890941 0.0180661
0.000744135 6260 2162.9 0.0053069 -0.00263041 -0.00315888
0.00115143 6270 2163.9 0.0161308 0.0125661 0.0172784
0.000618939 6280 2164.9 0.00310254 -0.0119593 -0.00197808
0.000806627 6290 2165.9 -0.00386897 0.00219202 -0.000455105
0.000802703 6300 2166.9 0.00356764 -0.0207669 -0.00432374
0.00244917 6310 2167.9 -0.00337416 -0.00132674 0.00589527
0.0010409 6320 2168.9 0.0212209 -0.00690614 -0.0286205
0.00156019 6330 2169.9 -0.0129931 -0.00257053 0.00577539
0.000907183 6340 2170.9 -0.0061335 0.0143126 -0.00165006
0.000808154 6350 2171.9 -0.00157708 0.0194146 -0.00724508
0.00060481 6360 2172.9 0.00328736 0.00374257 0.00759511
0.000644596 6370 2173.9 0.00121851 -0.0216577 -0.00315659
0.00108239 6380 2174.9 0.00772922 -0.00306316 0.0189703
0.000693234 6390 2175.9 0.000454005 -0.002538 -0.014018
0.000540178 6400 2176.9 0.00939434 -0.011088 0.00644342
0.00136885 6410 2177.9 0.0130061 0.0190686 0.00360324
0.000898414 6420 2178.9 0.0202112 -0.0213295 -0.0142779
0.000951183 6430 2179.9 0.0291451 0.0286124 0.0370859
0.00100493 6440 2180.9 0.00835967 0.0155549 -0.00258576
0.000724964 6450 2181.9 0.00129941 0.00371467 -0.00350436
0.000754531 6460 2182.9 0.000315626 0.0108673 0.00870353
0.00528544 6470 2183.9 0.0134972 -0.14881 -0.00433711
0.000676515 6480 2184.9 0.00783087 0.0216271 0.0119495
0.00453586 6490 2185.9 0.00248882 -0.0601515 0.0570224
0.000943881 6500 2186.9 0.00988222 0.0261253 0.0086929
0.000779019 6510 2187.9 0.00262442 0.00934815 -0.0010412
0.000502053 6520 2188.9 0.00800619 -0.0125412 -0.00911248
0.000694324 6530 2189.9 0.00228492 0.00807048 0.00587455
0.000860604 6540 2190.9 0.00625025 -0.0132757 -0.00253071
0.00040626 6550 2191.9 0.00437224 0.00916988 0.00692305
0.000524862 6560 2192.9 0.0120733 0.000603292 0.0156272
0.00126387 6570 2193.9 0.00380277 0.0198326 0.00984601
0.000951261 6580 2194.9 0.00411337 0.0149399 0.00340592
0.00100296 6590 2195.9 0.000104203 0.0159833 0.000181786
0.00107432 6600 2196.9 0.00921796 0.0197055 -0.00408368
0.000855564 6610 2197.9 0.0089232 0.0139323 0.0121376
0.000901741 6620 2198.9 0.0274032 0.0120517 0.0245654
0.00078629 6630 2199.9 0.00810332 0.0077071 0.00514589
0.000650833 6640 2200.9 0.0013869 0.0407711 -0.00293187
0.000627518 6650 2201.9 0.0091248 -0.0128482 -0.0205514
0.000626671 6660 2202.9 -0.000440064 0.016801 -0.0063766
0.00109798 6670 2203.9 0.0257251 0.0355235 0.0324019
0.000497697 6680 2204.9 0.00909501 -0.00722146 -0.00281516
0.00102798 6690 2205.9 0.00323082 0.0170358 -0.00884773
0.00067365 6700 2206.9 -0.00178928 0.0209736 -0.00999832
0.00115502 6710 2207.9 0.00251581 0.00404893 -0.000219387
0.000848467 6720 2208.9 0.0101562 0.0174929 -0.0379831
0.00125313 6730 2209.9 0.00379586 0.0107808 -0.00460263
0.00113669 6740 2210.9 0.00285694 0.00755137 -4.85785e-05
0.00114281 6750 2211.9 0.00223895 0.022679 -0.00924057
0.000926021 6760 2212.9 0.0161506 0.0225033 -0.00679722
0.00131378 6770 2213.9 0.00571522 -0.0116243 -0.00229724
0.000681747 6780 2214.9 0.00504719 0.0278862 0.00209447
0.00130818 6790 2215.9 0.00216495 0.00418769 0.00925203
0.000850754 6800 2216.9 0.00421631 0.0255124 0.000855647
0.000994397 6810 2217.9 0.00852147 0.00244246 0.00021773
0.00101313 6820 2218.9 0.00378909 -0.00311197 -0.00513587
0.00132424 6830 2219.9 0.00679952 0.0137241 -0.00234728
0.00124166 6840 2220.9 0.0110118 0.00353274 0.0106105
0.000912823 6850 2221.9 0.0110919 0.01165 0.0188899
0.00062734 6860 2222.9 -0.000939567 0.01641 -0.00683011
0.00100811 6870 2223.9 0.0230407 -0.00365062 -0.0373632
0.000599821 6880 2224.9 0.00118227 0.0183121 0.00634043
0.000500933 6890 2225.9 0.0108513 -0.00401619 -0.00841931
0.000603863 6900 2226.9 0.00384194 0.0270266 0.00411292
0.000794702 6910 2227.9 -0.00176245 0.00999316 -0.00896391
0.000980976 6920 2228.9 0.00368798 -0.0168649 -0.00334981
0.00119272 6930 2229.9 0.0202085 0.0268796 0.0282359
0.00052024 6940 2230.9 0.0117237 -0.016698 -0.00479117
0.000961397 6950 2231.9 0.00448374 0.0192584 0.000868188
0.000878522 6960 2232.9 0.00742784 0.00751176 0.00442506
0.000747862 6970 2233.9 0.00434973 0.0140644 0.00872204
0.00113061 6980 2234.9 0.0165114 0.0138199 0.0108183
0.000863397 6990 2235.9 0.0125284 0.0183746 0.013479
0.000587808 7000 2236.9 0.00964825 -0.00372719 -0.0162994
0.000960514 7010 2237.9 0.0120564 0.0100518 0.0125842
0.000771886 7020 2238.9 0.00577962 -0.0120566 -0.00340934
0.000965037 7030 2239.9 0.00263645 0.0126925 0.0055253
0.000999048 7040 2240.9 -0.00226002 0.0187478 -0.00616078
0.000713685 7050 2241.9 0.0178481 -0.0121224 -0.0229444
0.000745133 7060 2242.9 0.00938221 -0.010768 -0.00754259
0.0011607 7070 2243.9 0.00883876 0.027516 0.0113407
0.000801008 7080 2244.9 0.0293644 -0.0270272 0.00917253
0.000751227 7090 2245.9 0.00918368 0.0136978 0.0115929
0.00110684 7100 2246.9 0.00754341 -0.00794617 -0.00144785
0.000776278 7110 2247.9 0.00399623 0.0107734 0.00329978
0.000859122 7120 2248.9 -0.000283488 0.0137886 -0.00624061
0.000733008 7130 2249.9 0.00162553 -0.00789443 -0.00283678
0.000796314 7140 2250.9 0.0110498 0.00884198 0.0213465
0.0010119 7150 2251.9 0.00218887 -0.0166229 -0.00255539
0.000651027 7160 2252.9 0.0106123 0.0315587 0.0114021
0.000559386 7170 2253.9 0.000122776 0.0139158 -0.00252604
0.000866973 7180 2254.9 0.00307606 0.0079768 0.00912916
0.000835085 7190 2255.9 0.00203382 -0.0213642 -0.00220051
0.0010223 7200 2256.9 0.00348839 0.0130997 0.00696705
0.000478151 7210 2257.9 0.00132773 -0.0167959 -0.000252707
0.00119347 7220 2258.9 0.0173783 0.00276062 0.00943182
0.000483862 7230 2259.9 0.00363533 0.0194308 0.00638259
0.00067458 7240 2260.9 0.0127232 -0.0129078 -0.0210459
0.000958322 7250 2261.9 -0.00179149 0.0169071 -0.00633141
0.000695368 7260 2262.9 0.0184462 -0.00465662 0.00822457
0.00054741 7270 2263.9 0.0110056 0.0264412 0.0166455
0.00132788 7280 2264.9 0.00496448 0.018764 0.00050921
0.00104113 7290 2265.9 0.0104885 0.00303892 -0.00702767
0.00128165 7300 2266.9 0.00795951 0.00553037 -0.0036858
0.000869961 7310 2267.9 0.00021133 0.0157127 -0.00306552
0.000672087 7320 2268.9 0.00575099 0.019636 0.00708138
0.000847894 7330 2269.9 0.0248701 0.021482 0.0302581
0.00122672 7340 2270.9 0.00379553 0.0118233 0.00777709
0.000893387 7350 2271.9 0.00284164 0.0246377 -0.00489803
0.000925312 7360 2272.9 0.00025513 7.21363e-05 0.00367766
0.00102125 7370 2273.9 -0.0147079 -0.000914138 0.00600384
0.000906716 7380 2274.9 0.00298091 0.0218431 0.00837797
0.00144183 7390 2275.9 0.017666 0.00190032 0.0149695
0.000802282 7400 2276.9 0.00770186 0.0165498 0.00136702
0.00119337 7410 2277.9 0.00771393 0.0185187 -0.00493358
0.00088294 7420 2278.9 0.000572242 0.0190419 0.01195
0.000650172 7430 2279.9 0.00602543 0.0147279 -0.000229932
0.0010316 7440 2280.9 7.63603e-05 0.0237615 -0.00413395
0.000596781 7450 2281.9 0.00742172 0.01148 0.004949
0.000928561 7460 2282.9 0.00252663 0.00591364 -0.00535771
0.000502692 7470 2283.9 0.00693605 -0.0118879 -0.00195943
0.000874668 7480 2284.9 0.000199256 -0.0128529 -0.00465312
0.00116141 7490 2285.9 0.00771226 0.00111564 0.0182084
0.000708801 7500 2286.9 -0.0136829 0.000691038 -6.82855e-05
0.000952974 7510 2287.9 0.0263215 0.0176232 -0.0187659
0.000537439 7520 2288.9 -0.0119896 0.0285248 -0.00189881
0.000811352 7530 2289.9 0.000397628 -0.00122267 0.00714971
0.000636324 7540 2290.9 0.00524925 -0.0153403 -0.0014236
0.000894854 7550 2291.9 0.00136377 0.00324629 -0.00659032
0.000607995 7560 2292.9 -0.00266321 0.0115637 -0.00783658
0.000892991 7570 2293.9 0.0136985 -0.0192488 -0.0161461
0.00136549 7580 2294.9 0.00124114 0.0249227 -0.00282757
0.000692895 7590 2295.9 0.00663419 0.018662 0.00272518
0.000435033 7600 2296.9 0.0135793 -0.0255448 -0.00143282
0.000513728 7610 2297.9 0.00600418 0.0242023 0.015003
0.000834251 7620 2298.9 -0.00425307 0.0287472 -0.00058045
0.000672379 7630 2299.9 0.00769955 0.00478021 -0.00169293
0.00076081 7640 2300.9 0.0103923 0.0293114 0.0277385
0.00136566 7650 2301.9 0.00114538 0.0115664 0.00142483
0.00087368 7660 2302.9 0.00927936 0.0150338 0.0103198
0.000828689 7670 2303.9 0.00475387 0.00375893 0.015313
0.000693893 7680 2304.9 0.00609238 0.0278041 -0.0662882
0.00129403 7690 2305.9 0.00511915 -0.012118 -0.0168
0.00110049 7700 2306.9 -0.00554766 -0.00681367 0.0107951
0.000835578 7710 2307.9 0.0385885 -0.0428064 0.0129225
0.000725415 7720 2308.9 0.00537236 0.0105391 0.0078028
0.000858494 7730 2309.9 0.0273791 0.0123298 0.0652885
0.000733767 7740 2310.9 0.0054297 -0.00157819 -0.00510248
0.000598572 7750 2311.9 -0.182181 -0.0370989 0.11958
0.00102829 7760 2312.9 -0.00111204 -0.00203491 0.00887712
0.000962868 7770 2313.9 -5.90076e-05 0.0115638 -0.00600261
0.000741882 7780 2314.9 0.00705467 0.0181732 0.00520763
0.000695783 7790 2315.9 0.00533543 0.0245371 -0.00407555
0.00112405 7800 2316.9 0.00209447 0.0291318 0.00944042
0.00054267 7810 2317.9 -0.00283107 0.0119835 -0.00635732
0.000775129 7820 2318.9 0.00600693 -0.0251622 -0.00439635
0.000949786 7830 2319.9 0.0102497 0.00857286 0.0195824
0.00103541 7840 2320.9 -0.00296081 0.00953658 -0.000533657
0.000590375 7850 2321.9 0.0030801 0.0180608 0.00633988
0.000800473 7860 2322.9 0.00213107 -0.00543453 -0.0010572
0.000983158 7870 2323.9 0.0340914 0.0564648 0.121108
0.000779226 7880 2324.9 3.82431e-05 -0.000259637 0.00441946
0.000866674 7890 2325.9 0.01285 -0.00264366 -0.000399023
0.0012232 7900 2326.9 -0.00285833 0.0025113 -0.00644588
0.000302435 7910 2327.9 0.00398314 -0.0131808 -0.0270353
0.000691334 7920 2328.9 -0.00066545 0.0199438 -0.00625014
0.00094467 7930 2329.9 0.00713129 0.0172173 -0.00043754
0.000484279 7940 2330.9 0.0165217 -0.00160307 -0.0256802
0.000877896 7950 2331.9 0.00549668 0.0120185 0.0144972
0.00079585 7960 2332.9 0.00601821 -0.0166131 -0.00902645
0.000577877 7970 2333.9 0.00186443 0.0130384 0.00507759
0.000901572 7980 2334.9 0.00217818 0.015809 0.00739179
0.000835406 7990 2335.9 -5.72292e-05 0.0171026 -0.00841372
0.000931249 8000 2336.9 0.0163635 0.00214682 0.00806806
0.000900684 8010 2337.9 0.0101107 0.00979503 0.00134821
0.000872422 8020 2338.9 0.00894067 0.0161687 0.00118214
0.000963702 8030 2339.9 -0.00111131 0.0135357 -0.00391241
0.000667973 8040 2340.9 -0.00148959 0.0217915 -0.00432781
0.00044318 8050 2341.9 0.0010534 0.0197508 0.00576969
0.000552253 8060 2342.9 0.0092622 0.0163954 0.000305111
0.000788035 8070 2343.9 0.000196569 0.0125635 0.00903433
0.000911384 8080 2344.9 0.00428358 0.0133341 0.00536404
0.000659426 8090 2345.9 0.0120181 0.00164452 0.00454244
0.00076206 8100 2346.9 0.005946 0.0136017 -0.00214851
0.000619875 8110 2347.9 0.00244832 -0.020936 -0.00445096
0.000889276 8120 2348.9 0.00393455 0.016811 -0.00648265
0.000660049 8130 2349.9 0.01276 -0.00873903 -0.0166418
0.00104336 8140 2350.9 0.00110932 0.0148861 0.00905772
0.000666017 8150 2351.9 0.0074953 -0.00872034 -0.00040256
0.00051714 8160 2352.9 0.00440254 -0.0204686 -0.00351583
0.001018 8170 2353.9 0.012962 0.00553956 0.000661697
0.00119802 8180 2354.9 0.0144825 -0.00141078 0.00754016
0.000948354 8190 2355.9 -0.00634431 0.00139792 -0.0014023
0.000728706 8200 2356.9 0.00640733 -0.0125589 -0.00124392
0.00798376 8210 2357.9 0.0125686 0.0197877 0.0165101
0.000798974 8220 2358.9 0.00798718 -0.0205128 -0.00613067
0.000881542 8230 2359.9 0.00390037 0.0153215 -0.00438726
0.000528524 8240 2360.9 -0.0443903 -0.00539079 0.0179325
0.00116445 8250 2361.9 -0.00106748 0.0110822 -0.00432013
0.000421079 8260 2362.9 0.00710284 0.0172299 0.00222069
0.00104521 8270 2363.9 0.00307476 0.0193173 -0.0105767
0.000667182 8280 2364.9 0.00409544 0.00239795 -0.00349504
0.000838039 8290 2365.9 0.0012431 0.0102936 0.00182876
0.000840265 8300 2366.9 0.00305027 0.00990704 0.0146071
0.00112601 8310 2367.9 -0.00451221 0.0125081 -0.00688295
0.00101406 8320 2368.9 0.0929106 0.00761548 0.123185
0.000548374 8330 2369.9 -0.000242189 0.0119806 -0.00326525
0.000793821 8340 2370.9 -0.00151686 0.0130736 -0.000632217
0.00143942 8350 2371.9 0.00251762 0.00181291 0.0239118
0.000789495 8360 2372.9 -0.00171354 0.0192642 -0.00324946
0.00087874 8370 2373.9 0.00128834 -0.00998391 -0.00890437
0.000845771 8380 2374.9 0.00795785 -0.00873291 -0.00426143
0.00102206 8390 2375.9 -0.00575106 0.0146864 -0.00215295
0.000842538 8400 2376.9 0.0141169 -0.00961757 -0.0282963
0.000848391 8410 2377.9 0.00115122 0.0247554 -0.00427688
0.000643041 8420 2378.9 0.00500992 -0.0183853 -0.00395086
0.00109522 8430 2379.9 0.00740197 -0.00109717 0.00718202
0.00070494 8440 2380.9 0.00354679 0.0119221 0.00203953
0.000750391 8450 2381.9 0.00113666 -0.00394456 -0.0031798
0.000663594 8460 2382.9 0.00458816 0.0192574 0.00706058
0.000441349 8470 2383.9 -0.00219131 0.00155303 -0.001045
0.0009154 8480 2384.9 0.00215506 0.0205188 0.00129765
0.000794581 8490 2385.9 0.0132167 0.00740429 0.00841071
0.000824282 8500 2386.9 0.00784957 -0.0100403 -0.000257413
0.000845369 8510 2387.9 -0.00510939 0.0213806 -0.00557657
0.000762924 8520 2388.9 -0.00641921 0.0258741 -0.00523719
0.00177518 8530 2389.9 -0.00462055 0.00628628 -0.00776444
0.000733021 8540 2390.9 0.0176412 0.0135652 0.00376598
0.000693129 8550 2391.9 0.00812448 0.0155309 0.0018459
0.000831619 8560 2392.9 0.00372214 0.0134209 0.0118482
0.000652797 8570 2393.9 0.00213614 0.00171504 0.00256234
0.00065954 8580 2394.9 -0.00396008 0.00128132 -0.00271054
0.00119164 8590 2395.9 0.00595974 0.014381 0.00373423
0.00097809 8600 2396.9 0.016276 0.00485218 7.65246e-05
0.000726675 8610 2397.9 -4.93811e-06 0.0289933 -0.00811653
0.000743372 8620 2398.9 0.011169 0.0281381 0.0229283
0.000503351 8630 2399.9 0.00286219 0.0137705 0.00978084
0.000910564 8640 2400.9 0.00732742 -0.026991 -5.45426e-05
0.000764573 8650 2401.9 0.0144693 -0.000684665 0.00296575
0.000668209 8660 2402.9 0.00043832 -0.00990589 -0.00762936
0.000834566 8670 2403.9 -0.00208807 0.0014894 -0.0193598
0.00102352 8680 2404.9 -0.00242263 -0.00640576 0.00233662
0.00100076 8690 2405.9 -0.00211394 0.00754236 -0.00102908
0.000800211 8700 2406.9 0.00429102 0.0125818 0.0073937
0.000636894 8710 2407.9 0.00327526 0.0241523 0.00330815
0.000709042 8720 2408.9 0.00927105 0.0148638 0.00540028
0.00077459 8730 2409.9 -0.00527305 0.0202884 -0.00211573
0.00159124 8740 2410.9 -0.00550823 -0.0130614 0.000921547
0.0010266 8750 2411.9 0.00587878 -0.019968 -0.00650413
0.00119152 8760 2412.9 0.0209753 -0.00971842 -0.0227441
0.000728716 8770 2413.9 -0.000743325 0.00900788 -0.00483695
0.000713172 8780 2414.9 0.00513029 -0.0229391 -0.00204792
0.000782691 8790 2415.9 0.00315464 0.0105163 0.000929433
0.0010174 8800 2416.9 0.00984121 0.0107393 0.0156682
0.00101349 8810 2417.9 0.010305 0.0154311 0.00846467
0.00107505 8820 2418.9 0.00520946 0.000153833 0.00171128
0.00198354 8830 2419.9 0.00567661 0.0108475 0.00288406
0.000913716 8840 2420.9 0.0170835 0.0148894 -0.00680964
0.000643001 8850 2421.9 0.00108576 0.0170914 -0.00195996
0.00102423 8860 2422.9 0.00525959 0.012611 0.00466806
0.000909714 8870 2423.9 0.0027793 0.0167441 -0.00128679
0.000454242 8880 2424.9 0.00242849 0.00558317 -0.00150343
0.000953581 8890 2425.9 0.0014535 -0.0122595 -0.00524248
0.000912581 8900 2426.9 0.00389669 0.0362188 -0.00327477
0.000821407 8910 2427.9 0.0125336 -0.00609603 -0.0106593
0.000407464 8920 2428.9 0.0149632 0.0240566 0.0203762
0.000682453 8930 2429.9 0.000513468 0.0131161 0.00784588
0.000568422 8940 2430.9 0.00010278 0.0158716 0.00562781
0.000591665 8950 2431.9 0.00358888 0.00916739 0.0188203
0.000951144 8960 2432.9 0.0077707 -0.00434861 -0.00103443
0.000851401 8970 2433.9 0.00703883 0.000848652 -0.00804493
0.000602178 8980 2434.9 0.0205424 -0.0202289 -0.0127563
0.0016115 8990 2435.9 0.00517955 0.00745956 0.00725917
0.00148236 9000 2436.9 0.00325216 -0.00929831 -0.0197055
0.000742059 9010 2437.9 0.00302516 0.0234173 0.00697701
0.00083443 9020 2438.9 0.0108695 0.00739138 0.0244568
0.000892839 9030 2439.9 0.00069933 -0.0124868 -0.0103297
0.000977775 9040 2440.9 -0.035008 -0.00542682 0.0369717
0.00107961 9050 2441.9 0.0165053 0.0163653 0.015237
0.000693049 9060 2442.9 0.00706673 0.00200032 0.0402132
0.000851114 9070 2443.9 0.0105442 0.0186674 0.0226061
0.0011083 9080 2444.9 0.00958799 -0.0092748 -0.00745083
0.00035881 9090 2445.9 0.00861442 0.0111341 0.00632443
0.000867912 9100 2446.9 0.0101902 0.0260066 0.00128488
0.00105525 9110 2447.9 0.00259242 0.0137511 0.0149075
0.000755781 9120 2448.9 0.00380043 0.0117745 0.0010689
0.000975697 9130 2449.9 0.0031436 -0.0172897 -0.00148825
0.000694561 9140 2450.9 0.000960354 0.00593195 0.00130258
0.000776469 9150 2451.9 0.00359509 0.00673798 0.00282825
0.00117946 9160 2452.9 0.00777636 0.0326671 -0.0864347
0.000608199 9170 2453.9 0.00493302 0.0217029 -0.00529198
0.000638082 9180 2454.9 0.0270108 0.00782149 0.0147509
0.00126068 9190 2455.9 0.0072201 -0.0102683 -0.00189379
0.00103224 9200 2456.9 0.0181089 0.0156209 -0.00704815
0.00102116 9210 2457.9 0.0147807 0.0248234 0.025803
0.000711079 9220 2458.9 0.000147032 0.0185303 -0.000174102
0.00055376 9230 2459.9 0.00378602 0.00829329 0.00339199
0.000695162 9240 2460.9 0.00118847 0.017131 0.0090888
0.000818897 9250 2461.9 -0.00115583 0.0156626 -0.0101418
0.00124962 9260 2462.9 0.000698959 -0.00306199 0.0043791
0.000633928 9270 2463.9 0.00261585 -0.00649431 -0.00664059
0.00090567 9280 2464.9 0.000439178 0.0243047 0.00556788
0.00082959 9290 2465.9 -0.00782318 -0.0103507 0.0033767
0.000610542 9300 2466.9 -0.0923214 -0.0150998 0.0698945
0.00718286 9310 2467.9 0.0118736 0.0972666 0.0340615
0.000845585 9320 2468.9 -0.00139958 0.0169811 -4.7929e-05
0.000882464 9330 2469.9 0.0105912 0.0134879 0.00644887
0.000626999 9340 2470.9 0.00491075 0.0355017 -0.000625079
0.00134385 9350 2471.9 -7.54993e-06 0.00720945 -0.00744583
0.00080926 9360 2472.9 0.0347894 0.00615712 0.000835662
0.001377 9370 2473.9 0.00649985 0.0210176 0.0129675
0.000963964 9380 2474.9 0.00312046 -0.00612954 -0.00654546
0.00117216 9390 2475.9 0.0197714 0.0214876 0.00554063
0.00134846 9400 2476.9 0.00342714 -0.00864912 0.00737331
0.000749905 9410 2477.9 0.000608947 0.0159997 0.0191897
0.000752585 9420 2478.9 0.00889532 -0.0137966 -0.0164278
0.000820873 9430 2479.9 -0.00181434 0.013659 -0.0150726
0.000866944 9440 2480.9 0.00349725 -0.000285138 -0.0143308
0.00107477 9450 2481.9 0.00812968 0.028086 0.0284207
0.000772153 9460 2482.9 0.00210962 0.0235421 -0.00208952
0.000541804 9470 2483.9 0.0185035 0.0171307 0.0319555
0.00104565 9480 2484.9 0.00774377 0.0227102 -0.0042876
0.000819376 9490 2485.9 0.0030266 0.0065538 0.00782951
0.000862805 9500 2486.9 -0.00256469 0.0182577 -0.00771509
0.000720346 9510 2487.9 0.00542145 -0.0107786 -0.00338552
0.000747202 9520 2488.9 0.0026769 0.0193448 0.00536461
0.000739947 9530 2489.9 0.00537992 0.00506147 0.00305485
0.0006669 9540 2490.9 0.002497 0.0291244 0.00651108
0.00093179 9550 2491.9 0.00181848 0.0131478 0.00572388
0.00104603 9560 2492.9 0.00198369 -0.0112497 -0.00331306
0.000946895 9570 2493.9 0.0132258 0.018385 0.0193344
0.000615122 9580 2494.9 -0.00952735 -0.00548257 0.00808833
0.00107019 9590 2495.9 0.00766088 -0.020815 -0.0161021
0.000754069 9600 2496.9 0.0355688 0.0135194 0.0278105
0.000511641 9610 2497.9 0.004986 0.0254412 0.00150389
0.000872511 9620 2498.9 0.0145526 -0.0181315 -0.0154857
0.000743198 9630 2499.9 0.00506161 0.0407962 -0.00462326
0.000935307 9640 2500.9 0.00716202 -0.0107696 -0.00551003
0.000811975 9650 2501.9 0.00644402 0.0151921 0.00815681
0.00732138 9660 2502.9 0.000898693 0.00334707 0.0165996
0.000876092 9670 2503.9 0.00353593 0.0177476 0.00510446
0.000983316 9680 2504.9 0.0024423 0.0152372 0.00681432
0.00128406 9690 2505.9 0.0111409 0.0217466 -0.0106124
0.000413907 9700 2506.9 -0.00390271 0.0101384 -0.000280932
0.00128151 9710 2507.9 0.0026769 0.00106611 -0.00107724
0.0078137 9720 2508.9 0.00976164 0.0157692 0.0110652
0.000808185 9730 2509.9 0.0265951 0.00483579 0.0162581
