0.000521341 10 561.2 0.00841684 0.0163081 0.0110711
0.000602867 20 562.199 0.00566939 0.0297917 0.0152742
0.000876358 30 563.2 0.00056836 0.00906983 -0.000937143
0.000750337 40 564.199 0.000322148 0.0146021 0.00264573
0.000644747 50 565.2 -0.013394 0.0180201 -0.00510051
0.000447415 60 566.2 0.0117282 -0.0340535 0.0115971
0.00062786 70 567.199 0.00150885 0.0161301 0.00888239
0.000820509 80 568.2 0.01158 -0.00652884 -0.00578741
0.000970215 90 569.2 0.00551099 0.00581589 0.0146181
0.00146658 100 570.199 0.00430244 0.010381 0.0112375
0.000988462 110 571.2 -0.00330248 0.0227303 -0.0189086
0.00125284 120 572.2 0.00869634 0.00568712 0.000739585
0.000697823 130 573.2 0.0358959 0.0230139 0.0809882
0.000984888 140 574.2 0.0176118 -0.0159645 -0.0206009
0.000659579 150 575.199 0.00534793 0.0074462 0.000575403
0.000630793 160 576.2 -0.00137276 0.0284064 -0.00421689
0.000580243 170 577.199 0.0103182 0.0141969 0.00875456
0.000570663 180 578.199 0.00329894 0.0194483 0.00774583
0.000823043 190 579.199 0.0101186 0.013811 0.0138376
