0.179377 10 561.2 0.143888 -0.0174804 0.00385152
0.145606 20 562.199 0.172423 -0.0542922 -0.150688
0.0746097 30 563.2 0.233739 -0.0266588 -0.0532599
0.160358 40 564.199 0.168933 -0.00439338 -0.0191857
0.107001 50 565.2 0.152203 0.0256274 0.129333
0.0717811 60 566.2 0.191825 0.058185 -0.0144676
0.076688 70 567.199 0.218971 0.098977 0.0156015
0.112857 80 568.2 0.155748 0.0268464 0.0370966
0.120881 90 569.2 0.178282 0.0728994 0.120322
0.0661348 100 570.199 0.2852 -0.018173 -0.0507311
0.135846 110 571.2 0.182394 0.100693 0.0848781
0.151238 120 572.2 0.199037 0.0169535 -0.00700371
0.0520067 130 573.2 0.0321995 0.00442613 0.585451
0.103098 140 574.2 0.16658 -0.160813 0.0700947
0.158305 150 575.199 0.179181 -0.0493269 -0.148859
0.0741375 160 576.2 0.215079 0.0449287 0.0899775
0.0387845 170 577.199 0.204381 0.0756154 0.111259
0.180835 180 578.199 0.18933 -0.038841 -0.184964
0.035715 190 579.199 0.230901 0.0380067 0.070872
