0.00028025 10 561.2 0.0433533 0.0239016 0.072279
0.000376201 20 562.199 0.0293856 0.00176365 -0.0613994
0.00126193 30 563.2 0.00601356 0.0165527 0.0174205
0.000592657 40 564.199 0.00109277 -0.0116749 -0.00277235
0.000326257 50 565.2 0.00856124 0.0614984 0.0140769
0.000564862 60 566.2 -0.00283821 0.0104812 -0.00241518
0.00043743 70 567.199 0.00398337 -0.0153591 -0.00599836
0.000795399 80 568.2 0.000718887 0.0194508 0.0142166
0.000864711 90 569.2 0.0591297 -0.0135164 -0.0754577
0.00148812 100 570.199 0.0139257 0.0168291 0.0270475
0.00072954 110 571.2 -0.00350171 0.0171301 -0.0302699
0.000805826 120 572.2 0.024683 -0.00657273 -0.0288378
0.000736389 130 573.2 0.0308465 -0.0559011 0.0989705
0.000687908 140 574.2 0.0527463 -0.0110892 -0.0661695
0.000303397 150 575.199 0.023644 -0.0631041 0.193322
0.000660792 160 576.2 0.043715 -0.0124582 -0.0593024
0.000348254 170 577.199 0.00401766 0.0157118 0.00446242
0.000435884 180 578.199 0.0158763 0.0193999 0.0285272
0.000565778 190 579.199 0.00892829 0.0129136 0.0120317
