0.11007 10 327.099 0.176157 -0.0584668 -0.175848
0.140046 20 328.1 0.134142 -0.110946 -0.246725
0.0960703 30 329.099 -0.00208097 0.0214111 -0.518545
0.124146 40 330.099 0.127688 -0.110682 -0.270131
0.146419 50 331.099 0.143276 -0.083992 -0.177375
0.108795 60 332.1 0.198453 -0.151019 -0.257252
0.0448633 70 333.1 0.222441 -0.00613937 -0.0729948
0.071292 80 334.1 0.103366 -0.14089 -0.296515
0.110415 90 335.1 0.206429 -0.0900538 -0.122575
0.159673 100 336.1 0.0152462 0.129567 -0.428854
0.155964 110 337.1 0.199779 -0.0978016 -0.166891
