0.00261806 10 327.099 0.000926437 0.0241257 0.00677305
0.00112104 20 328.1 0.00210855 0.0173507 0.0142901
0.000922854 30 329.099 0.00119497 0.0154458 0.0129058
0.000788085 40 330.099 0.00195713 0.0350006 0.00799011
0.00149088 50 331.099 0.0034253 0.0117043 0.016275
0.000975677 60 332.1 0.00261212 0.0304049 0.00338464
0.000991404 70 333.1 0.000740553 -0.0263208 -0.00528243
0.000899441 80 334.1 0.00444272 0.00485053 0.00965668
0.000837203 90 335.1 0.00314995 0.0217533 0.00479796
0.00435216 100 336.1 0.00337589 -0.00659018 0.0180498
0.00211835 110 337.1 0.00533753 0.0221037 0.00846649
