0.00411034 10 3152.5 0.00798765 0.00916223 -0.00482261
0.000663484 20 3153.5 0.00780988 0.0323649 -0.00124543
0.00513885 30 3154.5 0.00718224 -0.0128082 -0.011333
0.00562764 40 3155.5 0.00787582 0.0208319 -0.000331517
0.00383947 50 3156.5 0.0357423 0.0173412 0.119687
0.00629963 60 3157.5 0.00490803 -0.0172316 -0.0162115
0.00494883 70 3158.5 0.00578636 0.01746 0.00397287
0.00109351 80 3159.5 0.00678117 0.0178269 -0.00483244
0.00112048 90 3160.5 0.00578903 0.012076 -0.00576766
0.00628077 100 3161.5 0.00692472 -0.0175884 -0.00577648
0.00119307 110 3162.5 0.00556411 0.016954 0.00340417
0.00236618 120 3163.5 0.00306198 0.0113325 -0.00102494
0.00539114 130 3164.5 0.00689854 0.0147968 0.00696215
0.000835267 140 3165.5 0.00311703 0.0123351 0.00597895
0.00452832 150 3166.5 0.00222214 -0.0264263 0.011865
0.00120605 160 3167.5 0.00881007 -0.0322453 0.0109978
0.00233427 170 3168.5 0.00602423 0.0101863 -0.0030975
0.00355021 180 3169.5 0.00537208 0.0243258 0.00519072
0.0027209 190 3170.5 0.0085548 0.0170372 -0.00390808
0.00486556 200 3171.5 0.0143871 -0.00274992 -0.0174562
0.00521805 210 3172.5 0.00388159 0.0164231 0.00963773
0.00112999 220 3173.5 0.00768465 0.00832747 -0.00592432
0.0011557 230 3174.5 0.00714319 0.0283165 0.00446566
0.00822713 240 3175.5 0.00676156 0.0320516 0.0186761
0.00547655 250 3176.5 0.00872125 -0.0136092 -0.00922343
0.00675883 260 3177.5 0.00674146 0.033454 0.00406864
0.00471104 270 3178.5 0.00273579 -0.0399468 -0.0102215
0.00892144 280 3179.5 -0.00455106 0.0232465 -0.019841
0.00638186 290 3180.5 0.010545 -0.0166498 -0.0127425
0.00251859 300 3181.5 0.00239924 0.023126 -0.00628496
0.00323456 310 3182.5 0.00695307 0.0291755 -0.0203091
0.0114987 320 3183.5 0.00963838 -0.0181343 0.00209645
0.00106241 330 3184.5 0.00780632 0.0223981 0.0070871
0.00755484 340 3185.5 0.00488284 0.0158357 0.0037293
0.00184983 350 3186.5 0.0095018 -0.00922504 0.0128991
0.000985407 360 3187.5 0.0225987 -0.00766739 -0.0155277
0.00741085 370 3188.5 0.00941719 -0.0226294 -0.00501208
0.00108588 380 3189.5 0.00628391 0.00866014 -0.00342518
0.00256964 390 3190.5 0.012793 -0.0012849 0.0044531
0.00202504 400 3191.5 0.00756018 0.0252794 -0.00298391
0.00779137 410 3192.5 0.0103982 0.0125161 0.00908504
0.00314106 420 3193.5 0.00779076 0.0143814 -0.00333763
0.00235901 430 3194.5 0.0119833 -0.0260075 0.0143646
0.00187947 440 3195.5 0.00533539 0.0185491 0.00593731
0.00822918 450 3196.5 0.0132487 -0.0217655 -0.0128374
0.00551513 460 3197.5 0.00728497 0.0670635 0.0128573
0.00525939 470 3198.5 0.00438524 0.0363364 0.00312969
0.00503544 480 3199.5 0.0107912 0.00713022 0.002103
0.00203015 490 3200.5 0.0062909 0.00628214 -4.99138e-06
0.000933576 500 3201.5 0.0108963 -0.00323313 0.017067
0.00645101 510 3202.5 0.00620375 -0.00586432 -0.0148947
0.00594058 520 3203.5 0.00594345 -0.0344365 -0.00717036
0.00125404 530 3204.5 0.00447025 0.0359447 0.0050235
0.00582236 540 3205.5 0.0131572 -0.0167536 0.0137851
0.00190293 550 3206.5 0.00529764 -0.0380884 0.0271837
0.0010607 560 3207.5 0.0155495 -0.00881607 -0.000765871
0.00124204 570 3208.5 0.0112505 -0.00320596 0.0195281
0.0022504 580 3209.5 0.00996518 0.00625551 -0.00973633
0.00789268 590 3210.5 0.00547288 0.016353 0.0207688
0.00439379 600 3211.5 0.00833839 -0.0197718 0.00139937
0.00068003 610 3212.5 0.0063344 0.0195827 -0.00370761
0.00455411 620 3213.5 0.00959956 -0.0297896 0.0141236
0.00695872 630 3214.5 0.00727941 -0.00246424 -0.0134429
0.0118114 640 3215.5 0.0181255 -0.0339241 0.0141026
0.00271116 650 3216.5 0.00506821 -0.0186747 0.011637
0.00170743 660 3217.5 0.00929066 0.0122062 0.00574232
0.00184047 670 3218.5 0.00424174 0.0117924 -0.00440082
0.00137705 680 3219.5 0.00564927 0.00998064 0.00114244
0.00216095 690 3220.5 0.00750969 -0.0105152 0.0116145
0.00274275 700 3221.5 0.00810765 0.0154123 -0.000767673
0.00561041 710 3222.5 0.0140061 0.00649354 -0.00481997
0.00375996 720 3223.5 0.00141427 0.0660642 0.0187403
0.00082861 730 3224.5 0.00656308 0.0127016 -0.00219029
0.00193001 740 3225.5 0.00686326 0.0214069 0.00166195
0.00479112 750 3226.5 0.00726272 0.0161464 -0.0059285
0.00162952 760 3227.5 0.0132011 -0.00252409 0.00423737
0.00280039 770 3228.5 0.0158057 -0.00980197 0.011057
0.00280381 780 3229.5 0.00140915 0.0641501 0.00548707
0.00132615 790 3230.5 0.0167681 0.00243894 0.0172613
0.00176397 800 3231.5 0.00767613 0.0326741 0.00388211
0.0114082 810 3232.5 0.0159755 -0.00474289 0.0158694
0.00415451 820 3233.5 0.00864961 -0.0226017 -0.0136219
0.00137331 830 3234.5 0.00540189 0.00669689 0.00447857
0.00532564 840 3235.5 0.0116255 -0.018062 -0.00428728
0.00793776 850 3236.5 0.00713234 0.00979787 0.0101104
0.00378787 860 3237.5 0.00956804 -0.00997872 0.000579015
0.00219111 870 3238.5 0.00632378 0.00613297 -0.00377887
0.00336448 880 3239.5 0.00492683 0.0288645 0.00149703
0.0057981 890 3240.5 0.00514892 0.0109429 0.0130767
0.00206887 900 3241.5 0.000221173 -0.00379855 0.0115186
0.00590759 910 3242.5 0.00482912 0.0291514 0.00421791
0.00214524 920 3243.5 0.00724443 0.00632318 0.0117286
0.00512513 930 3244.5 0.00782057 0.0239699 0.00307607
0.00105987 940 3245.5 0.00443522 0.00694484 -0.00257888
0.00548511 950 3246.5 0.0136157 -0.020807 -0.00852324
0.00147017 960 3247.5 0.0111245 -0.00926502 0.00943312
0.00083883 970 3248.5 0.0068447 0.00810127 0.0145443
0.0113102 980 3249.5 0.0102373 -0.0220553 -0.0126454
0.000910833 990 3250.5 0.00630343 0.0142458 0.00152529
0.0059225 1000 3251.5 0.00932445 -0.0198633 0.00293733
0.0107918 1010 3252.5 0.00744404 -0.00699003 -0.00228663
0.00256185 1020 3253.5 0.00493157 0.00819691 0.00847441
0.00232112 1030 3254.5 0.0079237 -0.000219003 -0.0105207
0.0107639 1040 3255.5 0.0131073 -0.0120569 0.0328773
0.00583901 1050 3256.5 0.0079173 0.0220552 -0.00453265
0.00494695 1060 3257.5 0.010881 0.0188798 0.00713499
0.0104322 1070 3258.5 0.00536184 -0.00763638 -0.00327715
0.00399092 1080 3259.5 0.0126733 -0.0114376 0.00458512
0.00119372 1090 3260.5 0.00504175 0.00827551 0.0104652
0.00383609 1100 3261.5 0.00835425 0.0481847 -0.0118476
0.00561323 1110 3262.5 0.00837281 0.0247947 0.00584666
0.00209093 1120 3263.5 0.00641566 -0.000329457 0.00914255
0.00464881 1130 3264.5 0.00510563 0.0267381 0.00698404
0.00142489 1140 3265.5 0.0123526 -0.00242483 -0.0231106
0.00272434 1150 3266.5 0.00416157 0.0282842 0.00281174
0.00124103 1160 3267.5 0.00643331 0.0136749 0.0107546
0.00156935 1170 3268.5 0.00914834 -0.0244795 0.0112222
0.00218091 1180 3269.5 0.000681247 0.0227659 0.0176083
0.00800397 1190 3270.5 0.00536566 -0.00182151 0.01753
0.00287845 1200 3271.5 0.0108133 -0.0120156 -0.00824155
0.00147867 1210 3272.5 0.00522635 0.0254647 0.00192398
0.00155987 1220 3273.5 0.00652889 0.0221073 -0.00256983
0.0049489 1230 3274.5 0.00410949 -0.00795431 0.0144005
0.00112679 1240 3275.5 0.00235212 0.0160945 0.0174422
0.00471571 1250 3276.5 0.0217084 0.00917143 -0.0275712
0.00408298 1260 3277.5 0.00607971 -0.0325937 -0.00162663
0.00936147 1270 3278.5 0.00962103 -0.0253783 -0.0118592
0.00144127 1280 3279.5 0.0058107 0.0159369 0.00908067
0.0062109 1290 3280.5 0.00998005 -0.0468231 -0.00498944
0.00228869 1300 3281.5 0.0164743 0.0265695 0.0184003
0.00584291 1310 3282.5 0.00705518 0.0209951 0.0212072
0.00170719 1320 3283.5 0.00723256 0.0218392 0.00132083
0.0064335 1330 3284.5 0.0131924 -0.054513 -0.016434
0.00784251 1340 3285.5 0.00857066 -0.0354803 -0.00500738
0.00355982 1350 3286.5 0.0105652 -0.0301067 -0.00669991
0.00225702 1360 3287.5 0.00193661 0.0214651 0.0101159
0.00105029 1370 3288.5 0.00418031 0.0137664 0.00483144
0.00241957 1380 3289.5 0.0100549 0.0110909 -0.00184083
0.00167028 1390 3290.5 0.00673634 0.0200207 0.0028203
0.00102379 1400 3291.5 0.0252071 0.10345 0.0100375
0.000762599 1410 3292.5 0.00910713 0.0128549 -0.00144565
0.00940165 1420 3293.5 0.0151653 -0.0391378 -0.00642454
0.00494937 1430 3294.5 0.00806093 0.00778019 0.00719426
0.00559879 1440 3295.5 0.0145808 -0.0483804 -0.00421574
0.00606547 1450 3296.5 0.013086 0.027215 -0.0418175
0.00234405 1460 3297.5 0.00442822 0.0369135 -0.00178262
0.0060927 1470 3298.5 0.00396072 0.0621267 0.00215068
0.00457895 1480 3299.5 0.00494173 -0.0458335 -0.0136367
0.00278593 1490 3300.5 0.01817 -0.0390234 -0.016535
0.00747385 1500 3301.5 0.00497903 -0.0171385 0.00810778
0.00677009 1510 3302.5 0.00537911 0.0277264 -0.00109787
0.000544383 1520 3303.5 0.00547513 0.0273279 0.00626144
0.000969108 1530 3304.5 0.0133142 -0.00353517 -0.0423831
0.00391171 1540 3305.5 0.0140419 -0.0456838 0.0203136
0.00357686 1550 3306.5 0.00880591 0.0171033 0.0105332
0.00338642 1560 3307.5 0.00258587 0.0251681 0.00826713
0.00296468 1570 3308.5 0.0148984 -0.0228872 0.0172235
0.00334954 1580 3309.5 0.00684006 0.0189423 0.00290778
0.00123283 1590 3310.5 0.00967378 0.00356332 -0.000122935
0.00183728 1600 3311.5 0.00346066 0.0146403 -0.00735274
0.00680656 1610 3312.5 0.00907307 -0.00537369 0.000887079
0.00335921 1620 3313.5 0.00674335 0.0120951 0.00382732
0.00185426 1630 3314.5 0.00644334 0.00986686 0.00976614
0.00513924 1640 3315.5 0.00943023 0.0200764 -0.00321166
0.0041222 1650 3316.5 0.00769898 0.00412369 0.00536412
0.0025242 1660 3317.5 0.011728 -0.0299374 0.0168417
0.00181479 1670 3318.5 0.00353722 0.0128978 0.0119468
0.00395846 1680 3319.5 0.0277844 -0.057506 -0.0118103
0.000927161 1690 3320.5 -0.000154394 0.0118097 -0.0127054
0.00269367 1700 3321.5 -0.00116448 0.0704994 -0.0139493
0.00253874 1710 3322.5 0.0184002 0.0248811 0.127907
0.00660594 1720 3323.5 0.0111644 -0.00426815 0.0122439
0.00394961 1730 3324.5 0.00457728 0.0189581 -0.00105905
0.00147431 1740 3325.5 0.00841372 0.0377253 0.0164439
0.00310429 1750 3326.5 0.00859319 0.00784692 0.00790435
0.00129228 1760 3327.5 0.00688343 0.00848378 0.0101305
0.00256897 1770 3328.5 0.00396772 0.0517019 0.00413199
0.00133184 1780 3329.5 0.00562238 -0.0411334 0.0301812
0.00249888 1790 3330.5 0.00548825 0.0105914 0.00495046
0.00200287 1800 3331.5 0.00643949 0.0250577 0.00135303
0.00136558 1810 3332.5 0.00644855 0.0149791 0.00287634
0.00538535 1820 3333.5 0.00902483 -0.0328253 0.000862641
0.00235368 1830 3334.5 0.00499199 0.0213917 -0.000476127
0.00236134 1840 3335.5 0.00282324 0.0589515 -0.0120161
0.00435003 1850 3336.5 0.00592371 0.022492 2.66135e-05
0.00246198 1860 3337.5 0.00607674 0.0482678 0.00531171
0.0149149 1870 3338.5 0.00602419 0.0330284 0.00297909
0.00565342 1880 3339.5 0.00765679 -0.0138676 0.00253521
0.00295807 1890 3340.5 0.00980964 -0.0161668 0.00203476
0.00491894 1900 3341.5 0.0049313 0.0352999 0.00500357
0.00256298 1910 3342.5 0.00639228 -0.0119951 0.0108392
0.00151561 1920 3343.5 0.00719577 0.0161167 0.0103889
0.00485817 1930 3344.5 0.00730975 0.0519897 -0.00531691
0.00956126 1940 3345.5 0.00680662 -0.00895249 0.000785823
0.00110024 1950 3346.5 0.0045864 0.0348205 0.0062969
0.00135823 1960 3347.5 0.00697626 0.00922448 0.00507604
0.00339768 1970 3348.5 0.00515633 -0.0123915 0.0208162
0.00278456 1980 3349.5 0.00205025 -0.0333852 -0.00837127
0.000873958 1990 3350.5 0.00956419 0.0336392 0.0380829
0.00585794 2000 3351.5 0.00598357 0.0489418 0.00834119
0.00711554 2010 3352.5 0.0113285 -0.0157717 0.00532786
0.00332906 2020 3353.5 0.00525994 -0.00045546 0.0034124
0.00770451 2030 3354.5 0.00649897 0.022019 -0.00165089
0.00586309 2040 3355.5 0.0068717 -0.014077 0.0124485
0.00392231 2050 3356.5 0.00713314 0.0219964 0.00258389
0.00380862 2060 3357.5 -0.00944703 0.0508728 -0.033078
0.0165659 2070 3358.5 0.00322672 0.0388491 0.0298
0.00237963 2080 3359.5 0.00783525 -0.000905153 0.00197702
0.00774301 2090 3360.5 0.0136228 -0.0107968 0.0125761
0.000622179 2100 3361.5 0.00540149 0.00796164 0.00126835
0.00591423 2110 3362.5 0.0116097 -0.0113626 -0.00289962
0.00109593 2120 3363.5 0.00723542 0.0191294 -0.0118862
0.00317405 2130 3364.5 0.012524 0.0249068 -0.00414226
0.0060115 2140 3365.5 0.00968742 -0.0223888 0.00776935
0.00215706 2150 3366.5 0.0113716 0.0084318 -0.000442218
0.0029384 2160 3367.5 0.010027 -0.020204 0.00408984
0.00430739 2170 3368.5 0.00499812 0.0205009 -0.00220062
0.00639913 2180 3369.5 0.00747624 0.000587537 0.0123655
0.00301115 2190 3370.5 0.0127647 -0.0405239 0.0050325
0.0075347 2200 3371.5 0.00881005 0.0252076 0.000364998
0.00502306 2210 3372.5 0.00415247 0.0164283 -0.00095736
0.00196729 2220 3373.5 0.00544452 0.0605512 -0.013436
0.00415861 2230 3374.5 0.01835 -0.0340483 -0.0117653
0.00147035 2240 3375.5 0.00650043 0.00806434 -0.00227245
0.00107749 2250 3376.5 0.0131076 -0.00328894 0.00622338
0.00530458 2260 3377.5 0.00660749 -0.0083986 -0.00504982
0.00340527 2270 3378.5 0.00577562 0.0245741 -0.00222835
0.00201557 2280 3379.5 0.00693644 0.0181176 -0.0145022
0.00446017 2290 3380.5 0.0120203 0.0150675 -0.0110301
0.00594458 2300 3381.5 0.0092008 -0.0215215 -0.000746493
0.00398218 2310 3382.5 0.00935172 0.0260648 0.010966
0.00168856 2320 3383.5 0.00603958 -0.0158045 0.00301548
0.00707703 2330 3384.5 0.00598261 0.0307303 -0.00109945
0.00296879 2340 3385.5 0.00848089 -0.0342171 -0.0111128
0.00379359 2350 3386.5 0.0106158 0.0203283 0.00306524
0.00509034 2360 3387.5 0.00780471 0.0145265 0.00694216
0.00123351 2370 3388.5 -0.000126254 0.0113562 -0.0127929
0.00556502 2380 3389.5 0.00426102 0.0407645 -0.00199022
0.00131732 2390 3390.5 0.00684723 0.0109407 0.00426183
0.00513625 2400 3391.5 0.00723259 -0.0313153 0.0101351
0.00107911 2410 3392.5 0.00112106 0.023155 0.0199243
0.00245413 2420 3393.5 0.00925716 0.0050048 -0.00151542
0.00492707 2430 3394.5 0.00395867 0.021255 0.0082954
0.00144528 2440 3395.5 0.00817799 0.0245233 -0.00845733
0.00392582 2450 3396.5 0.0113306 -0.0288579 -0.0051863
0.00383383 2460 3397.5 0.00797178 0.0243402 -0.00097129
0.00102065 2470 3398.5 0.00014702 -0.0110129 -0.0127133
0.00261934 2480 3399.5 0.00545927 0.0261662 -0.00380302
0.00201492 2490 3400.5 0.00654526 0.0225314 0.0116468
0.00170155 2500 3401.5 0.0156419 -0.000356172 0.0179045
0.00327851 2510 3402.5 0.00521059 0.0205061 0.00526492
0.00096839 2520 3403.5 0.00618406 0.0250121 0.0137463
0.00688196 2530 3404.5 0.0144182 0.045724 0.00696309
0.00266415 2540 3405.5 0.00527995 0.0392357 -0.00455639
0.00409616 2550 3406.5 0.00348305 0.0172603 0.00158322
0.00183269 2560 3407.5 0.00562512 0.0167284 -0.00397961
0.00360783 2570 3408.5 0.0116185 -0.0358328 0.004128
0.00150975 2580 3409.5 0.00579665 0.00446594 0.0130787
0.00315727 2590 3410.5 0.0132758 -0.000899555 -0.00820787
0.00173942 2600 3411.5 0.0140762 0.00725805 0.000405235
0.00594259 2610 3412.5 0.00579069 0.0340885 -0.00104106
0.000723538 2620 3413.5 0.00587316 0.0177033 0.010426
0.00372649 2630 3414.5 0.00770162 0.0169249 0.00625945
0.00268835 2640 3415.5 0.0091536 0.01389 0.0112778
0.00148717 2650 3416.5 0.0047869 0.00476954 0.012658
0.000841951 2660 3417.5 0.00287144 0.0105469 -0.00736464
0.000826189 2670 3418.5 0.00454853 0.0280697 -0.017201
0.00512861 2680 3419.5 0.0110883 -0.0104038 -0.00589702
0.00152611 2690 3420.5 0.00546275 -0.00265423 -0.0032086
0.00285768 2700 3421.5 0.00935938 -0.00912424 0.0109371
0.00225407 2710 3422.5 0.00633154 -0.00299656 0.00050162
0.00194026 2720 3423.5 0.00769593 0.00934977 0.0139398
0.00165427 2730 3424.5 0.011792 -0.0247494 0.00793338
0.00227945 2740 3425.5 0.00394536 0.0199033 -0.00859554
0.00524768 2750 3426.5 0.0153304 0.0295297 0.0236242
0.00525344 2760 3427.5 0.00810928 -0.0200744 0.00982747
0.00623602 2770 3428.5 0.00613259 0.0280587 0.00392427
0.00313887 2780 3429.5 0.00888312 -0.032227 0.011396
0.00796242 2790 3430.5 0.0262154 -0.0547767 -0.0107607
0.00726725 2800 3431.5 -0.003458 0.0152677 -0.0410893
0.00210874 2810 3432.5 0.0121656 -0.0109866 0.00799424
0.00783877 2820 3433.5 0.00457197 0.0250482 0.00125125
0.00222928 2830 3434.5 0.00457227 0.0279808 0.00558086
0.00423658 2840 3435.5 0.00648777 0.0252722 -0.00451833
0.00757323 2850 3436.5 0.00486301 -0.0147573 -0.00346142
0.000493005 2860 3437.5 0.00876071 0.0294337 0.00864138
0.00175027 2870 3438.5 0.00631279 0.0218453 0.000778386
0.00110667 2880 3439.5 -0.00187852 0.0288554 -0.0281305
0.00153711 2890 3440.5 0.0055338 0.0279972 0.0146907
0.00170567 2900 3441.5 0.00353966 0.0130626 0.00994427
0.000888751 2910 3442.5 0.00228727 0.015835 -0.00690676
0.00112766 2920 3443.5 0.0070545 0.00929788 0.0076893
0.00503275 2930 3444.5 0.00777798 -0.00248448 0.00130395
0.00416018 2940 3445.5 0.00758312 0.0278799 0.0302098
0.00167908 2950 3446.5 0.0027426 0.042697 0.00909284
0.00354424 2960 3447.5 0.00562072 0.0361882 -0.0041663
0.0161286 2970 3448.5 0.00342982 0.0723391 0.00297426
0.00131332 2980 3449.5 0.00786946 -0.00641476 0.00460759
0.00362237 2990 3450.5 0.00745915 0.0115968 -0.00555581
0.00145463 3000 3451.5 0.00551387 0.0172763 0.00588092
0.00150125 3010 3452.5 0.00427524 0.0115783 0.00434734
0.00215992 3020 3453.5 0.0105241 -0.0288255 0.0125822
0.00418349 3030 3454.5 0.00716772 0.0709394 0.0131958
0.00318498 3040 3455.5 0.00661637 -0.0403575 0.000497583
0.000806536 3050 3456.5 0.00593944 -0.0221448 0.00067725
0.00499468 3060 3457.5 0.00573945 0.0232194 0.00445774
0.00164098 3070 3458.5 0.0035412 0.011291 -0.00241621
0.00413333 3080 3459.5 0.00842238 0.019704 -0.00187716
0.00165774 3090 3460.5 0.00376982 0.00933949 0.0103369
0.00354379 3100 3461.5 0.0176206 -0.0213086 -0.0150156
0.00449593 3110 3462.5 0.00712858 0.0316435 0.0123144
0.00210831 3120 3463.5 0.00111874 0.0431044 0.00924589
0.0031807 3130 3464.5 0.0042128 0.0240063 0.00814235
0.0024753 3140 3465.5 0.0103503 -0.0162503 0.0194464
0.00680609 3150 3466.5 0.010775 -0.0193717 0.00421707
0.00443769 3160 3467.5 0.0033178 0.0424457 -0.00559102
0.00466128 3170 3468.5 0.0051045 0.0396454 0.00862458
0.00396064 3180 3469.5 0.012589 0.0747873 0.00442733
0.00255827 3190 3470.5 0.00325094 0.0303211 0.0101591
0.00243738 3200 3471.5 0.00645609 -0.0315367 0.00920983
0.00547802 3210 3472.5 0.0183373 -0.0234106 -0.0242229
0.00750029 3220 3473.5 0.0038112 0.0353847 -0.00184333
0.000805151 3230 3474.5 0.00433732 0.0122727 0.00603145
0.0029506 3240 3475.5 0.00901399 0.0183604 -0.000284455
0.00220207 3250 3476.5 0.00666619 0.0218053 0.00769582
0.00132384 3260 3477.5 0.00670032 0.0328337 -0.00828687
0.00430541 3270 3478.5 0.0111834 -0.0427742 0.00716448
0.00533718 3280 3479.5 0.00616338 0.019664 -0.00272852
0.00329591 3290 3480.5 0.0177443 -0.0463696 0.00026456
0.00496904 3300 3481.5 0.00594952 -0.0145431 0.0019684
0.00201119 3310 3482.5 0.00541372 0.00483849 0.0070638
0.0119335 3320 3483.5 0.00453119 0.0349181 -0.00382088
0.00227455 3330 3484.5 0.00567768 0.0268185 0.00524924
0.00206454 3340 3485.5 0.0184181 -0.00509302 -0.0275917
0.00452269 3350 3486.5 0.00778702 0.003471 -0.00123988
0.00620448 3360 3487.5 0.011801 -0.0230438 -0.0171966
0.00357955 3370 3488.5 0.00915418 0.0108621 -0.00133035
0.00124854 3380 3489.5 0.00440188 0.0184667 -0.00720762
0.00366511 3390 3490.5 0.00929767 -0.0135477 0.00325505
0.00117856 3400 3491.5 0.0048198 0.0277754 0.00101223
0.00432303 3410 3492.5 0.00850106 0.0161343 0.00209563
0.00193801 3420 3493.5 0.00227861 -0.0441461 0.0273216
0.00534137 3430 3494.5 0.0195899 -0.0380176 -0.0155277
0.000741947 3440 3495.5 0.00752799 0.0278637 -0.00744263
0.00340328 3450 3496.5 0.00577358 0.0259271 -0.000160517
0.006163 3460 3497.5 0.00325127 0.0570705 0.00750313
0.00348838 3470 3498.5 0.00540729 -0.0538103 -0.00752483
0.00161411 3480 3499.5 0.00203564 0.0295592 0.00198641
0.000878471 3490 3500.5 0.00463539 0.0115683 0.0033207
0.00213226 3500 3501.5 0.0134629 -0.00881949 4.05376e-05
0.00165889 3510 3502.5 0.00938353 -0.0103016 0.0198456
0.00563792 3520 3503.5 0.0136314 -0.0475842 -0.000274608
0.00211339 3530 3504.5 0.00751883 0.0140057 0.00439954
0.00447573 3540 3505.5 0.00243822 0.0773791 0.013677
0.00335693 3550 3506.5 0.0020847 0.0116654 0.000333526
0.00298963 3560 3507.5 0.00592704 -0.0197086 0.0135363
0.00520706 3570 3508.5 0.00971225 -0.00167995 -0.00564703
0.00214259 3580 3509.5 0.00475559 0.0170788 0.00878055
0.00329912 3590 3510.5 0.00549304 0.0125565 0.00219784
0.00502602 3600 3511.5 0.00293306 -0.0369897 -0.00951911
0.00343982 3610 3512.5 0.0159245 -0.0115908 0.00154915
0.00153254 3620 3513.5 0.0109062 0.0105905 0.00802
0.00132702 3630 3514.5 0.00660333 0.034149 -0.00810264
0.00677376 3640 3515.5 0.0146803 -0.0114236 -0.0151148
0.00137964 3650 3516.5 0.00980656 0.00170341 0.00402186
0.00428959 3660 3517.5 0.0182229 -0.0418124 -0.021693
0.000701019 3670 3518.5 0.0037337 0.0104512 0.0164041
0.00050698 3680 3519.5 0.0146711 0.018206 0.0303568
0.00649355 3690 3520.5 0.00884992 0.00628515 0.0106607
0.00472275 3700 3521.5 0.00824148 -0.00772032 -0.00230645
0.00440117 3710 3522.5 0.0308064 0.0256536 0.0982846
0.00389228 3720 3523.5 0.00238082 0.0673034 0.000940836
0.00127531 3730 3524.5 0.00552259 0.0325869 0.00119616
0.00262484 3740 3525.5 0.0141335 0.00358883 0.012383
0.00446026 3750 3526.5 0.0064528 0.036717 0.000977006
0.0016735 3760 3527.5 0.00796674 0.0382766 0.0316406
0.010304 3770 3528.5 0.00680469 0.0268889 0.0170125
0.0043058 3780 3529.5 0.00940169 -0.00523434 -0.00935048
0.00122206 3790 3530.5 0.0227 -0.0157668 -0.0317926
0.00252206 3800 3531.5 0.000706679 -0.0205433 0.0190618
0.00565158 3810 3532.5 0.00587748 0.0576796 0.00490635
0.00447666 3820 3533.5 0.00575517 0.0160234 0.00421813
0.000596236 3830 3534.5 0.017545 0.0320116 -0.0312751
0.00220771 3840 3535.5 0.0108855 -0.0140626 0.0115794
0.00925961 3850 3536.5 -2.87349e-05 0.0277896 -0.0359771
0.0106296 3860 3537.5 0.011199 -0.013747 0.00469177
0.0010419 3870 3538.5 0.00758679 0.0127141 0.000837246
0.003349 3880 3539.5 0.010014 -0.0299158 0.0106609
0.00552641 3890 3540.5 0.00766394 -0.0205768 0.00351927
0.000674477 3900 3541.5 0.00754598 0.00845338 -0.0033553
0.00448576 3910 3542.5 0.00969939 0.0216711 0.00114475
0.00214345 3920 3543.5 0.0078515 0.014174 0.00141689
0.0021989 3930 3544.5 0.00804947 -0.0242992 0.00830678
0.00926043 3940 3545.5 0.0049356 0.0235107 -0.0024973
0.00146167 3950 3546.5 0.00478295 0.0160507 -0.00410744
0.004339 3960 3547.5 0.00563235 0.00124266 0.00913318
0.00554508 3970 3548.5 0.00698789 0.0799759 -0.00370637
0.00847697 3980 3549.5 0.0128679 -0.0117942 -0.0116394
0.000712884 3990 3550.5 -0.00316538 0.0242208 -0.0163142
0.00356189 4000 3551.5 0.0206591 -0.0351132 -0.0199183
0.00174202 4010 3552.5 0.002362 0.0132437 -0.00366646
0.0100291 4020 3553.5 0.0113543 0.00849707 0.0167418
0.00298866 4030 3554.5 0.0111888 -0.0236278 0.00696106
0.00648039 4040 3555.5 0.0072061 0.0177673 -0.000106442
0.00337221 4050 3556.5 0.0120075 -0.0364814 -0.02494
0.0018093 4060 3557.5 0.00388202 0.0197151 -0.00759365
0.000574144 4070 3558.5 0.00462209 0.0101447 -0.00206194
0.0079462 4080 3559.5 0.00584378 -0.0293558 -0.0179547
0.00227886 4090 3560.5 0.0114678 0.012728 0.0299847
0.0051722 4100 3561.5 0.0108471 0.0172216 -0.00222303
0.00623373 4110 3562.5 0.013828 -0.0312162 0.0252449
0.00584256 4120 3563.5 0.00775349 0.0159768 -0.00394848
0.00783586 4130 3564.5 0.0104869 -0.0102917 0.00377956
0.00243104 4140 3565.5 0.00535254 0.000516029 0.0152133
0.00503726 4150 3566.5 0.0114654 -0.0166487 0.00193894
0.00464168 4160 3567.5 0.0098434 0.00266049 0.0200115
0.00620874 4170 3568.5 0.00782435 0.0208473 -0.000968286
0.00218785 4180 3569.5 0.00530342 0.0478453 -0.00378601
0.00127935 4190 3570.5 0.00513183 0.00972354 -0.0065781
0.00635672 4200 3571.5 0.00718408 -0.00219672 0.0159267
0.0198014 4210 3572.5 0.00452463 -0.0436875 0.00276547
0.00273011 4220 3573.5 0.0071804 -0.00108913 0.00238294
0.00356505 4230 3574.5 0.00861831 0.00344187 0.00359144
0.00184673 4240 3575.5 0.00322727 0.0166117 -0.00578794
0.00221288 4250 3576.5 0.0024551 0.0324419 0.00215314
0.00190911 4260 3577.5 0.00808694 -0.000761064 -0.00856313
0.00472991 4270 3578.5 0.00578364 0.017919 0.0126735
0.00509625 4280 3579.5 0.00494609 0.0254984 -0.000739444
0.00222097 4290 3580.5 0.00902201 0.0154668 -0.0137935
0.00671322 4300 3581.5 0.00992717 -0.0127815 -0.0109541
0.00612729 4310 3582.5 0.00675744 0.0248674 -0.0280116
0.00321092 4320 3583.5 0.00920495 0.00156229 0.00109852
0.00718015 4330 3584.5 0.00548125 -0.000355661 -0.0137183
0.0023064 4340 3585.5 0.00518558 0.066122 0.00176623
0.000743422 4350 3586.5 0.00536034 0.0263038 -0.00679983
0.00410327 4360 3587.5 0.00811619 -0.0203913 0.00996444
0.00128225 4370 3588.5 0.00962171 0.0321507 -0.00323432
0.00244351 4380 3589.5 0.010011 -0.00733371 0.0129511
0.007489 4390 3590.5 0.0022644 0.0100198 -0.0104021
0.00150622 4400 3591.5 0.00347805 0.0179466 -0.00467526
0.00604835 4410 3592.5 0.00986 0.0155123 0.00988994
0.00375371 4420 3593.5 0.00649694 0.0611556 0.000901434
0.00181145 4430 3594.5 0.00283223 0.0244505 -0.010629
0.00232596 4440 3595.5 0.0080611 0.00448548 0.0138608
0.00378261 4450 3596.5 0.0103548 0.00528124 0.00681307
0.000593613 4460 3597.5 0.00361308 0.0183776 0.00356822
0.00141882 4470 3598.5 0.0196799 0.0232265 0.0048183
0.00618653 4480 3599.5 0.00321248 0.0140237 0.00350513
0.00235783 4490 3600.5 0.00973552 0.0066712 -0.0107232
0.00232158 4500 3601.5 0.00973018 0.0255001 0.00135659
0.00657959 4510 3602.5 0.000914576 0.0302652 -0.00156022
0.0123499 4520 3603.5 0.0109528 0.060108 0.00432425
0.00304824 4530 3604.5 0.00204018 0.0522133 -0.00226895
0.00391715 4540 3605.5 0.00644937 0.0101438 0.00701173
0.00498379 4550 3606.5 0.0105852 -0.0510239 0.00363055
0.00106914 4560 3607.5 0.00851822 0.011616 0.00534176
0.00498933 4570 3608.5 0.00618307 -0.00780141 -6.88624e-06
0.000939807 4580 3609.5 0.00750319 0.0434649 0.00505324
0.00539792 4590 3610.5 0.00454093 0.063159 -0.0056111
0.00327664 4600 3611.5 0.0211394 0.0255633 -0.0238033
0.00174034 4610 3612.5 0.00508802 0.0446338 0.0126325
0.00238652 4620 3613.5 0.00732815 -0.0358668 0.0321164
0.00128748 4630 3614.5 0.00700579 0.00970923 0.0115566
0.000695472 4640 3615.5 0.00479623 0.0134868 0.00313274
0.00309931 4650 3616.5 0.00642608 0.00693035 0.000159453
0.00459305 4660 3617.5 0.00482299 0.0179653 0.0124331
0.00586435 4670 3618.5 0.0064969 0.0267153 -0.000839397
0.00199818 4680 3619.5 0.0087954 0.0238205 0.0109883
0.00747934 4690 3620.5 0.00698498 -0.0138457 -0.0179593
0.00371643 4700 3621.5 0.00821234 0.0559257 0.0185737
0.000364939 4710 3622.5 0.00778852 0.0242733 0.0108768
0.00736524 4720 3623.5 0.00591941 0.0291434 -0.00207261
0.00888503 4730 3624.5 0.00609779 0.00446317 0.00175977
0.00544288 4740 3625.5 0.00645287 0.0204634 -0.00304627
0.00346917 4750 3626.5 0.00373264 0.0575771 0.0177967
0.00124022 4760 3627.5 0.00522938 0.0209244 -0.00249575
0.00807809 4770 3628.5 0.012242 0.0036345 0.0606455
0.0069274 4780 3629.5 0.0146057 -0.0390725 -0.0138102
0.00376888 4790 3630.5 0.00631865 0.0257206 0.00478137
0.00130203 4800 3631.5 0.00549921 -0.00243519 0.00991166
0.00452216 4810 3632.5 0.0063575 -0.0219506 0.0165583
0.00772697 4820 3633.5 0.010529 0.0203597 0.00420507
0.00233084 4830 3634.5 0.0142876 -0.0349309 0.0154591
0.00551561 4840 3635.5 0.0178053 0.0327238 0.0182217
0.00372871 4850 3636.5 0.00938247 -0.0511858 0.0184468
0.00918457 4860 3637.5 0.00899835 -0.0399574 0.00918934
0.00600769 4870 3638.5 -0.00263908 -0.0348665 0.0101337
0.00385101 4880 3639.5 0.00848041 -0.00339437 0.0102071
0.00242945 4890 3640.5 0.00475239 0.0489538 -0.00448036
0.0037936 4900 3641.5 0.00942084 -0.0201518 0.000933792
0.00247167 4910 3642.5 0.00504755 0.0226614 0.00100718
0.0023521 4920 3643.5 0.00524323 0.0263857 0.000557505
0.00646613 4930 3644.5 0.0111584 -0.0311394 0.0120333
0.0012431 4940 3645.5 0.000467665 0.0269473 -0.0109903
0.00385781 4950 3646.5 0.00535511 0.0230081 -0.00483524
0.00708856 4960 3647.5 0.0121947 -0.016235 0.0232265
0.00604149 4970 3648.5 0.00378687 0.0211367 0.00388846
0.0017144 4980 3649.5 0.0128592 0.00442029 0.00397636
0.00361681 4990 3650.5 0.00656394 0.0294325 -0.00350842
0.00612136 5000 3651.5 0.0238027 -0.0551279 -0.0163217
0.00224575 5010 3652.5 0.00808172 -0.000970324 -0.00317554
0.0053465 5020 3653.5 0.0121351 -0.0102639 0.000978247
0.00463395 5030 3654.5 0.00522728 0.0179218 0.00549642
0.00122858 5040 3655.5 0.00458739 0.0152699 0.0158262
0.00768813 5050 3656.5 0.00901383 -0.0209693 0.0123291
0.00644317 5060 3657.5 0.0107432 -0.022803 0.0100895
0.0031747 5070 3658.5 0.00862103 -0.0133185 0.00483778
0.00571917 5080 3659.5 0.0076649 -0.0510765 -0.00736045
0.00672568 5090 3660.5 0.00463071 -0.017662 -0.00501768
0.00374972 5100 3661.5 0.00433686 -0.0197301 0.0302862
0.00164552 5110 3662.5 0.00932591 7.79993e-05 0.0106187
0.0108357 5120 3663.5 0.00861764 -0.0234292 -0.0117174
0.00580004 5130 3664.5 0.00719692 0.0168712 -0.00981365
0.00585335 5140 3665.5 0.00672143 0.00408231 0.00637141
0.00496268 5150 3666.5 0.0107423 -0.035347 -0.00237834
0.00236777 5160 3667.5 0.00382865 0.0377116 0.00100817
0.00537472 5170 3668.5 0.014194 -0.0317105 -0.0013126
0.00739127 5180 3669.5 0.00960668 0.0241265 -0.00521901
0.00317658 5190 3670.5 0.00715051 0.0163192 0.000684767
0.00358706 5200 3671.5 0.00836756 -0.0469087 -0.000831013
0.00434524 5210 3672.5 0.00768119 0.00265824 -0.000957409
0.00710247 5220 3673.5 0.00604244 0.013316 -0.00313913
0.00295767 5230 3674.5 0.0115333 -0.0394374 0.00512
0.000731383 5240 3675.5 0.00579598 0.0312033 0.00155424
0.00537217 5250 3676.5 0.00331093 0.0266435 0.0138071
0.00341969 5260 3677.5 0.00648096 -0.00166226 0.00260306
0.0105504 5270 3678.5 0.0187468 -0.0153164 -0.0226517
0.00291501 5280 3679.5 0.0169647 0.0214617 0.0110181
0.00448079 5290 3680.5 0.0112473 -0.00233103 0.0154067
0.00169451 5300 3681.5 0.00673472 0.0171453 0.00359153
0.0026782 5310 3682.5 0.00802271 -0.00945634 -0.00129602
0.0059312 5320 3683.5 0.00588494 0.0213933 -0.000963358
0.000992385 5330 3684.5 0.0107637 0.0312448 0.0135175
0.00325401 5340 3685.5 0.00360101 -0.00557867 0.0118349
0.00449825 5350 3686.5 0.0100206 -0.056916 0.0338024
0.00324548 5360 3687.5 0.00628376 0.0126737 -0.000272083
0.00766154 5370 3688.5 0.0128737 0.0139029 0.0182123
0.00245379 5380 3689.5 0.0137686 -0.0248442 0.0199041
0.000672178 5390 3690.5 -0.00374562 0.0166864 -0.018049
0.00884172 5400 3691.5 0.00438662 -0.00917536 0.0102669
0.00136767 5410 3692.5 0.00418688 0.0196171 -0.000720015
0.00494411 5420 3693.5 0.00853062 0.0148111 -0.00114699
0.0124876 5430 3694.5 0.0088859 0.0183854 3.6215e-05
0.00136005 5440 3695.5 0.00713825 0.0173792 0.002897
0.00852435 5450 3696.5 0.007255 0.013973 -0.000485945
0.00230288 5460 3697.5 0.0073346 0.0090166 -0.00238487
0.00335431 5470 3698.5 0.0285449 -0.0206748 0.0509086
0.00353525 5480 3699.5 0.0151153 -0.0269666 -0.0134927
0.0026531 5490 3700.5 -0.000742204 -0.0340438 0.00862247
0.00395754 5500 3701.5 0.00411703 0.0250288 -0.000743653
0.00141241 5510 3702.5 0.00953941 0.000212312 0.0119088
0.000987189 5520 3703.5 0.0050715 0.01588 0.000366416
0.0020194 5530 3704.5 0.00292336 0.0237702 0.011985
0.00165241 5540 3705.5 0.00560381 0.00382672 -0.00185026
0.00695881 5550 3706.5 0.00832607 -0.00396092 -0.00599786
0.00659051 5560 3707.5 0.00111629 -0.013075 -0.0123276
0.0107148 5570 3708.5 0.00363101 0.00555226 0.0145207
0.00415773 5580 3709.5 0.00357435 -0.0224038 0.01511
0.00143426 5590 3710.5 0.00826443 0.0287033 0.0442702
0.00443123 5600 3711.5 0.00573933 -0.00635056 0.0069199
0.00539988 5610 3712.5 0.00589367 0.026617 -9.1332e-05
0.00591435 5620 3713.5 0.0125442 -0.0304297 -0.0205917
0.00176931 5630 3714.5 0.0098148 -0.000327597 0.00827328
0.00522338 5640 3715.5 0.00355214 -0.0414539 -0.00188833
0.00322904 5650 3716.5 0.00757402 -0.0137612 0.0143677
0.00315248 5660 3717.5 0.0111962 -0.0176286 -0.000614458
0.00136991 5670 3718.5 0.0124376 0.000232899 -0.00597909
0.00100758 5680 3719.5 0.007114 0.012469 -0.00119904
0.00516225 5690 3720.5 0.00946881 0.0193141 0.00979412
0.00274415 5700 3721.5 0.0111927 -0.0340672 0.011133
0.00147973 5710 3722.5 0.00515639 0.0415414 0.00112627
0.00359859 5720 3723.5 0.005696 -0.00912391 0.010475
0.00452055 5730 3724.5 0.00424147 0.0209959 0.00511276
0.00386035 5740 3725.5 0.00784643 0.014294 0.0047144
0.00300668 5750 3726.5 0.0339832 0.0634299 0.0219764
0.0044605 5760 3727.5 0.00237553 0.0201898 0.00485297
0.00660599 5770 3728.5 0.00438992 0.0310154 -0.00989037
0.00282246 5780 3729.5 0.00404205 0.0221542 -0.010869
0.0061961 5790 3730.5 0.0116838 -0.0225035 0.0148132
0.000686468 5800 3731.5 0.0128921 0.0115478 -0.0341631
0.00182466 5810 3732.5 0.0152715 -0.0219739 0.0192802
0.00365762 5820 3733.5 0.00935299 -0.000420138 0.00579673
0.00117448 5830 3734.5 0.0135362 -0.00169541 -0.0046273
0.00715451 5840 3735.5 0.00882466 0.0190658 -0.00349176
0.0049622 5850 3736.5 0.00640157 0.0324841 0.00570103
0.0015405 5860 3737.5 0.00698564 0.000153091 0.00972094
0.00162163 5870 3738.5 0.00931512 -0.0124081 0.000782468
0.00353746 5880 3739.5 0.00763506 0.0275225 -0.00230094
0.00179935 5890 3740.5 0.0167976 -0.0478959 0.00692977
0.00359703 5900 3741.5 0.00638751 0.0163 -0.00330931
0.00384643 5910 3742.5 0.0144682 -0.0209731 0.0105934
0.00190741 5920 3743.5 -0.0019293 -0.0370253 0.0547991
0.00159124 5930 3744.5 0.00516412 0.0246207 0.0110275
0.0118823 5940 3745.5 0.00402884 0.0237621 -0.00100552
0.00357897 5950 3746.5 0.00917305 -0.0258839 -0.0128348
0.00139372 5960 3747.5 0.00204627 0.0200086 -0.00176941
0.0061281 5970 3748.5 0.00826822 -0.0160063 -0.00155462
0.00524893 5980 3749.5 0.00494972 -0.0169 -0.00365613
0.00291732 5990 3750.5 0.00831324 -0.0100484 0.00323462
0.00305617 6000 3751.5 0.00659492 0.0190916 0.00144769
0.00362548 6010 3752.5 0.00503073 -0.0476038 -0.00327951
0.00639351 6020 3753.5 0.000567201 0.060054 -0.017473
0.00422462 6030 3754.5 0.00212533 0.043246 -0.0127148
0.00315503 6040 3755.5 0.00975665 -0.0354815 -0.00395279
0.00920346 6050 3756.5 0.00710412 0.0202129 0.00501045
0.00130455 6060 3757.5 0.00580125 0.0291981 0.00320433
0.00128081 6070 3758.5 0.00268414 0.028185 0.00973278
0.00195063 6080 3759.5 0.00882175 -0.00662038 0.0183226
0.00639973 6090 3760.5 -0.004068 0.0536108 -0.00557063
0.00129065 6100 3761.5 0.0125503 0.0234429 -0.020595
0.00322879 6110 3762.5 0.00878642 0.0126884 0.00233719
0.00399352 6120 3763.5 0.00926305 -0.0173766 0.00390222
0.00198181 6130 3764.5 0.0134149 -0.00376802 -0.00151403
0.0053721 6140 3765.5 0.0122035 0.0695933 0.0124875
0.00159988 6150 3766.5 0.00906447 -0.00517457 0.0102177
0.00977349 6160 3767.5 0.00831437 0.013441 0.0029967
0.0031639 6170 3768.5 0.00981345 -0.0306369 0.00232347
0.00116995 6180 3769.5 0.00692776 0.0284104 0.00926114
0.0124632 6190 3770.5 0.0109047 -0.0066434 -0.0173955
0.00153462 6200 3771.5 0.0021268 0.0261758 0.0121094
0.00127994 6210 3772.5 0.00770825 0.00992446 0.00689677
0.00950507 6220 3773.5 0.0124763 -0.0306916 0.0298548
0.00538884 6230 3774.5 0.0107258 0.0253258 -0.00595898
0.00398256 6240 3775.5 0.00998119 -0.0229131 0.0055552
0.00487608 6250 3776.5 0.00937318 0.06156 0.00383261
0.000885279 6260 3777.5 -0.00138487 0.0246397 -0.0125448
0.00525692 6270 3778.5 0.0129526 -0.0475438 0.021015
0.00493351 6280 3779.5 0.0112876 0.0198706 -0.0138168
0.00347384 6290 3780.5 0.00074553 -0.00452216 0.0148736
0.0026886 6300 3781.5 0.00485273 -0.0054712 0.006637
0.0015305 6310 3782.5 0.00716872 0.0126881 -0.000338295
0.00713189 6320 3783.5 0.0104513 0.00816074 0.017046
0.0037773 6330 3784.5 -0.00179958 0.0213711 -0.0056246
0.0029448 6340 3785.5 0.00365038 0.0427809 0.0240077
0.0059013 6350 3786.5 0.00918807 -0.00117748 0.00976086
0.00233292 6360 3787.5 0.00756702 0.0425064 0.00292162
0.00743786 6370 3788.5 0.0105475 -0.0131105 0.0235234
0.00606806 6380 3789.5 0.00653318 0.015771 0.00276252
0.00226865 6390 3790.5 -5.05806e-05 0.0689028 -0.00334316
0.00326381 6400 3791.5 0.0108753 0.0107072 0.00833845
0.00773923 6410 3792.5 0.00519909 -0.0507257 -0.0154495
0.00566669 6420 3793.5 0.0063417 -0.0294736 -0.014393
0.00605338 6430 3794.5 0.0155943 -0.0288019 0.00591618
0.00365486 6440 3795.5 0.00510678 0.0180976 0.00292842
0.0017408 6450 3796.5 0.00466707 0.0224679 0.00841067
0.00441925 6460 3797.5 0.00707478 -0.0204843 -0.00910866
0.00436795 6470 3798.5 0.0174042 -0.0556166 -0.00076565
0.000972282 6480 3799.5 0.00575339 0.00603326 0.00280948
0.00165244 6490 3800.5 0.014134 -0.0172656 0.0143873
0.009123 6500 3801.5 0.00650312 0.0261929 -0.00460134
0.0019723 6510 3802.5 0.00655148 0.00531554 0.00825999
0.00325408 6520 3803.5 0.0102015 -0.0147268 0.0217398
0.00190154 6530 3804.5 0.00977664 -0.00921783 0.0142652
0.00402976 6540 3805.5 0.00867152 0.0426293 0.0048591
0.00328939 6550 3806.5 0.00819082 0.021981 -0.00553594
0.00179681 6560 3807.5 0.00800405 0.0237604 -0.0101768
0.00607719 6570 3808.5 0.00722555 0.0221492 -5.41836e-05
0.00551924 6580 3809.5 0.00352722 0.0192505 0.00721052
0.00504243 6590 3810.5 0.00473561 0.0340838 0.00311301
0.00483241 6600 3811.5 0.00929778 0.0110791 0.000524055
0.0049986 6610 3812.5 0.00907131 -0.0251825 -0.0136197
0.0115385 6620 3813.5 0.0102508 0.0115941 0.0077721
0.00935686 6630 3814.5 0.0092625 -0.0148756 0.00824646
0.00096419 6640 3815.5 -0.00310507 0.0166704 -0.0146363
0.0018369 6650 3816.5 0.0169902 -0.0349246 0.0179227
0.00304797 6660 3817.5 0.005272 0.0176234 0.00180388
0.0132688 6670 3818.5 0.00831219 0.0252605 -0.000813476
0.000561379 6680 3819.5 0.00618849 0.00816503 0.0313964
0.00911864 6690 3820.5 0.00454532 0.0564701 0.00934063
0.00533155 6700 3821.5 0.0187536 -0.0539672 0.00191575
0.00676628 6710 3822.5 0.0057945 -0.0156044 -0.00748336
0.00246037 6720 3823.5 0.00475958 -0.0318451 0.0153843
0.00716969 6730 3824.5 0.00756092 0.0105552 -0.0164695
0.00531466 6740 3825.5 0.0106595 0.0331896 -0.0128927
0.00714661 6750 3826.5 0.011284 -0.0254432 -0.000158789
0.00446958 6760 3827.5 0.00515071 0.0229538 0.00790999
0.00389506 6770 3828.5 0.00656715 0.0210713 0.00544641
0.00529516 6780 3829.5 0.0121238 -0.00909493 0.0145628
0.00561163 6790 3830.5 0.01383 0.0249179 -0.0135752
0.0030191 6800 3831.5 0.0120461 0.00947347 0.00332034
0.000859306 6810 3832.5 0.00496434 0.00277393 0.000851763
0.00587156 6820 3833.5 0.00977258 0.0284542 0.00737186
0.00137593 6830 3834.5 0.00251752 -0.0333169 0.0328912
0.00265829 6840 3835.5 0.00680617 0.00301086 0.0067246
0.00250452 6850 3836.5 0.010105 0.0230474 -0.000216207
0.00660568 6860 3837.5 0.00797472 0.0280377 -0.0149469
0.00100834 6870 3838.5 0.00447903 0.0187384 -0.00578479
0.00402099 6880 3839.5 0.00403277 0.0231338 0.0128497
0.00788677 6890 3840.5 -0.00283364 0.0574401 -0.0902201
0.00201462 6900 3841.5 0.00936799 -0.00171207 0.00540541
0.00375462 6910 3842.5 0.012577 0.0247611 0.0134473
0.00379234 6920 3843.5 0.00656417 0.0169646 0.00429736
0.000605689 6930 3844.5 0.00252999 0.0241627 0.015393
0.00206365 6940 3845.5 0.0104282 -0.0323565 0.0128198
0.00543601 6950 3846.5 0.0152529 -0.0486558 -0.00574385
0.00157453 6960 3847.5 0.000811956 0.0141945 0.0115536
0.00537473 6970 3848.5 0.010593 -0.0273831 -0.0118672
0.00385707 6980 3849.5 0.00926248 0.0172198 -0.00665126
0.00156991 6990 3850.5 0.0211585 0.0108686 -0.0111774
0.00498074 7000 3851.5 0.00449664 -0.0349614 -0.0132304
0.00436076 7010 3852.5 0.0179925 -0.0044194 0.0218981
0.0034676 7020 3853.5 0.00872 0.0223481 0.00327826
0.00103443 7030 3854.5 -0.00214305 0.019045 -0.0188458
0.00346253 7040 3855.5 0.00458176 0.0688802 0.00498667
0.00491077 7050 3856.5 0.00854451 -0.00222446 0.0101328
0.00126913 7060 3857.5 -0.00110134 0.0240724 -0.0119802
0.0014126 7070 3858.5 0.00813858 0.0326424 0.0115324
0.00828456 7080 3859.5 0.00996485 -0.0400593 -0.00468608
0.00315986 7090 3860.5 0.00722498 -0.0476779 0.00983033
0.0109047 7100 3861.5 0.00615164 0.019688 -0.00401681
0.00453104 7110 3862.5 0.013173 0.0258053 0.0144757
0.00113901 7120 3863.5 0.0081891 0.00706419 0.0130823
0.00241473 7130 3864.5 0.0105047 -0.00176353 0.0129317
0.00383841 7140 3865.5 0.00740625 0.0349986 -0.00186315
0.00375585 7150 3866.5 0.000976127 -0.0281618 0.0200757
0.000793138 7160 3867.5 0.00831606 0.0217947 -0.00338696
0.00477831 7170 3868.5 0.008247 -0.00480229 0.0105761
0.0082289 7180 3869.5 0.0036564 -0.00817133 -0.0124159
0.0033756 7190 3870.5 0.00700578 0.0118132 0.0023815
0.00236852 7200 3871.5 0.00701982 0.0120436 -0.00350219
0.0126059 7210 3872.5 0.00446419 0.0168947 -0.00425309
0.00597147 7220 3873.5 0.0070671 -0.0156793 0.00210949
0.00950866 7230 3874.5 0.010951 0.0331544 -0.00742554
0.00593016 7240 3875.5 0.00611487 0.00767539 -0.00127663
0.00463162 7250 3876.5 0.00463247 0.0264863 -0.00116463
0.00265132 7260 3877.5 0.0141225 0.00565692 0.0112458
0.00116128 7270 3878.5 0.0085733 0.0165539 0.0260297
0.00663243 7280 3879.5 0.0156649 -0.0246929 -0.0126294
0.00280843 7290 3880.5 0.00490258 0.0151995 -0.00469493
0.00110948 7300 3881.5 0.00304506 0.0153352 -0.00949421
0.00747091 7310 3882.5 0.00414411 0.0265215 0.00864716
0.00140332 7320 3883.5 0.00838962 0.0142355 0.00584262
0.00386581 7330 3884.5 0.00510934 -0.0158201 0.0148445
0.00089995 7340 3885.5 0.00684589 0.0189815 0.00302463
0.00404503 7350 3886.5 0.00770097 0.0195679 -0.00553062
0.00469856 7360 3887.5 0.00235158 -0.035785 -0.000109135
0.00457245 7370 3888.5 0.0106045 -0.0253289 0.0144597
0.00529484 7380 3889.5 0.0130644 -0.00159536 -0.00174639
0.00170186 7390 3890.5 0.006747 0.000583904 0.0137202
0.00161603 7400 3891.5 0.00128644 0.013609 0.00425632
0.00380996 7410 3892.5 0.00709995 0.0122081 -0.00166614
0.00424312 7420 3893.5 0.00469725 0.0291086 0.00273689
0.00207616 7430 3894.5 0.00616443 -0.010051 0.0072901
0.00362009 7440 3895.5 0.0128764 -0.0126208 0.0036301
0.000661353 7450 3896.5 0.00228531 0.0150954 -0.00440086
0.0030571 7460 3897.5 0.00919909 0.00753279 -0.00256081
0.00499071 7470 3898.5 0.00533236 0.0184003 0.00337102
0.00380779 7480 3899.5 0.00554481 0.0279987 -0.00156823
0.00213663 7490 3900.5 0.00741123 -0.0207085 0.0205936
0.00265185 7500 3901.5 0.00998264 0.0331851 -0.00560134
0.0105917 7510 3902.5 0.0180746 -0.0251752 0.0012574
0.01296 7520 3903.5 0.0062532 0.00976524 0.0228962
0.00608935 7530 3904.5 0.00684441 0.00543938 0.00980199
0.00759452 7540 3905.5 0.0246648 -0.0450891 -0.0113759
0.00174807 7550 3906.5 0.00919932 -0.00853325 0.00755216
0.00780341 7560 3907.5 0.00743095 -0.0200167 -0.00272959
0.00180239 7570 3908.5 0.00827119 -0.0110568 0.00214276
0.0118183 7580 3909.5 0.00879934 -0.00979903 -0.00468367
0.00506376 7590 3910.5 0.036638 -0.0505414 -0.0169173
0.0057545 7600 3911.5 0.0192177 0.0076809 -0.0464951
0.00124683 7610 3912.5 0.00816112 0.00309092 0.00880822
0.0049304 7620 3913.5 0.00679887 0.0151415 0.00816009
0.00210662 7630 3914.5 0.00436718 0.0457797 -0.00151319
0.00431588 7640 3915.5 0.00766411 -0.0186486 -0.0109243
0.0102433 7650 3916.5 0.00997967 0.0147316 0.0218
0.00427396 7660 3917.5 0.00271001 -0.0212572 0.0030209
0.00181044 7670 3918.5 0.00668915 0.0180959 -0.000767285
0.00199508 7680 3919.5 0.0120078 0.0727976 0.0152113
0.00511602 7690 3920.5 0.000556988 -0.0414134 -0.00180465
0.00579838 7700 3921.5 0.00507673 0.0140901 0.00428497
0.00714503 7710 3922.5 0.00721064 -0.0127212 -0.00360226
0.00348443 7720 3923.5 0.0081539 0.0160226 0.00517798
0.00485108 7730 3924.5 0.00393891 0.0310433 0.00715649
0.00105088 7740 3925.5 0.00839847 0.0123519 0.0096507
0.0039198 7750 3926.5 0.0100751 -0.0371834 -0.00204533
0.00261742 7760 3927.5 0.00739781 0.0227879 0.00313747
0.00600484 7770 3928.5 0.00834644 0.021513 0.0160914
0.00609362 7780 3929.5 0.01814 0.00769118 -0.0151112
0.00677484 7790 3930.5 0.00627253 0.0482771 0.00484476
0.0050422 7800 3931.5 0.000710993 0.0281505 0.00653342
0.00359269 7810 3932.5 0.00708858 -0.00475596 0.00497438
0.00134669 7820 3933.5 0.00379753 0.012772 0.0103456
0.00569261 7830 3934.5 0.00478836 0.014423 -0.0104924
0.00366745 7840 3935.5 0.0123634 0.0460586 -0.0240344
0.00477488 7850 3936.5 0.0124852 -0.0021923 0.0175405
0.00310539 7860 3937.5 -0.00193723 0.0145312 -0.000358352
0.00453823 7870 3938.5 0.0101007 -0.0345365 0.0030396
0.00131106 7880 3939.5 0.00558832 0.0182722 0.000988621
0.00102902 7890 3940.5 0.00443149 0.00860481 0.0101219
0.00205315 7900 3941.5 -0.0224267 0.0111639 -0.125001
0.00209224 7910 3942.5 0.00761791 0.026391 0.000163594
0.00625327 7920 3943.5 0.00657703 0.0315865 -0.0137277
0.00365754 7930 3944.5 0.0085888 0.0244139 -0.00563738
0.00343227 7940 3945.5 0.00768623 0.0132086 0.000125853
0.00365917 7950 3946.5 0.0147032 -0.0417432 -0.00700365
0.00414078 7960 3947.5 0.0107092 0.0128821 -0.0150484
0.00196917 7970 3948.5 0.00259206 0.0417666 0.0121967
0.00644596 7980 3949.5 0.013937 -0.0309232 3.71116e-05
0.00384321 7990 3950.5 0.0048286 0.0367299 0.0102856
0.00689325 8000 3951.5 -0.000756537 0.062463 -0.0187084
0.0033139 8010 3952.5 0.0038153 0.0315378 -0.0052919
0.00818252 8020 3953.5 0.00634201 0.0244944 -0.0114179
0.00237517 8030 3954.5 0.0134154 0.0173223 0.0176865
0.00555993 8040 3955.5 0.00231603 0.116399 -0.0258287
0.00382018 8050 3956.5 0.0124605 0.0297528 -0.0162366
0.00158071 8060 3957.5 0.00593825 0.00407614 0.00109769
0.00267915 8070 3958.5 0.00907549 -0.0426516 -0.0117551
0.00477982 8080 3959.5 0.00073222 0.060409 -0.0146465
0.00253028 8090 3960.5 0.00441878 0.024102 0.0029304
0.00908772 8100 3961.5 0.0067893 0.005262 0.0116987
0.00207251 8110 3962.5 0.00690987 -0.0253967 0.0122342
0.00181848 8120 3963.5 0.00442721 0.0267185 0.0100171
0.0074942 8130 3964.5 0.00776576 -0.00886134 0.0219163
0.0053486 8140 3965.5 0.00640508 -0.0134924 0.0075625
0.00194764 8150 3966.5 0.00711688 0.06192 0.0118964
0.00308442 8160 3967.5 0.0366046 -0.0444777 -0.0159694
0.0058882 8170 3968.5 0.00906813 0.0257131 -0.0150332
0.00375405 8180 3969.5 0.00801824 0.00154821 0.0102055
0.00352975 8190 3970.5 0.0119871 0.00686627 -0.00503128
0.00305043 8200 3971.5 0.00240061 0.0173012 0.0115622
0.00560649 8210 3972.5 0.00325415 0.0298661 0.00346547
0.00214926 8220 3973.5 0.0139967 0.076387 0.00620542
0.00148096 8230 3974.5 0.00949564 -0.00490978 0.00105331
0.00227051 8240 3975.5 0.0105681 0.0385248 0.000443304
0.00498086 8250 3976.5 0.00454141 0.014779 0.00217633
0.00278516 8260 3977.5 0.00973937 0.00371396 0.00366277
0.000661339 8270 3978.5 0.00534163 0.0088893 -0.00494076
0.00102613 8280 3979.5 0.00605298 0.0129908 -0.000531261
0.00167084 8290 3980.5 0.00960234 0.000363801 0.0118362
0.00105611 8300 3981.5 0.00499703 0.00812997 1.29812e-05
0.00522369 8310 3982.5 0.00603904 0.00963993 0.0132447
0.00101959 8320 3983.5 0.00518022 0.00981907 0.00654716
0.00598167 8330 3984.5 0.00547994 0.0284907 -0.0039155
0.00117335 8340 3985.5 0.00360915 0.0193846 -0.00651165
0.00295901 8350 3986.5 0.00895418 0.0202151 -0.00236314
0.000711234 8360 3987.5 0.00657107 0.0104774 0.00529948
0.00545411 8370 3988.5 0.00471027 0.0298654 0.00299204
0.000954648 8380 3989.5 0.0133569 0.0343257 -0.00371998
0.00822875 8390 3990.5 0.0135254 -0.018437 -0.00271981
0.00768401 8400 3991.5 0.010997 0.0205391 0.00990438
0.00217822 8410 3992.5 0.0104448 -0.00643842 0.00865016
0.00126454 8420 3993.5 0.0302698 0.00133836 -0.0530062
0.00614663 8430 3994.5 0.0088487 -0.00668404 -0.00857389
0.00934871 8440 3995.5 0.00386509 0.0645005 0.0154977
0.00227664 8450 3996.5 0.006013 0.0189827 0.00330636
0.00594133 8460 3997.5 0.00661833 -0.0228497 -0.0102864
0.0017236 8470 3998.5 0.00319614 0.00419318 0.0062308
0.00269685 8480 3999.5 0.0170475 -0.0382845 -0.0109481
0.000830376 8490 4000.5 0.00711485 0.0119187 0.00176045
0.00129221 8500 4001.5 0.00632518 -0.0298914 0.00621834
0.00482435 8510 4002.5 0.00436979 -0.0217024 2.69614e-05
0.00261795 8520 4003.5 0.00737598 0.0162996 0.00345003
0.00725136 8530 4004.5 0.00924795 -0.0148129 -0.000342387
0.00611853 8540 4005.5 0.00804636 0.0255921 0.000402121
0.00652192 8550 4006.5 0.00809175 -0.00983662 -0.0138284
0.00245093 8560 4007.5 0.00604132 0.0328502 0.000538287
0.00178228 8570 4008.5 0.00732934 0.00640095 -0.00835083
0.000823814 8580 4009.5 0.0129579 0.0299263 0.000570221
0.00170692 8590 4010.5 0.00914673 0.018519 -0.00136732
0.00334362 8600 4011.5 0.0101647 0.0627382 0.009691
0.0057536 8610 4012.5 0.00616308 0.0285799 0.00210457
0.000913776 8620 4013.5 0.00550774 0.0105028 -0.00150032
0.00336987 8630 4014.5 0.0086517 0.0259751 0.00565941
0.00256129 8640 4015.5 0.00708836 0.0302492 -0.00029843
0.00510471 8650 4016.5 0.00673282 -0.0105201 0.00302986
0.00948351 8660 4017.5 0.0103807 0.00479976 0.000366861
0.00148413 8670 4018.5 0.00722484 0.00541413 0.0114356
0.00255559 8680 4019.5 0.00936263 0.00911472 0.00936754
0.00120416 8690 4020.5 0.00616645 0.00982403 0.00475093
0.00423826 8700 4021.5 0.00563331 0.0290323 0.00143235
0.00425939 8710 4022.5 0.00716256 0.015071 0.000685079
0.00454371 8720 4023.5 0.0100833 -0.0427662 -0.00645612
0.00371274 8730 4024.5 0.0081458 0.0161276 0.00924811
0.00364845 8740 4025.5 0.00529367 0.0249189 0.00601824
0.00151849 8750 4026.5 0.0103335 0.0080352 0.00884697
0.00159709 8760 4027.5 0.00600479 0.0117292 0.00436357
0.00353197 8770 4028.5 0.00560403 0.0140782 0.0043753
0.00134908 8780 4029.5 0.0126909 0.000282824 0.00679175
0.00614183 8790 4030.5 0.020891 -0.0009851 0.0551023
0.00423728 8800 4031.5 0.0117275 0.02391 -0.00141304
0.00481428 8810 4032.5 0.0211209 -0.0406069 -0.0048586
0.00331269 8820 4033.5 0.00454321 -0.0303292 0.00412589
0.00138996 8830 4034.5 0.00862508 0.0140326 0.00914754
0.00116065 8840 4035.5 0.00435221 0.00966264 -0.00363933
0.00249169 8850 4036.5 0.00875995 0.00495555 0.00253806
0.00148634 8860 4037.5 0.00989674 0.020384 0.00354568
0.00426612 8870 4038.5 0.00566196 0.0180513 0.011805
0.00250407 8880 4039.5 0.0110685 -0.0112565 0.0124354
0.00129521 8890 4040.5 0.00693827 -0.00155925 0.0122573
0.00195105 8900 4041.5 0.0135079 0.0148898 0.0357147
0.00222321 8910 4042.5 0.00351749 0.0354223 0.00637823
0.0040455 8920 4043.5 0.00647143 0.0193736 0.0152896
0.00376837 8930 4044.5 0.0218927 -0.0570851 -0.00504675
0.0067351 8940 4045.5 0.0112483 0.00898527 0.0509378
0.00339701 8950 4046.5 0.00491693 -0.0540927 -0.00422905
0.00560383 8960 4047.5 0.00964788 -0.0114004 0.0124578
0.00292418 8970 4048.5 0.00516275 0.00676192 0.00101317
0.00344092 8980 4049.5 0.00954737 -0.0221022 0.00416631
0.00718526 8990 4050.5 0.0104437 0.0301824 -0.0111005
0.00335238 9000 4051.5 0.00339237 0.0181465 0.010994
0.00792202 9010 4052.5 0.00434755 -0.0298368 -0.00817574
0.00242394 9020 4053.5 0.00783807 0.0109681 0.000667733
0.00093251 9030 4054.5 0.00679767 0.0271363 0.00699696
0.00555362 9040 4055.5 0.0130159 0.0204185 -0.0336165
0.00695208 9050 4056.5 -0.0012818 0.0647807 -0.0114798
0.00419895 9060 4057.5 0.00826481 0.00377479 0.00612705
0.00915636 9070 4058.5 0.0135582 0.0156948 -0.0233701
0.000738222 9080 4059.5 0.00688751 0.0317637 -0.00110274
0.00102494 9090 4060.5 0.00447238 0.0235453 0.00254297
0.00187033 9100 4061.5 0.00679234 0.0074248 0.0126017
0.00857711 9110 4062.5 0.00781189 0.0716239 0.000571921
0.00316016 9120 4063.5 0.0103695 -0.0265466 0.010733
0.00405657 9130 4064.5 0.0109446 0.00623742 0.00519185
0.0029941 9140 4065.5 0.0127295 -0.0120464 -0.00117522
0.00130096 9150 4066.5 0.0100285 0.020693 -0.00807755
0.00126566 9160 4067.5 0.04928 0.0080082 -0.00118184
0.000634727 9170 4068.5 -0.002668 0.0259235 -0.00430208
0.00624247 9180 4069.5 0.0143787 -0.0403248 -0.0036775
0.000814465 9190 4070.5 0.0268465 -0.0303205 -0.00652956
0.00937006 9200 4071.5 0.0134061 0.0195115 -0.0208829
0.0043637 9210 4072.5 0.00751024 0.0244942 0.00180062
0.00148327 9220 4073.5 0.00496921 0.0206668 -0.00887458
0.0074756 9230 4074.5 0.00721486 -0.0344339 -0.00074953
0.00342061 9240 4075.5 0.00572033 0.0276159 0.00495459
0.00509528 9250 4076.5 0.00659964 0.0588158 0.00847155
0.00473446 9260 4077.5 0.00605948 0.0417601 0.0197006
0.0010202 9270 4078.5 0.00941303 0.00641973 0.0156171
0.00223454 9280 4079.5 0.00612367 0.0217333 -0.000824123
0.00773916 9290 4080.5 0.00324486 0.0285465 -0.00316757
0.00552975 9300 4081.5 0.00981251 -0.0275372 0.0118295
0.0017515 9310 4082.5 0.00771922 0.00123145 -0.0117734
0.00643141 9320 4083.5 0.00731388 0.0124559 -0.00507382
0.00537894 9330 4084.5 0.00931354 0.0302081 0.00545723
0.00487265 9340 4085.5 0.00460384 0.0283943 -0.00294947
0.00189163 9350 4086.5 0.00697697 0.0201258 -0.00460185
0.00480608 9360 4087.5 0.00675016 0.0280495 0.01554
0.00164459 9370 4088.5 0.00499629 0.0160742 0.00814385
0.00161157 9380 4089.5 0.0102094 0.00236692 0.00932128
0.00275895 9390 4090.5 0.00993296 0.0246925 -0.00190513
0.00672464 9400 4091.5 0.00462163 0.0305518 -0.00258969
0.00540178 9410 4092.5 0.0209539 -0.0180218 -0.0204035
0.003382 9420 4093.5 0.00987907 0.00789287 -0.00874428
0.00170306 9430 4094.5 0.00734105 0.019763 0.00150306
0.0022363 9440 4095.5 0.00595426 0.0291377 -0.00899985
0.000726826 9450 4096.5 0.00756255 0.00345976 -0.00433593
0.000877909 9460 4097.5 0.0060266 0.0214352 -3.8656e-05
0.00875474 9470 4098.5 0.0136158 -0.00681673 -0.00194534
0.0031689 9480 4099.5 -0.00781787 0.0177638 -0.0190034
0.00733599 9490 4100.5 0.00693229 0.0105591 0.015311
0.00538487 9500 4101.5 0.0118491 -0.0122237 -0.0133346
0.00499523 9510 4102.5 0.00743478 0.0183257 0.00474312
0.00534943 9520 4103.5 0.00217785 0.0247704 0.00183724
0.00679101 9530 4104.5 0.0115605 -0.0116338 -0.0107822
0.000868499 9540 4105.5 0.00521014 0.0242487 0.00598707
0.00699523 9550 4106.5 0.000522432 0.0708646 0.0053266
0.00308084 9560 4107.5 0.00808985 -0.010232 0.0127006
0.00099764 9570 4108.5 0.00549545 -0.0160454 -0.00461964
0.00784152 9580 4109.5 0.00894777 0.0205401 -0.00213536
0.00304253 9590 4110.5 0.00721881 0.0352828 0.00106592
0.00602435 9600 4111.5 0.0175407 -0.0085797 0.0261571
0.00400764 9610 4112.5 0.0107741 0.0171416 -0.00108827
0.00375515 9620 4113.5 0.00966467 0.0244081 -0.017682
0.0013661 9630 4114.5 0.00717399 0.0198444 -0.00789902
0.00143902 9640 4115.5 0.00160005 0.0128432 0.0106537
0.000961261 9650 4116.5 0.000622967 -0.0157674 -0.0075559
0.00756617 9660 4117.5 0.0118711 0.0179858 0.0102839
0.00558218 9670 4118.5 0.00818204 0.0237871 -0.000305308
0.00310968 9680 4119.5 0.00395997 0.0138561 -0.0103387
0.00439731 9690 4120.5 0.00229202 0.00994695 -0.00425577
0.00454318 9700 4121.5 0.0091625 0.0601189 0.0177123
0.00404419 9710 4122.5 0.0115215 -0.0458578 0.00751494
0.00124713 9720 4123.5 0.00583988 0.0217767 0.00119651
0.00140336 9730 4124.5 0.00397139 0.0171022 -0.00474945
0.00457268 9740 4125.5 0.0064806 0.00435123 0.00115073
0.00906796 9750 4126.5 0.00715974 0.0551784 0.00844615
0.00320759 9760 4127.5 0.0159989 -0.0568483 -0.00479572
0.00365863 9770 4128.5 0.00596968 0.0227543 0.00606971
0.00430861 9780 4129.5 0.00893223 -0.00947494 0.00334383
0.00257564 9790 4130.5 0.000804016 0.02536 -0.00319144
0.0051537 9800 4131.5 0.00654174 -0.00705152 0.00554459
0.00380665 9810 4132.5 0.018024 0.048169 0.0279283
0.00352365 9820 4133.5 0.00447385 0.00469716 0.0108193
0.00275811 9830 4134.5 0.0106507 -0.0453067 0.00679195
0.0041684 9840 4135.5 0.0154325 -0.0352433 -0.00896612
0.00543393 9850 4136.5 0.00235736 0.00038867 0.00673434
0.00602353 9860 4137.5 0.0107021 0.0195534 -0.00470273
0.00110124 9870 4138.5 0.00938073 0.00543434 0.00218687
0.00925267 9880 4139.5 0.00514907 0.0370592 0.00237213
0.00415675 9890 4140.5 0.00759631 0.0334967 0.00312699
0.00693853 9900 4141.5 0.011778 -0.0294262 -0.0030703
0.00383917 9910 4142.5 0.0145896 -0.0217952 -0.0138943
0.00441154 9920 4143.5 0.0168781 -0.0330239 -0.00269613
0.00143616 9930 4144.5 0.00914663 0.00130558 -0.00235421
0.00130196 9940 4145.5 0.00888173 0.00804649 0.00149899
0.00141267 9950 4146.5 0.00442146 0.0045055 0.00759513
0.00658277 9960 4147.5 0.00730943 -0.0326015 0.0077268
0.00568867 9970 4148.5 0.0136382 -0.0442726 -0.000277803
0.00138651 9980 4149.5 0.00979023 -0.00566975 0.0116138
0.00365752 9990 4150.5 0.0115683 -0.0067478 0.00418437
0.00201318 10000 4151.5 0.00453349 0.00200216 0.00526426
0.00468743 10010 4152.5 0.00618628 0.0130388 0.00516958
0.00140873 10020 4153.5 0.0172894 0.0035383 0.0235809
0.00843412 10030 4154.5 0.0067099 0.0130727 -0.000231299
0.00543839 10040 4155.5 0.00762235 -0.0242042 0.0164949
0.00114423 10050 4156.5 0.0125345 -0.00708998 -0.00864019
0.00267692 10060 4157.5 0.00972151 -0.0168518 9.14649e-05
0.00593913 10070 4158.5 0.00688141 0.000205321 0.000277617
0.0027528 10080 4159.5 0.00691385 0.0221185 -0.00167292
0.00303534 10090 4160.5 0.00420492 0.0142625 0.00550734
0.00195994 10100 4161.5 0.0109515 0.00992841 0.00209291
0.00131612 10110 4162.5 0.00919167 0.0149694 0.00268522
0.00128512 10120 4163.5 0.0103423 -0.00290043 0.00632522
0.000917098 10130 4164.5 0.0104016 0.00247076 -0.00290041
0.00146758 10140 4165.5 0.0107688 0.00661315 0.00994335
0.00485859 10150 4166.5 0.00659346 0.0300156 -0.00831894
0.00604566 10160 4167.5 0.00949619 -0.0215064 -0.00400843
0.00446412 10170 4168.5 0.00614537 0.0331651 0.00473175
0.00373572 10180 4169.5 0.00559197 0.00742069 0.00934951
0.00726517 10190 4170.5 0.0090526 0.0277305 0.0200553
0.00232614 10200 4171.5 0.00954142 0.0157965 -0.00655392
0.00144132 10210 4172.5 0.00448437 0.0242008 0.00157091
0.00107416 10220 4173.5 0.0105437 0.0166593 0.0132937
0.000721488 10230 4174.5 0.00758493 0.0249419 0.00696459
0.00319567 10240 4175.5 0.000809141 -0.0355018 -0.00594852
0.00372385 10250 4176.5 0.000548661 -0.0609347 0.010241
0.00131245 10260 4177.5 0.00419532 0.0428597 0.00106322
0.00916203 10270 4178.5 0.00949467 0.00247672 -0.00239027
0.00092989 10280 4179.5 0.00627888 0.0192262 -0.00123801
0.0128031 10290 4180.5 0.0216317 -0.0029722 -0.00662867
0.00414466 10300 4181.5 0.00195542 0.0347699 0.00153077
0.00169089 10310 4182.5 0.00384208 0.0122284 -0.000552725
0.00133248 10320 4183.5 0.00472936 -0.00280512 0.000383081
0.00949134 10330 4184.5 0.019232 -0.0225281 0.00529888
0.00332589 10340 4185.5 0.0135631 0.0723691 0.00864149
0.00205307 10350 4186.5 0.00917035 0.0117566 0.00749415
0.00457207 10360 4187.5 0.0302663 -0.0582539 0.00197679
0.00392671 10370 4188.5 0.0225928 0.0326692 -0.0428108
0.00397564 10380 4189.5 0.00678331 0.0161758 0.00632878
0.00301935 10390 4190.5 0.00462243 0.00151135 -0.00617179
0.00312844 10400 4191.5 0.00673594 -0.0391169 0.0331455
0.00704035 10410 4192.5 0.00862468 -0.0297647 0.00138507
0.000861325 10420 4193.5 0.00186477 0.0154984 0.0131376
0.0120656 10430 4194.5 0.00433401 -0.0350543 0.0290928
0.00131137 10440 4195.5 0.00449804 0.0329116 0.0111389
0.00618997 10450 4196.5 0.00614558 0.0715311 0.00753327
0.00237447 10460 4197.5 0.0112819 0.0157118 -0.000959063
0.00276941 10470 4198.5 0.00581937 0.0351205 -0.000394378
0.00357929 10480 4199.5 0.00745603 0.00276685 -0.00350866
0.00560481 10490 4200.5 0.00739629 -0.0281239 -0.0228202
0.00907754 10500 4201.5 0.00438569 -0.0501887 0.00834296
0.0041266 10510 4202.5 0.00391608 0.0143507 -0.00609454
0.00235395 10520 4203.5 0.00521144 0.0204676 -0.00534449
0.00222566 10530 4204.5 0.00647551 0.0235853 -0.00398705
0.00110945 10540 4205.5 0.00725006 0.0304004 -0.00388835
0.00562507 10550 4206.5 0.0035564 -0.00589227 0.0294349
0.00212503 10560 4207.5 0.0078878 0.0169927 -0.00334309
0.00268213 10570 4208.5 0.00650305 0.0327661 -0.000260555
0.003037 10580 4209.5 0.00553527 0.0184194 0.0125885
0.00542065 10590 4210.5 0.00625975 0.0134707 -0.0112391
0.00170786 10600 4211.5 0.0109319 0.00251485 0.0177205
0.00131076 10610 4212.5 0.00484833 0.0229687 -0.000155273
0.00310849 10620 4213.5 0.00174696 0.0338286 0.00258947
0.00730363 10630 4214.5 0.0105103 -0.0474975 0.00374361
0.00304379 10640 4215.5 0.0102808 0.0409822 -0.0173072
0.00345895 10650 4216.5 0.00532935 -0.000665396 0.00827945
0.00290379 10660 4217.5 0.00836936 0.00360236 0.0439564
0.00177409 10670 4218.5 0.00448217 0.0168024 0.00676064
0.00238686 10680 4219.5 0.0121181 -0.0078136 -0.000240905
0.00582927 10690 4220.5 0.00703954 0.0272907 -0.00122072
0.00247984 10700 4221.5 0.0161637 0.00154033 0.011513
0.00133699 10710 4222.5 0.00423671 0.0224708 0.00672125
0.00360071 10720 4223.5 0.0156508 0.0439019 -0.00713145
0.00795435 10730 4224.5 0.00826134 -0.0215594 0.00754683
0.00163593 10740 4225.5 0.00484422 0.00766083 -0.000775329
0.00383274 10750 4226.5 0.0093682 0.0283956 0.00263661
0.00179454 10760 4227.5 0.00912259 -0.0133686 0.0109561
0.00756866 10770 4228.5 0.014217 -0.0233543 -0.0179186
0.00628743 10780 4229.5 0.00293524 0.0154333 0.00865372
0.000920114 10790 4230.5 0.00665151 0.0125692 0.00177947
0.0086735 10800 4231.5 0.019083 -0.027579 -0.0183472
0.00680376 10810 4232.5 0.0042764 0.0461884 0.00603284
0.00570111 10820 4233.5 0.0102397 0.0186252 0.00423318
0.00254116 10830 4234.5 0.0121157 -0.0243987 0.00466853
0.00122336 10840 4235.5 0.00557429 0.0133903 -0.00710569
0.00241698 10850 4236.5 0.00434274 -0.0694078 0.0348303
0.00292677 10860 4237.5 0.00642493 -0.00755365 0.00546336
0.000743094 10870 4238.5 0.0028573 0.0288705 -0.00393572
0.00192904 10880 4239.5 0.00439513 0.0429853 0.0114317
0.00154218 10890 4240.5 0.00380015 0.033881 0.0144416
0.00485238 10900 4241.5 0.00739815 0.0470242 0.0334119
0.0028456 10910 4242.5 0.00752113 0.0299047 -0.0119812
0.00655083 10920 4243.5 0.00273606 0.031549 -0.00764778
0.000795988 10930 4244.5 0.00681374 0.0203773 0.00519258
0.00347244 10940 4245.5 0.00872767 -0.0375125 0.0109951
0.00202503 10950 4246.5 0.00793891 0.00146952 0.00267646
0.003625 10960 4247.5 0.0103902 -0.000788783 -0.0100596
0.00578596 10970 4248.5 0.00222621 -0.0117127 0.00442978
0.00100575 10980 4249.5 0.0053531 0.0130142 1.39494e-05
0.00348796 10990 4250.5 0.00973843 0.000998241 -0.0126767
0.00276868 11000 4251.5 0.00404444 0.0135444 -0.000963029
0.00181914 11010 4252.5 0.0128429 -0.0288657 0.0136121
0.00737305 11020 4253.5 0.0081892 0.0539396 0.0197351
0.00484809 11030 4254.5 0.0155701 0.0737895 0.00208941
0.00148321 11040 4255.5 0.00274273 0.0261358 0.0103784
0.00486403 11050 4256.5 0.00576632 0.0360543 -1.40843e-05
0.00366884 11060 4257.5 0.0146457 -0.028876 0.00805431
0.00374675 11070 4258.5 0.0164556 0.035113 -0.0296418
0.00173914 11080 4259.5 0.00408796 0.0487477 0.00662909
0.00219953 11090 4260.5 0.00494631 0.0194073 0.00772145
0.0065088 11100 4261.5 0.00580877 0.0235447 0.00442075
0.00514383 11110 4262.5 0.0163711 0.0760011 0.00847995
0.003535 11120 4263.5 0.00766555 0.0645527 0.00410643
0.00454397 11130 4264.5 0.00738943 0.0317615 -0.00512646
0.00416157 11140 4265.5 0.00375645 0.026998 -0.00202297
0.00481857 11150 4266.5 0.00479455 0.00756099 0.0123773
0.00334513 11160 4267.5 0.00450128 -0.00277175 0.00245405
0.00224503 11170 4268.5 0.00745897 -0.0128342 0.0182751
0.00151031 11180 4269.5 0.0155145 0.0156276 0.027243
0.00273892 11190 4270.5 0.00561585 0.0197101 0.00665915
0.00225448 11200 4271.5 0.00804018 0.0168863 0.00285751
0.00153888 11210 4272.5 0.011478 -0.0181003 0.0148594
0.00285603 11220 4273.5 0.00679154 0.0509613 0.00184911
0.00909464 11230 4274.5 0.00537094 -0.02955 -0.00223851
0.0053609 11240 4275.5 0.00376453 0.0432586 0.00367614
0.0074949 11250 4276.5 0.00633702 0.000893489 0.00163054
0.014591 11260 4277.5 0.01502 -0.0292745 0.00295533
0.00619165 11270 4278.5 0.0112012 -0.0236405 0.00415565
0.0030087 11280 4279.5 0.00683603 0.0003166 0.0151641
0.00124456 11290 4280.5 0.0121297 -0.00262537 0.00746957
0.00184677 11300 4281.5 0.00263806 -0.00225542 0.00187749
0.00304441 11310 4282.5 0.00938277 0.0290658 -0.000762321
0.00725833 11320 4283.5 0.00964877 -0.0373137 0.000820311
0.0012029 11330 4284.5 0.00220124 0.0408647 0.00565761
0.00324201 11340 4285.5 0.00907042 -0.0201845 0.00364563
0.00152847 11350 4286.5 0.00831435 -0.00565378 0.0102987
0.0033253 11360 4287.5 0.0130295 -0.0323944 -0.00253395
0.0047381 11370 4288.5 0.01126 0.00602245 0.0144909
0.000876137 11380 4289.5 0.00806938 0.0138363 1.64419e-05
0.00736227 11390 4290.5 -0.00109583 -0.0456125 0.0482461
0.00276107 11400 4291.5 0.00780748 0.0176975 0.00575861
0.00658786 11410 4292.5 0.013842 0.0223932 0.000517368
0.00139532 11420 4293.5 0.00647452 0.0212102 0.00297636
0.00486718 11430 4294.5 0.0232497 -0.0230855 0.0439632
0.00094776 11440 4295.5 0.00875951 0.0136222 0.00342907
0.00232686 11450 4296.5 0.00347798 0.023154 -0.00259284
0.00740209 11460 4297.5 0.00612046 0.0277919 0.00179202
0.00119888 11470 4298.5 0.0013863 -0.0193122 0.029786
0.00945371 11480 4299.5 0.0126889 -0.00038253 -0.00667825
0.00117318 11490 4300.5 0.00529721 0.00613219 0.019279
0.0126751 11500 4301.5 0.0147162 0.0405001 0.0283715
0.00465852 11510 4302.5 0.00739119 -0.0228449 -0.0039144
0.00299626 11520 4303.5 0.0139224 -0.018983 0.00653532
0.00320056 11530 4304.5 0.00645122 0.00829005 0.00796075
0.00293877 11540 4305.5 0.00495861 0.0141956 -0.00354482
0.0102392 11550 4306.5 0.0119645 0.00115629 -0.0115716
0.00124859 11560 4307.5 0.00558989 0.0169802 0.0277314
0.00306582 11570 4308.5 0.0101291 0.00162738 0.0108062
0.00187575 11580 4309.5 0.00947195 -0.0172781 0.0193211
0.00469131 11590 4310.5 0.00408341 0.00963559 -0.00323441
0.00172028 11600 4311.5 0.0074327 -0.00200077 0.00138558
0.00711954 11610 4312.5 0.00843456 0.0276125 -0.00318716
0.00187172 11620 4313.5 0.00815079 -0.00297288 0.00409447
0.00243382 11630 4314.5 0.00611553 0.0174194 0.00441683
0.00152649 11640 4315.5 0.00425173 0.0122722 -0.00429115
0.0134697 11650 4316.5 0.00761562 -0.0035099 -0.00552564
0.00528906 11660 4317.5 0.00595097 0.0702829 -0.00331186
0.00530179 11670 4318.5 0.00997383 0.0155987 -0.000828062
0.00306886 11680 4319.5 0.00718747 0.0048621 0.00844348
0.0105917 11690 4320.5 0.0309316 -0.0532802 -0.00894706
0.00101562 11700 4321.5 0.0117832 0.0038297 0.00818016
0.00256369 11710 4322.5 0.00712784 0.0260343 0.00314106
0.00467629 11720 4323.5 0.00692388 0.0438847 -0.00200429
0.00423723 11730 4324.5 0.00538475 0.0186687 0.00995518
0.0010321 11740 4325.5 0.0189003 0.0241613 0.0363368
0.00225283 11750 4326.5 0.00957516 0.0169404 -0.0128514
0.00126781 11760 4327.5 0.0109708 0.0260099 -0.00259381
0.007188 11770 4328.5 0.00523676 0.0194696 0.00129668
0.00387414 11780 4329.5 0.00759896 0.0164004 0.00414561
0.00604907 11790 4330.5 0.00524096 0.0279494 0.00193733
0.00123244 11800 4331.5 0.0188777 -0.00286571 -0.0194023
0.000879694 11810 4332.5 0.00832819 0.0272679 0.00185821
0.00779992 11820 4333.5 0.00694673 0.0197558 0.0181396
0.00931407 11830 4334.5 0.00484289 -0.018214 0.049599
0.00413854 11840 4335.5 0.00491369 0.0218944 0.00364532
0.0093898 11850 4336.5 0.00849998 0.00611508 0.00120126
0.00145918 11860 4337.5 0.00371794 -0.0357671 0.0293919
0.00286779 11870 4338.5 0.00526924 0.0152333 0.00430766
0.00275138 11880 4339.5 0.00462114 0.00799148 0.00489511
0.00371222 11890 4340.5 0.0150048 -0.0390776 -0.00371546
0.0013597 11900 4341.5 0.00676566 0.00887145 -0.00386826
0.00279123 11910 4342.5 0.011939 -0.0331149 0.00744653
0.00346703 11920 4343.5 0.00882831 -0.0126959 0.000839611
0.0010967 11930 4344.5 0.00477246 0.031095 0.000523332
0.00125654 11940 4345.5 0.0057606 -0.000544504 0.0109382
0.00146639 11950 4346.5 0.00615422 0.0035053 -0.00344217
0.00748139 11960 4347.5 0.00926993 0.0280101 -0.00511696
0.00669848 11970 4348.5 0.00746728 0.0376422 0.000958962
0.00444863 11980 4349.5 0.00683112 -0.016055 0.00382249
0.00869408 11990 4350.5 0.00746822 0.0205177 -0.000204587
0.00152487 12000 4351.5 0.0103 0.00722311 0.0101682
0.00318003 12010 4352.5 0.0100949 -0.0144834 0.0267157
0.00211458 12020 4353.5 0.00641962 0.0157628 0.000695915
0.00297548 12030 4354.5 0.0059467 0.015777 0.00793544
0.00981292 12040 4355.5 0.011324 0.00462149 0.0487597
0.00474021 12050 4356.5 0.0067617 0.0334275 0.00422508
0.00142973 12060 4357.5 0.00809212 -0.0111706 0.00781387
0.00114122 12070 4358.5 0.0076349 0.0222021 5.25645e-05
0.00158404 12080 4359.5 0.00278454 0.0177593 -8.52881e-05
0.00416967 12090 4360.5 0.0074427 0.0101062 0.0082729
0.00409556 12100 4361.5 0.0089071 -0.035933 0.0179373
0.0117603 12110 4362.5 0.00580059 0.0201028 0.00755543
0.00140437 12120 4363.5 0.00646437 0.0174739 0.0025358
0.00264696 12130 4364.5 0.00789631 0.015218 0.000477008
0.00225334 12140 4365.5 0.00181015 -0.0405506 0.0153495
0.00096897 12150 4366.5 0.00431679 0.0253859 0.000780515
0.00860217 12160 4367.5 0.00545652 0.0182857 -0.000438159
0.0019937 12170 4368.5 0.00975276 -0.000499639 0.00230353
0.00411737 12180 4369.5 0.00751304 0.0360854 0.0219371
0.00831263 12190 4370.5 0.00768978 -0.0343857 0.0103142
0.00326061 12200 4371.5 -0.00141523 0.0672377 -0.0110869
0.00192774 12210 4372.5 -0.00332082 -0.00229509 0.008707
0.00124703 12220 4373.5 0.00641439 0.0146312 -0.000779311
0.00172129 12230 4374.5 0.00558692 0.0523142 0.00898343
0.00368508 12240 4375.5 0.0043768 0.01998 -0.0116943
0.0245497 12250 4376.5 0.0113481 0.00673225 0.000956414
0.000638945 12260 4377.5 0.00563466 0.0116649 0.00340465
0.00766464 12270 4378.5 0.018113 -0.0521438 -0.011075
0.00733363 12280 4379.5 0.0166503 -0.0379152 -0.0109943
0.00134686 12290 4380.5 0.00822342 0.0143593 0.00804787
0.00689936 12300 4381.5 0.0119208 -0.0265706 -0.0130716
0.00175163 12310 4382.5 -0.00252591 -0.0405994 0.122193
0.0020221 12320 4383.5 0.0069522 0.0194889 0.00430241
0.00484692 12330 4384.5 0.00718805 0.0167719 0.00472299
0.00689967 12340 4385.5 0.0169575 -0.056472 -0.00269298
0.00227139 12350 4386.5 0.00684297 0.0158292 -0.00586911
0.00296976 12360 4387.5 0.00774444 0.0210272 0.000482695
0.00123338 12370 4388.5 -0.00603526 0.0530119 -0.0032793
0.00202227 12380 4389.5 0.00631155 0.039924 0.00272164
0.00105404 12390 4390.5 0.00266409 0.0387402 -0.00113738
0.00391742 12400 4391.5 0.00876603 -0.036132 -0.00515991
0.00374822 12410 4392.5 0.0114395 0.00226592 -0.00619438
0.00687517 12420 4393.5 0.0105301 -0.0231063 0.00348829
0.00169541 12430 4394.5 0.0156857 -0.0314414 0.0187885
0.00461231 12440 4395.5 0.0220677 -0.041107 0.01326
0.00618597 12450 4396.5 0.00575179 0.0348544 -0.000471486
0.00512315 12460 4397.5 0.0159431 -0.0109199 0.0118948
0.00123056 12470 4398.5 0.0155682 0.0276936 0.00224304
0.000752594 12480 4399.5 0.00556655 0.0197678 0.00379721
0.00326554 12490 4400.5 0.00681375 0.0289965 -0.00339989
0.00536075 12500 4401.5 0.00896404 0.0180637 0.00761922
0.00238474 12510 4402.5 0.00927168 0.0178739 -0.0209372
0.00106044 12520 4403.5 0.00525679 0.0366224 -0.0100598
0.0021086 12530 4404.5 0.00516108 0.0359388 -0.00166578
0.0035878 12540 4405.5 0.00978048 -0.00663795 0.00615188
0.00482449 12550 4406.5 0.00238341 0.0570611 0.0194335
0.00485798 12560 4407.5 0.0118676 -0.0086836 0.00627733
0.00287163 12570 4408.5 0.00335955 0.0384697 -0.00818741
0.000626255 12580 4409.5 0.000907901 0.0121382 -0.0238252
0.00340633 12590 4410.5 0.00773783 -0.0013621 0.00328772
0.00141273 12600 4411.5 0.0024928 -0.0126585 0.0113097
0.00385332 12610 4412.5 0.0118477 -0.0239077 0.013255
0.00504929 12620 4413.5 0.00730921 -0.00571887 -0.00770641
0.00682514 12630 4414.5 0.00611113 0.0423542 0.0106034
0.00509416 12640 4415.5 0.00827208 -0.006311 -0.0137587
0.00708886 12650 4416.5 0.00647218 -0.0142049 0.00302114
0.00085455 12660 4417.5 0.00938437 0.00481998 0.00604265
0.00680922 12670 4418.5 0.00637121 0.0112569 0.00517911
0.00112592 12680 4419.5 0.00460323 0.00216213 0.00442706
0.00518731 12690 4420.5 0.00768709 0.022175 -0.000760058
0.00390879 12700 4421.5 -0.00224823 0.0721277 -0.00949004
0.00369264 12710 4422.5 0.00453171 -0.00217598 -0.00296216
0.00261502 12720 4423.5 0.00664711 0.00613555 0.0011137
0.00158426 12730 4424.5 0.0214424 -0.0179573 -0.0338526
0.00866039 12740 4425.5 0.00646043 -0.0243057 -0.00854596
0.00497572 12750 4426.5 0.00718529 0.0621031 0.0123482
0.0065084 12760 4427.5 0.0052734 -0.00849272 -0.0143181
0.00305292 12770 4428.5 0.00804049 -0.0271406 -0.000668975
0.00138175 12780 4429.5 0.00467885 0.000533928 0.00434843
0.00346592 12790 4430.5 0.00278031 0.00843297 0.00547101
0.0021508 12800 4431.5 0.00898697 0.00254659 -0.00811062
0.00197919 12810 4432.5 0.0163408 0.00499361 0.0183448
0.00411173 12820 4433.5 0.00801113 -0.0019852 0.0134974
0.00138402 12830 4434.5 0.00945522 0.00017693 0.00946195
0.007094 12840 4435.5 0.0058007 0.0311475 0.000306631
0.00502193 12850 4436.5 0.00816842 -0.0207317 0.00716559
0.00817771 12860 4437.5 -0.00214126 0.0751459 -0.0123173
0.00191977 12870 4438.5 0.00702946 0.0100326 0.00471451
0.00373268 12880 4439.5 0.00507425 0.0226729 0.0145639
0.00658687 12890 4440.5 0.0064097 0.0580196 0.00988059
0.00291574 12900 4441.5 0.0111815 -0.0171018 0.0105582
0.001108 12910 4442.5 0.00313438 0.0290581 -0.00582997
0.00046881 12920 4443.5 0.00607711 0.0209409 0.00140312
0.00543937 12930 4444.5 0.00529098 0.0230537 -0.00138744
0.00286488 12940 4445.5 0.00578769 -0.0157174 0.0191723
0.00270955 12950 4446.5 0.00630958 -0.035283 0.0108121
0.000945532 12960 4447.5 -0.000288951 0.00780658 -0.0233403
0.00211128 12970 4448.5 0.00539166 0.0392925 0.00379062
0.00410299 12980 4449.5 0.0102517 0.0232816 -0.034805
0.00717438 12990 4450.5 0.0112609 0.0260628 -0.00673997
0.00581765 13000 4451.5 0.00910029 -0.0261602 -0.00245954
0.00749724 13010 4452.5 0.00669276 0.0206887 -0.000869057
0.00705456 13020 4453.5 0.0118776 -0.0131527 -0.00372775
0.00603683 13030 4454.5 0.00587379 0.00154705 -0.00117715
0.00903103 13040 4455.5 0.0111103 0.0153785 -0.00357561
0.00419959 13050 4456.5 0.00638402 0.0196445 -0.0038951
0.00654994 13060 4457.5 0.0114469 -0.00450032 0.0437437
0.0052772 13070 4458.5 0.00199798 0.0260761 0.000305944
0.00305619 13080 4459.5 0.0135902 -0.0151883 0.011072
0.00333614 13090 4460.5 0.0071871 0.0230636 0.00906252
0.00128954 13100 4461.5 0.00246278 0.00962367 -0.00958572
0.00814446 13110 4462.5 0.00548156 0.0114201 0.00444886
0.00282604 13120 4463.5 0.00634876 0.0210123 -0.00121598
0.00765251 13130 4464.5 0.00773522 0.0195827 0.00120122
0.010851 13140 4465.5 0.0110254 -0.0126933 -0.00896812
0.00109291 13150 4466.5 0.0123866 -0.0057264 0.00225387
0.00226918 13160 4467.5 0.00221426 -0.0332353 0.0171216
0.00432791 13170 4468.5 0.00766258 -0.0491512 -0.0019932
0.00480811 13180 4469.5 0.0082908 -0.0393275 -0.00321029
0.00110781 13190 4470.5 0.00606792 0.0173955 0.000837567
0.00187446 13200 4471.5 0.00485219 0.0423728 0.00811316
0.00149743 13210 4472.5 0.00251032 -0.0425901 0.0301202
0.00694594 13220 4473.5 0.00751617 0.023535 -0.012585
0.00510252 13230 4474.5 0.00881213 -0.0415673 -0.0161543
0.00420396 13240 4475.5 0.00782624 -0.0160762 -0.0143663
0.00370089 13250 4476.5 0.00451096 0.00871426 -0.00141959
0.00117262 13260 4477.5 0.0040821 0.0189757 -0.0027359
0.00260382 13270 4478.5 0.00872824 0.0164804 -0.00402337
0.00917385 13280 4479.5 0.0104012 0.0287348 0.00979546
0.00321692 13290 4480.5 0.00775379 -0.00746985 0.0118502
0.0053661 13300 4481.5 0.00691401 0.0316658 0.00334967
0.00464996 13310 4482.5 0.0124887 -0.0607524 0.0172843
0.00377868 13320 4483.5 0.00855874 -0.0241912 -0.0162241
0.00400429 13330 4484.5 0.0119568 -0.0123956 0.0100844
0.00362807 13340 4485.5 0.0129092 -0.0432318 0.0190933
0.00109072 13350 4486.5 0.0134932 0.0144271 0.0217594
0.00388831 13360 4487.5 0.0122623 -0.0425241 0.00460027
0.00253669 13370 4488.5 0.0106379 0.00306676 0.00676251
0.00566666 13380 4489.5 0.00818886 0.00136007 0.00123073
0.00403916 13390 4490.5 0.0038402 -0.0339955 0.0215693
0.00513979 13400 4491.5 0.0147762 -0.00729459 0.00252871
0.0080083 13410 4492.5 0.0116192 -0.0186519 0.00220896
0.0024402 13420 4493.5 0.00481917 0.0609756 0.00717997
0.00317617 13430 4494.5 0.00597207 0.0187662 0.000413084
0.00149931 13440 4495.5 0.012535 -0.0128143 -0.00271565
0.00463833 13450 4496.5 0.0110474 -0.0160078 0.0128282
0.0032135 13460 4497.5 0.00787996 0.0167683 -0.0116451
0.00612847 13470 4498.5 0.00451069 0.0485461 -0.00311297
0.00586247 13480 4499.5 0.0118342 -0.0227437 0.00185962
0.00162305 13490 4500.5 0.0149775 -0.00243719 0.00684449
0.0115097 13500 4501.5 0.0127406 -0.0613762 0.00626419
0.0016404 13510 4502.5 0.0109836 0.0001849 -0.00421988
0.00451058 13520 4503.5 0.00441653 0.0395823 -0.000415093
0.00609648 13530 4504.5 0.0177282 -0.0146448 0.0513923
0.00284749 13540 4505.5 0.00382476 0.0333023 0.00299404
0.00347704 13550 4506.5 0.00509655 -0.00411323 -0.0018701
0.00335669 13560 4507.5 0.00313191 -0.0974928 0.0301679
0.000696869 13570 4508.5 -0.000185495 -0.0126663 0.00810111
0.00453431 13580 4509.5 0.012362 -0.0165235 -0.00391462
0.00421405 13590 4510.5 0.0113349 0.0251765 0.00157441
0.0014232 13600 4511.5 0.0109111 -0.0028582 -0.00189911
0.00465613 13610 4512.5 0.0101059 0.0101957 0.007791
0.0145504 13620 4513.5 -0.000589108 0.0437439 -0.0223757
0.00238144 13630 4514.5 0.00861185 0.0106808 -0.00664174
0.000903562 13640 4515.5 0.00525381 0.0218921 0.00482626
0.00312648 13650 4516.5 0.00462609 -0.0260908 -0.00313157
0.00166983 13660 4517.5 0.00708111 -0.00702237 0.00525496
0.00116801 13670 4518.5 0.00170414 0.0229011 0.0416255
0.00560387 13680 4519.5 0.0238203 -0.00184936 0.0521229
0.00377597 13690 4520.5 0.010341 -0.0147344 0.00468532
0.00411707 13700 4521.5 0.00385141 0.0360991 -0.00679135
0.00619803 13710 4522.5 0.0104074 0.00356668 0.00801642
0.00310819 13720 4523.5 0.00798799 0.0126101 -0.00571891
0.00588936 13730 4524.5 0.00812986 0.0277476 -0.00169166
0.0116744 13740 4525.5 0.0130545 -0.0159543 -0.0141125
0.00430161 13750 4526.5 0.00699628 -0.0279402 0.0182308
0.0023107 13760 4527.5 0.00573114 0.0368459 0.00391098
0.00174458 13770 4528.5 0.0126389 0.000182213 -0.0119045
0.00692849 13780 4529.5 0.0107946 -0.0150735 0.00518365
0.00159368 13790 4530.5 0.00421163 -0.00447994 0.00807506
0.00441329 13800 4531.5 0.00807249 0.0432547 0.00690986
0.00311365 13810 4532.5 0.00757862 0.0130771 -0.00150496
0.00111779 13820 4533.5 0.0110622 0.0161547 0.00692129
0.00569557 13830 4534.5 0.0118341 -0.0131702 -0.00162037
0.00251578 13840 4535.5 0.0153399 -0.00413275 -0.000791014
0.003627 13850 4536.5 0.0037374 0.021355 0.0098977
0.00256295 13860 4537.5 0.00796605 -0.0107166 0.00552663
0.0029088 13870 4538.5 0.000612829 0.0429213 0.00774483
0.00439075 13880 4539.5 0.0116263 0.0123587 0.00810511
0.00541039 13890 4540.5 -0.000872325 0.0389778 -0.0375714
0.00165484 13900 4541.5 0.0132826 -0.0262544 0.0153333
0.0033089 13910 4542.5 0.00656295 -0.00311773 0.00319594
0.00578514 13920 4543.5 0.0202573 -0.0248734 -0.0123299
0.00448305 13930 4544.5 0.00676011 0.0157701 0.00242314
0.000704087 13940 4545.5 0.00246766 0.0126912 0.0157982
0.00587612 13950 4546.5 0.023963 0.00286639 0.051679
0.00579584 13960 4547.5 0.00989658 -0.0455287 0.000495709
0.00461218 13970 4548.5 0.0101197 -0.0292628 0.0157826
0.00671735 13980 4549.5 0.00684592 -0.0161162 0.00739064
0.00255533 13990 4550.5 0.017071 -0.00901168 0.015861
0.00102981 14000 4551.5 0.00717716 0.00633297 0.0211693
0.00382606 14010 4552.5 0.00689168 0.0148857 -0.00765939
0.00085267 14020 4553.5 0.00591945 -0.0296683 0.000311703
0.00078141 14030 4554.5 0.00420034 0.0154605 0.00870296
0.0067107 14040 4555.5 0.00427625 0.00988925 -0.00140205
0.00416411 14050 4556.5 0.00869921 -0.0329169 -0.010351
0.00288268 14060 4557.5 0.00831955 -0.0201687 -0.00113604
0.00119159 14070 4558.5 0.00948439 0.0188475 0.00737295
0.00396394 14080 4559.5 0.0048717 0.0312218 0.0181201
0.00126148 14090 4560.5 0.0068205 0.0412336 -0.00317233
0.000960406 14100 4561.5 0.00619171 0.0272002 0.00183322
0.00256233 14110 4562.5 0.0119795 -0.0257836 0.0131927
0.00475302 14120 4563.5 0.0133181 -0.0463506 -0.00209485
0.00264902 14130 4564.5 0.00426758 -0.0020882 0.00859256
0.00576399 14140 4565.5 0.0013611 0.0261509 -0.00330202
0.00159057 14150 4566.5 0.00703078 0.00820519 0.000437317
0.00262802 14160 4567.5 0.00687838 0.0231842 0.0019262
0.00946934 14170 4568.5 0.0165759 -0.0345527 -0.00432706
0.00164969 14180 4569.5 0.0135508 0.00278388 0.0113779
0.000966153 14190 4570.5 0.00551246 0.0289761 0.00392227
0.00133014 14200 4571.5 0.00583912 0.00880103 -0.00581967
0.0010361 14210 4572.5 0.00324226 0.0198919 -0.00415169
0.00077223 14220 4573.5 0.00599305 0.0175353 -0.00123078
0.00298234 14230 4574.5 0.00817712 0.0245721 -0.0207258
0.000926301 14240 4575.5 0.00990627 0.0130222 0.00597671
0.00846884 14250 4576.5 0.00475154 0.0242362 -0.00515591
0.00399594 14260 4577.5 0.00474164 0.00599436 0.000434541
0.00197744 14270 4578.5 0.00962327 -0.0140519 0.0077259
0.00569429 14280 4579.5 0.0114245 -0.0110992 0.00950458
0.00284857 14290 4580.5 0.00236694 0.015377 0.00686638
0.00213497 14300 4581.5 0.00528265 0.0196684 0.00813234
0.00588122 14310 4582.5 0.00732559 0.00989486 0.0123289
0.00566057 14320 4583.5 0.00652304 0.0576557 0.00490986
0.0028344 14330 4584.5 0.00779557 0.0165446 -0.00816582
0.000850403 14340 4585.5 0.00633986 0.016637 0.0033258
0.0012374 14350 4586.5 0.00688298 0.0225044 0.00504236
0.00163812 14360 4587.5 0.00870788 0.0211682 0.008408
0.00304234 14370 4588.5 0.00698282 0.0482915 -0.00381931
0.00209502 14380 4589.5 0.00653694 0.0026981 0.00301922
0.00327525 14390 4590.5 -0.000275622 0.0286903 -0.00589824
0.000242917 14400 4591.5 0.0165528 0.00151879 -0.0467972
0.00251058 14410 4592.5 0.00248067 0.0296867 0.00765965
0.00466336 14420 4593.5 0.00212317 0.0577241 0.0114929
0.00941903 14430 4594.5 0.00643722 0.0109108 -0.0047149
0.0027433 14440 4595.5 0.00425385 -0.0457114 0.000574793
0.00348413 14450 4596.5 0.0018092 0.0227413 -0.00325867
0.00380498 14460 4597.5 0.0109469 -0.0196643 0.0116634
0.00360685 14470 4598.5 7.79246e-05 0.0715692 -0.0143389
0.00500087 14480 4599.5 0.00926991 0.0778067 -0.00318417
0.00496847 14490 4600.5 0.00645914 -0.0248458 -0.0131993
0.00463754 14500 4601.5 0.00832995 0.0708155 -0.000430556
0.00319954 14510 4602.5 0.00902985 -0.0123258 0.0132588
0.00529554 14520 4603.5 0.00727995 0.0179229 0.00747199
0.00492028 14530 4604.5 0.00811656 -0.0252791 0.0121505
0.00130234 14540 4605.5 0.00404963 0.0182494 0.0307744
0.00842514 14550 4606.5 0.00679984 0.00208553 0.00917412
0.0112063 14560 4607.5 0.00642855 0.0166678 0.000506456
0.00663612 14570 4608.5 0.00693028 -0.0314011 -0.0136209
0.00289667 14580 4609.5 0.00359425 0.0141497 0.0021073
0.00255428 14590 4610.5 0.00892406 0.0432707 -0.00575282
0.0152395 14600 4611.5 0.0122754 -0.0356615 -0.00506363
0.00131931 14610 4612.5 0.00665229 -0.0352342 0.00826677
0.00378596 14620 4613.5 0.006438 0.0162278 -0.00290145
0.00197088 14630 4614.5 0.00975709 0.0178864 0.00360736
0.00887155 14640 4615.5 0.00930557 -0.033158 -0.00594137
0.00911389 14650 4616.5 0.00812856 -0.0434489 -0.00984316
0.00179257 14660 4617.5 0.016221 0.01041 0.0159112
0.00136307 14670 4618.5 0.00747141 0.00565334 -0.00112562
0.00280991 14680 4619.5 0.0102912 0.0462774 0.00388124
0.00836896 14690 4620.5 0.00873426 0.00212644 0.00237573
0.00322149 14700 4621.5 0.00595237 0.019758 0.0104073
0.00257918 14710 4622.5 0.00941764 -0.0412668 0.0141095
0.000960733 14720 4623.5 0.0312477 0.00239719 0.00566125
0.00258718 14730 4624.5 -0.00528121 0.0266686 -0.00720686
0.00455917 14740 4625.5 0.0135263 -0.0244926 0.0108576
0.0033944 14750 4626.5 0.00595379 0.0436145 0.0235795
0.00315769 14760 4627.5 0.0146283 0.0101819 -0.0229296
0.00169567 14770 4628.5 0.0113402 -0.00728953 0.0154161
0.00402612 14780 4629.5 0.00749787 0.028533 -0.0080839
0.00463509 14790 4630.5 0.0102949 -0.0172824 0.00605605
0.00539913 14800 4631.5 0.00937401 0.00333513 -0.00755547
0.00252799 14810 4632.5 0.00458467 0.0390386 -0.00093548
0.00247447 14820 4633.5 0.0103482 -0.0151733 0.00306173
0.000482752 14830 4634.5 0.0160549 0.0507202 -0.00348679
0.00749749 14840 4635.5 0.00134027 0.0590261 -0.0272582
0.00124286 14850 4636.5 -0.00455444 0.0116142 -0.0112399
0.0060178 14860 4637.5 0.0102358 0.0681119 0.00321341
0.00113914 14870 4638.5 0.00823782 -0.00835849 0.0100005
0.00386641 14880 4639.5 0.00547332 0.0242667 -0.00131632
0.00615451 14890 4640.5 0.00633037 -0.024249 -0.0055767
0.00319225 14900 4641.5 0.00696842 0.0108316 -0.00904044
0.00375151 14910 4642.5 0.00546111 0.0255738 -0.00596217
0.00290869 14920 4643.5 0.00258623 -0.0392077 0.0239848
0.00700343 14930 4644.5 0.00562171 -0.00115652 0.00469717
0.00226267 14940 4645.5 0.00530781 0.011816 0.00875325
0.00309324 14950 4646.5 0.0178625 -0.0486115 -0.00137985
0.0102508 14960 4647.5 0.00650386 0.0309686 0.0168321
0.0118215 14970 4648.5 0.00865286 0.00776977 0.00760485
0.00331949 14980 4649.5 0.00412686 0.0177067 0.00758649
0.00273837 14990 4650.5 0.00584883 0.0249122 0.00141312
0.00350105 15000 4651.5 0.0061222 0.026963 0.00662126
0.0096891 15010 4652.5 0.0142306 0.00830485 0.00429573
0.00489801 15020 4653.5 0.0108234 -0.0180677 -0.00721772
0.00358244 15030 4654.5 0.00696673 -0.0106633 0.0118482
0.00100093 15040 4655.5 0.0030426 0.010981 -0.00676573
0.0101716 15050 4656.5 0.0104518 -0.0163033 -0.00201937
0.00521462 15060 4657.5 0.00603628 0.0265012 0.0102806
0.00857884 15070 4658.5 0.00621147 -0.0528016 0.0105921
0.00995699 15080 4659.5 0.0108182 -0.0210269 -0.0118085
0.00191544 15090 4660.5 0.00250336 0.0300587 0.0224964
0.0076285 15100 4661.5 -0.00471621 0.0651805 -0.0035579
0.0055793 15110 4662.5 0.00676855 0.0606172 0.00553059
0.00491181 15120 4663.5 0.00697133 -0.0331675 -0.00207131
0.00709228 15130 4664.5 0.00871586 0.0209028 -0.00237783
0.00461214 15140 4665.5 0.00403624 0.0233126 -0.00132412
0.000812418 15150 4666.5 0.00471637 0.0211538 -0.00792975
0.0048093 15160 4667.5 0.013954 0.0211279 -0.0179605
0.00109334 15170 4668.5 0.00745773 0.0127974 -0.00041362
0.00641068 15180 4669.5 0.00641081 0.0191527 -0.00385805
0.000965068 15190 4670.5 0.0108115 -0.019257 0.0176378
0.00223501 15200 4671.5 0.0138114 -0.00679326 -0.000519306
0.000562722 15210 4672.5 -0.00249111 0.0324484 -0.0155665
0.00101628 15220 4673.5 0.000974718 0.0281039 0.0117271
0.00454413 15230 4674.5 0.00770425 0.0190594 0.00380546
0.00664252 15240 4675.5 0.00899453 0.0157106 0.00183129
0.00464851 15250 4676.5 0.00873793 -0.0375632 -0.0031363
0.00834836 15260 4677.5 0.00972603 -0.00592953 0.00113897
0.00382362 15270 4678.5 0.00344035 0.0231747 0.0108316
0.00202505 15280 4679.5 0.0147453 -0.0232459 0.0155541
0.00681394 15290 4680.5 0.0176311 -0.0442802 -0.00665829
0.00712568 15300 4681.5 0.00771025 0.0149929 0.0126185
0.00253639 15310 4682.5 0.00654229 0.0135963 -0.00064039
0.00310297 15320 4683.5 0.00778721 0.00571671 0.00805524
0.000592227 15330 4684.5 0.0212387 0.017917 -0.067531
0.00494546 15340 4685.5 0.00692518 0.0149393 0.000727837
0.00157637 15350 4686.5 0.00739473 0.00708806 0.00727288
0.00417451 15360 4687.5 0.00654667 0.0132995 0.00492868
0.00552434 15370 4688.5 0.00615606 0.00478432 -0.00620258
0.00209211 15380 4689.5 0.000184289 0.0249957 -0.011546
0.0043009 15390 4690.5 0.00661652 0.0217246 -0.00438448
0.00355559 15400 4691.5 0.00820728 -0.0138588 0.0122258
0.00249629 15410 4692.5 0.00559979 0.0114454 -0.00109626
0.00138039 15420 4693.5 0.0164393 0.0147334 -0.00706828
0.00387216 15430 4694.5 0.00485325 -0.0337451 -0.00270548
0.00391141 15440 4695.5 0.00267367 0.0609921 0.00215398
0.00083058 15450 4696.5 -0.00393462 0.0195716 -0.0320853
0.00214856 15460 4697.5 0.0055616 0.0227537 -0.00614037
0.000910177 15470 4698.5 0.0172084 -0.0417782 -0.0019062
0.00176006 15480 4699.5 0.00257401 0.0403487 -0.0121836
0.00329915 15490 4700.5 -0.000212563 0.0249483 -0.0120948
0.00618069 15500 4701.5 -0.000837016 -0.0378958 0.0336808
0.00349543 15510 4702.5 0.010701 -0.0546598 -0.00204274
0.00441158 15520 4703.5 0.007336 0.0213738 0.00214929
0.00154153 15530 4704.5 0.0101193 0.0168795 -0.0036522
0.00344963 15540 4705.5 0.00506125 0.0334082 -0.000603412
0.00441626 15550 4706.5 0.00681938 0.0201356 0.00417825
0.000265412 15560 4707.5 0.0115223 -0.00453828 -0.00254818
0.00120761 15570 4708.5 0.00453258 0.00413184 0.0291077
0.00487707 15580 4709.5 0.00278142 -0.036387 0.019267
0.00430907 15590 4710.5 0.00846788 -0.0275587 0.00338558
0.00842886 15600 4711.5 0.00485711 0.0241052 -0.0107323
0.0101649 15610 4712.5 0.00624923 0.00244154 -0.00647116
0.00139704 15620 4713.5 0.020721 0.0161845 -0.0227921
0.00114466 15630 4714.5 0.0111815 0.0130468 -0.00282572
0.00346449 15640 4715.5 0.00517047 0.0134122 0.0125755
0.0106063 15650 4716.5 0.0117379 0.0066698 -0.0107607
0.00344197 15660 4717.5 0.00927381 -0.0388078 -0.000152483
0.00562466 15670 4718.5 0.0110578 0.0113609 -0.0109175
0.00839925 15680 4719.5 0.00382915 0.06721 0.0114228
0.0035119 15690 4720.5 0.00478141 0.0159276 -0.0012798
0.00202213 15700 4721.5 0.00749405 0.00289656 0.00535107
0.00185783 15710 4722.5 0.00337539 -0.00949799 0.000547043
0.000831979 15720 4723.5 0.00493599 0.0359721 0.00803554
0.00112769 15730 4724.5 5.30767e-05 0.0146234 -0.015813
0.0073489 15740 4725.5 0.0105506 -0.0163966 0.0032158
0.00159519 15750 4726.5 0.00511307 0.0152832 0.00393855
0.00591116 15760 4727.5 0.00446166 0.00413818 0.0475794
0.00513 15770 4728.5 0.00228293 -0.0447305 -0.00179526
0.00257897 15780 4729.5 0.0153255 0.0164942 -0.0266727
0.00473591 15790 4730.5 0.00162443 0.0535775 0.00360555
0.00650064 15800 4731.5 0.00295415 0.0728798 0.0051245
0.00167166 15810 4732.5 0.00158994 -0.0264905 0.026636
0.000746355 15820 4733.5 0.00457304 0.0182248 -0.00824917
0.00491688 15830 4734.5 0.00480883 0.0246361 -0.00553837
0.0015659 15840 4735.5 0.00162453 -0.0469311 -0.0130351
0.00276427 15850 4736.5 0.008552 -0.050512 0.0182222
0.000743411 15860 4737.5 0.0088167 0.0168501 0.0095488
0.00411846 15870 4738.5 0.005084 0.0223437 0.00126636
0.0067982 15880 4739.5 0.00504048 -0.0182046 0.00314596
0.0196726 15890 4740.5 0.0123697 -0.0205833 0.0125028
0.00254053 15900 4741.5 0.0119325 -0.0159679 0.00990095
0.00321648 15910 4742.5 0.00684452 0.0212646 0.00583149
0.00477168 15920 4743.5 0.00606237 0.0120537 -0.00663394
0.00496944 15930 4744.5 0.0146579 -0.0445251 0.0110735
0.00464581 15940 4745.5 0.00707218 0.0141413 0.00349367
0.00201638 15950 4746.5 0.00552291 0.00228016 0.015685
0.00223801 15960 4747.5 0.00375894 0.0344451 -0.00803924
0.00206629 15970 4748.5 0.00141844 0.0226115 -0.00787264
0.0059293 15980 4749.5 0.00556219 0.0181857 -0.00531454
0.00655587 15990 4750.5 0.00654622 -0.0325639 -0.0197781
0.00463981 16000 4751.5 0.00728101 -0.00272204 0.0045869
0.00710001 16010 4752.5 0.00714122 0.0225878 7.60142e-06
0.00346936 16020 4753.5 0.0227107 0.0166307 -0.0432915
0.00288328 16030 4754.5 0.00631489 0.00987166 0.00254519
0.0106417 16040 4755.5 0.00569343 0.0214118 -0.00253979
0.00241989 16050 4756.5 0.00755626 0.0146804 0.00385061
0.00510309 16060 4757.5 0.000625028 0.0751078 -0.00855764
0.00153042 16070 4758.5 0.00836539 0.0122861 -0.00124479
0.00905655 16080 4759.5 0.00449424 0.0217655 0.00135079
0.00880777 16090 4760.5 0.0146518 0.0261744 0.0135379
0.001214 16100 4761.5 0.00404626 -0.0210408 0.0189427
0.0020087 16110 4762.5 0.0116185 -0.033736 0.00612159
0.00419916 16120 4763.5 0.00844264 0.0260721 0.000539694
0.00390811 16130 4764.5 0.00268488 0.0244366 0.00173131
0.00370224 16140 4765.5 0.0050343 0.0168015 0.00160098
0.00696342 16150 4766.5 0.0178985 -0.044206 -0.0234977
0.00836179 16160 4767.5 0.0151516 -0.0183582 -0.0105082
0.000904186 16170 4768.5 0.00650796 0.0161693 0.00217756
0.00509624 16180 4769.5 0.0137064 -0.0458219 -0.00188305
0.00553904 16190 4770.5 0.00286378 -0.0387231 -0.0129688
0.00118784 16200 4771.5 0.0177807 -0.0427762 0.0260048
0.00823748 16210 4772.5 0.00582277 0.0169161 -0.000493401
0.00538166 16220 4773.5 0.0110488 -0.0113449 0.00258895
0.00134117 16230 4774.5 0.004918 0.028288 0.000658695
0.0100402 16240 4775.5 0.00855411 0.0259117 0.0134082
0.00611675 16250 4776.5 0.00885816 0.0389765 -0.00158628
0.00324249 16260 4777.5 0.00816272 0.0126032 0.00279293
0.00305069 16270 4778.5 0.00720868 0.0235936 0.00697483
0.00379417 16280 4779.5 0.0058145 0.0236421 0.00450084
0.00662824 16290 4780.5 0.011411 -0.0170202 0.0364531
0.00529419 16300 4781.5 0.0119945 -0.0121566 0.00739788
0.00185264 16310 4782.5 0.00736065 0.00424297 0.00164787
0.00423754 16320 4783.5 0.00689853 -0.00102872 0.0126749
0.00467666 16330 4784.5 0.00814272 0.0189536 -0.0067903
0.00706979 16340 4785.5 0.00632159 -0.0213589 0.0311583
0.00204626 16350 4786.5 0.00841579 0.0095912 0.00427403
0.0054374 16360 4787.5 0.0121138 -0.0114668 -0.016592
0.00289698 16370 4788.5 0.0119182 0.0756509 0.00323069
0.000670968 16380 4789.5 0.00735493 0.0105254 -0.00237114
0.00423837 16390 4790.5 0.00896133 -0.0324312 0.00957823
0.00298475 16400 4791.5 -0.00208215 0.0673223 -0.0283788
0.00307217 16410 4792.5 0.000485142 0.0626673 -0.0158587
0.00211524 16420 4793.5 0.00488359 0.0259719 -0.00704447
0.00439117 16430 4794.5 0.00991022 0.00377368 -0.00541444
0.00451141 16440 4795.5 0.00772458 0.00624264 0.00672077
0.00274028 16450 4796.5 0.0119742 0.0106703 -0.022023
0.00176882 16460 4797.5 0.0139315 -0.00123185 0.0221595
0.00762562 16470 4798.5 0.0101855 -0.00444756 0.00512489
0.003682 16480 4799.5 0.00859108 0.00946124 -0.00380707
0.00421751 16490 4800.5 0.00398694 0.0181405 0.00889099
0.00463792 16500 4801.5 0.00777613 0.0228658 -0.0128916
0.00080812 16510 4802.5 0.00841769 0.0178143 0.0120186
0.00159124 16520 4803.5 0.00887059 0.0222048 0.00263527
0.00323836 16530 4804.5 0.00314747 0.0184633 0.00719228
0.00080266 16540 4805.5 0.00437376 0.0160252 0.000910967
0.0041599 16550 4806.5 0.0174332 -0.03284 -0.00275574
0.00239459 16560 4807.5 0.00652456 0.0245979 0.00322739
0.00547007 16570 4808.5 0.00437994 0.0256424 0.00247487
0.00520524 16580 4809.5 0.00840053 -0.00956155 -0.00955396
0.00496062 16590 4810.5 0.00697127 0.0326146 -0.00635308
0.00160055 16600 4811.5 0.00814008 -0.0242732 0.0129544
0.00391525 16610 4812.5 0.00734482 0.0478056 0.0128659
0.00472716 16620 4813.5 0.00321486 0.0301944 0.0100872
0.0016056 16630 4814.5 0.00809201 0.0159229 0.00143565
0.00152961 16640 4815.5 0.00759298 -0.0206388 0.00616638
0.00930863 16650 4816.5 0.00450558 0.000550964 0.0541965
0.00529371 16660 4817.5 0.0065269 0.0090954 -0.00460977
0.0102453 16670 4818.5 0.0167684 -0.0288247 0.00673273
0.00650201 16680 4819.5 0.00246482 0.0205906 0.00564087
0.00406224 16690 4820.5 0.00760105 -0.0185311 0.00482977
0.000912236 16700 4821.5 0.00323141 0.0199505 0.0108462
0.00287935 16710 4822.5 0.00873922 0.033846 -0.00762868
0.00628251 16720 4823.5 0.00288851 0.0304814 0.00989489
0.000786789 16730 4824.5 0.00211385 0.0161467 0.000560593
0.000977819 16740 4825.5 0.00332114 0.0340068 0.00597038
0.00112651 16750 4826.5 0.00896799 0.00948072 0.00874545
0.00427043 16760 4827.5 0.00657491 0.0402138 -0.00266986
0.0088727 16770 4828.5 0.0076944 0.0150535 0.00142756
0.00204476 16780 4829.5 0.00496224 -0.00925099 0.000816762
0.00167829 16790 4830.5 0.00499342 0.0274107 -0.00557677
0.00521689 16800 4831.5 0.00910285 0.0103626 0.0226763
0.00233331 16810 4832.5 -0.00702305 0.069535 -0.0239642
0.00413581 16820 4833.5 0.0114043 -0.0165793 0.0134537
0.00194746 16830 4834.5 0.0029156 0.0398428 0.0326035
0.00173853 16840 4835.5 0.00700445 0.0237024 0.00281307
0.001985 16850 4836.5 0.00876806 0.0165649 -0.00154935
0.0111916 16860 4837.5 0.0178813 -0.0296111 0.0134198
0.00493374 16870 4838.5 0.00631652 0.0295354 0.00990982
0.0019519 16880 4839.5 0.00864716 0.00670457 -0.00333139
0.00259755 16890 4840.5 0.00507149 0.0332109 0.00561055
0.00290695 16900 4841.5 0.00473623 -0.0102815 0.00976811
0.00312671 16910 4842.5 0.0097852 -0.0146314 0.0104357
0.00472567 16920 4843.5 0.00285138 -0.00235607 -0.00320303
0.00296965 16930 4844.5 0.00539295 0.0205993 -0.00249369
0.000876498 16940 4845.5 0.00540135 0.0069167 -0.00441173
0.00200103 16950 4846.5 0.00303997 0.0199265 0.00828079
0.00311782 16960 4847.5 -0.00245993 0.0230849 -0.00901918
0.0021707 16970 4848.5 0.00887295 0.0113488 0.00523435
0.000965956 16980 4849.5 0.0140665 0.0230306 -0.0449703
0.000966472 16990 4850.5 0.00703726 0.0168694 0.00702368
0.00283657 17000 4851.5 0.00888642 0.0472379 -0.00430445
0.00271362 17010 4852.5 0.00731865 0.0332703 0.00842176
0.0081256 17020 4853.5 0.0126919 -0.00847056 0.0150163
0.00080914 17030 4854.5 0.0048544 0.0208945 0.0174927
0.00209602 17040 4855.5 0.00933798 0.00910865 0.0055264
0.0144326 17050 4856.5 0.0133636 -0.0341214 -0.00737979
0.00601137 17060 4857.5 0.00754681 -0.0109771 0.0141511
0.00548249 17070 4858.5 0.00504359 0.0270526 0.00537812
0.00778105 17080 4859.5 0.0116862 0.0631903 0.00173673
0.00185468 17090 4860.5 0.0111918 0.00693715 0.00870251
0.0100124 17100 4861.5 0.00884795 0.00883671 -0.00606359
0.00128403 17110 4862.5 0.00186479 0.0307033 0.000114001
0.00104357 17120 4863.5 0.0103154 0.0262819 -0.0165337
0.00168393 17130 4864.5 0.00890672 -0.00843032 0.0194044
0.00153298 17140 4865.5 0.00409839 0.0225654 -0.00426009
0.0010764 17150 4866.5 0.00539377 0.0193645 0.0106957
0.00566338 17160 4867.5 0.00357928 0.0199153 0.0059129
0.00322445 17170 4868.5 0.00114431 -0.00128549 0.00561591
0.00312682 17180 4869.5 0.00551294 0.0107972 0.000128715
0.00138536 17190 4870.5 -0.000791042 0.00822319 -0.023542
0.00515415 17200 4871.5 0.00858636 -0.00880719 0.00571119
0.00595913 17210 4872.5 0.00448362 0.00949926 0.0108115
0.000597077 17220 4873.5 0.00455024 0.0306714 0.00291577
0.0100221 17230 4874.5 0.00751199 0.0114404 -0.000529798
0.00069815 17240 4875.5 0.00961562 0.0211283 0.00370293
0.00078415 17250 4876.5 0.00913469 0.0173954 0.00253643
0.00349009 17260 4877.5 0.00592781 0.0289714 0.00178029
0.011293 17270 4878.5 0.0160551 -0.0288605 0.0127982
0.0039261 17280 4879.5 0.00858547 -0.0133707 0.0113747
0.00152095 17290 4880.5 0.00776939 0.0112717 0.00967916
0.00409278 17300 4881.5 0.00546434 0.0289476 0.00965282
0.00472698 17310 4882.5 0.00373405 0.0287127 0.00349799
0.00134028 17320 4883.5 0.00629042 0.0396701 0.000669993
0.0119265 17330 4884.5 0.00875554 0.0178166 0.00846809
0.00776521 17340 4885.5 0.00395887 0.0134148 0.000427029
0.00939513 17350 4886.5 0.0066377 -0.0413662 0.00142608
0.00495273 17360 4887.5 0.00327324 0.0242025 -0.00102561
0.00102875 17370 4888.5 0.00463092 0.00533867 -0.000555524
0.00356982 17380 4889.5 0.0166955 0.0207706 -0.0240151
0.00479429 17390 4890.5 0.0112523 -0.0156993 0.0136515
0.00224017 17400 4891.5 0.0102773 -0.0176033 0.00970866
0.00426747 17410 4892.5 0.00818994 0.0587119 0.0101106
0.0049899 17420 4893.5 0.00783936 0.051123 0.0152844
0.00325679 17430 4894.5 0.00617756 -0.0254936 -0.0142512
0.0030028 17440 4895.5 0.00727635 0.0126051 0.0015634
0.00366524 17450 4896.5 0.0165145 -0.0258892 0.00842601
0.00346983 17460 4897.5 0.0103352 0.0525094 0.0272059
0.00821916 17470 4898.5 0.00590473 0.027279 -1.99323e-05
0.00429861 17480 4899.5 0.0210613 -0.0150051 0.00468982
0.00594362 17490 4900.5 0.00939971 0.0042394 0.00373591
0.00515259 17500 4901.5 0.00422578 -0.014782 0.0120539
0.00407034 17510 4902.5 0.00984445 0.00380483 0.00889266
0.00158552 17520 4903.5 0.00685481 0.00978554 -0.00904163
0.00191767 17530 4904.5 0.0144548 -0.026267 0.00803869
0.0050663 17540 4905.5 0.00826305 0.0291991 0.00224528
0.00700658 17550 4906.5 0.0214583 0.0209843 -0.0116006
0.00482459 17560 4907.5 0.00918254 -0.0164827 0.00382198
0.00454989 17570 4908.5 0.00731725 0.0169037 0.0164693
0.00485667 17580 4909.5 0.0135114 -0.0451598 0.0020859
0.00272813 17590 4910.5 0.00796495 0.0014512 0.00621447
0.00770029 17600 4911.5 0.0170521 0.00207097 0.0596332
0.00611888 17610 4912.5 0.0120603 0.0219042 -0.00467706
0.00249331 17620 4913.5 0.00735094 0.0104963 -0.00473583
0.00130917 17630 4914.5 0.0015846 0.0369042 0.00426156
0.00759871 17640 4915.5 0.0114506 -0.0246873 0.00356307
0.00538598 17650 4916.5 0.016209 0.0731106 0.0170259
0.00767406 17660 4917.5 0.00508239 0.0221366 -0.00642118
0.00379741 17670 4918.5 0.00732601 0.00589738 -0.00446574
0.00523709 17680 4919.5 0.00798983 0.00579937 0.0146765
0.0014677 17690 4920.5 0.00869011 0.0202584 0.00456711
0.00516603 17700 4921.5 0.00964071 -0.0138377 0.0173428
0.00368853 17710 4922.5 0.00985765 -0.013892 0.00704424
0.00877639 17720 4923.5 -0.000159425 0.0593889 -0.00495926
0.00202636 17730 4924.5 0.0110806 0.0201268 0.0041004
0.00335897 17740 4925.5 0.00618715 0.0300213 0.00762401
0.000747661 17750 4926.5 0.00884874 0.0371644 0.0166608
0.00151903 17760 4927.5 0.0054764 0.0196356 -0.00186019
0.00434004 17770 4928.5 0.00634318 0.00397786 0.0708418
0.0054729 17780 4929.5 0.00792826 0.0244626 -0.00620666
0.00447036 17790 4930.5 0.00758279 -0.00135075 0.0145818
0.00383186 17800 4931.5 0.0040156 0.0250985 0.00148991
0.00457793 17810 4932.5 0.00656277 0.0143187 0.0093654
0.00613954 17820 4933.5 0.00473545 -0.0210011 0.0319855
0.00710562 17830 4934.5 0.00553336 0.0626387 0.00402882
0.0135529 17840 4935.5 0.0148473 -0.00100695 0.0380788
0.00242791 17850 4936.5 0.00401141 0.0216296 -0.00524804
0.00180268 17860 4937.5 0.00362547 0.0213714 0.000800001
0.00286162 17870 4938.5 0.00787409 0.0105352 -0.00474626
0.00818529 17880 4939.5 0.00549728 0.0199962 0.00361344
0.0109501 17890 4940.5 0.0076246 -0.0117857 -0.0164098
0.00584162 17900 4941.5 0.00924413 -0.0439221 0.0248291
0.00697115 17910 4942.5 -0.00974915 0.0283615 -0.110485
0.00363191 17920 4943.5 0.00652361 -0.0356077 -0.00338241
0.00931232 17930 4944.5 0.0111576 -0.0181769 -0.00761345
0.00104328 17940 4945.5 0.0148696 0.00505977 0.0167913
0.00598124 17950 4946.5 0.0109878 -0.0215908 0.00925204
0.00138878 17960 4947.5 0.00297488 0.0109954 0.0155392
0.00756305 17970 4948.5 -0.00104757 -0.0279734 0.0122948
0.00274763 17980 4949.5 0.0048499 0.0166246 0.000342707
0.0057023 17990 4950.5 0.00714334 -0.0255987 0.00156894
0.0051258 18000 4951.5 0.00549134 0.0209559 0.00199086
