0.00112429 10 1537.9 0.00920244 0.020364 0.00593857
0.000491086 20 1538.9 0.00340423 0.0163711 -0.00580175
0.00542291 30 1539.9 0.00539332 -0.0152158 0.00171995
0.00486478 40 1540.9 0.0051936 0.0194348 0.0113193
0.00493762 50 1541.9 0.00677668 -0.00885318 -0.00420147
0.00124993 60 1542.9 0.00640414 -0.00285793 0.00392958
0.000629606 70 1543.9 0.00473804 0.0176855 0.00384793
0.000695774 80 1544.9 0.00672632 0.015209 -0.00539936
0.00386812 90 1545.9 0.00743516 0.0288421 0.0110494
0.00162621 100 1546.9 0.0067698 -0.00397553 0.00806771
0.00111624 110 1547.9 0.00170619 0.0147427 0.0123673
0.00155107 120 1548.9 0.00536636 -0.0127712 0.000776222
0.00129662 130 1549.9 0.00647448 0.00521057 0.012062
0.00242489 140 1550.9 0.00649427 0.0108916 0.00345478
0.00070106 150 1551.9 0.00306625 0.0135928 0.00793777
0.0100026 160 1552.9 0.00951318 -0.0234712 0.00156187
0.00257865 170 1553.9 0.0042534 0.020365 0.0153036
0.00458432 180 1554.9 0.0227348 -0.0449367 -0.00972281
0.00147109 190 1555.9 0.00946058 -0.0101404 0.0114685
0.00183295 200 1556.9 0.00221282 -0.00609594 0.00766786
0.00180075 210 1557.9 0.00349784 0.00796695 0.00420439
0.00308834 220 1558.9 0.0092798 -0.0446044 0.0147838
0.00152994 230 1559.9 0.00668002 -0.00171722 0.0179139
0.00701722 240 1560.9 0.0126874 -0.0298701 -0.00579489
0.00372888 250 1561.9 0.00668598 0.038516 0.0354074
0.00417278 260 1562.9 0.00822962 0.0241922 -0.00164465
0.000358308 270 1563.9 0.008304 0.0322307 0.00571715
0.00416917 280 1564.9 0.00724955 0.0327024 -0.00445256
0.00797376 290 1565.9 0.0116484 -0.0230528 -0.00191828
0.00598776 300 1566.9 0.00863019 0.00468522 0.00187141
0.00450787 310 1567.9 0.0095693 -0.0471757 -0.00849171
0.00465888 320 1568.9 0.00577732 0.0101763 0.0080514
0.00114499 330 1569.9 0.0101951 -0.00112177 -0.00642352
0.00217079 340 1570.9 0.011736 -0.006662 0.0112443
0.00494408 350 1571.9 0.0131339 0.0316216 2.15599e-06
0.00548613 360 1572.9 0.00757971 0.0158799 -0.00671641
0.000742468 370 1573.9 0.0101824 -0.0324177 0.0126675
0.000379986 380 1574.9 0.00740757 0.0165647 0.00286144
0.00470826 390 1575.9 0.00478079 0.0279269 -0.0110634
0.00299712 400 1576.9 0.026617 -0.0519023 -0.0169411
0.00174644 410 1577.9 0.0181253 -0.00514171 -0.00522313
0.0040169 420 1578.9 0.0111123 -0.0493968 0.00556656
0.00195211 430 1579.9 0.00838714 -0.0144363 0.00976823
0.00192481 440 1580.9 0.00945971 -0.00899909 0.0126933
0.00470731 450 1581.9 0.00992017 0.013415 -0.00791671
0.001591 460 1582.9 0.00172409 0.0257723 0.0122196
0.0044275 470 1583.9 0.00803975 0.00562745 0.00164584
0.00169315 480 1584.9 0.00651322 0.0230125 0.0141315
0.000670612 490 1585.9 0.0067973 -0.00197612 0.00807974
0.00302041 500 1586.9 0.00990285 -0.0267809 0.00743162
0.00459405 510 1587.9 0.00451613 0.0701664 0.00683656
0.00183159 520 1588.9 0.0028637 -0.00954004 0.021608
0.00626354 530 1589.9 0.00763677 0.035842 0.0204114
0.00449895 540 1590.9 0.00792049 -0.0206428 0.0158878
0.00242008 550 1591.9 0.00698887 0.00876388 -0.00566955
0.00201481 560 1592.9 0.0043031 0.022617 0.00196095
0.0012693 570 1593.9 0.00461296 0.0119525 0.00903472
0.00480467 580 1594.9 0.00227101 0.0222145 0.000156844
0.00144531 590 1595.9 0.00606108 0.0091016 0.0123639
0.00825998 600 1596.9 0.0150076 0.0235575 0.00178523
0.000625771 610 1597.9 0.00590931 0.0181494 -0.00362096
0.000567254 620 1598.9 -0.0018202 0.0100622 -0.0032404
0.00221082 630 1599.9 0.00416735 0.0245597 -0.000699962
0.00115384 640 1600.9 0.00509129 -0.00179087 0.0116153
0.0016489 650 1601.9 0.00716382 0.00161771 -0.00935089
0.00164374 660 1602.9 0.0110932 0.0183512 -0.0130215
0.00271666 670 1603.9 0.00512303 0.0286122 -0.00797954
0.00513254 680 1604.9 0.0207871 -0.0428913 -0.000275475
0.00569447 690 1605.9 0.00880447 -0.0153527 -0.00548296
0.00287427 700 1606.9 0.0110806 0.00584107 -0.00262666
0.00224061 710 1607.9 0.0159311 0.0447549 -0.0152177
0.000945274 720 1608.9 0.00685519 0.0109242 0.0109039
0.00141434 730 1609.9 0.0022035 0.0468087 0.00629903
0.00364299 740 1610.9 0.00520483 -0.0132158 0.0209012
0.00582147 750 1611.9 0.0075692 -0.0385423 -0.00205666
0.00692845 760 1612.9 0.0122231 -0.017611 -0.00346428
0.00173524 770 1613.9 0.00638966 0.0184134 -0.00288381
0.0040082 780 1614.9 0.0143604 -0.0387783 0.00444552
0.00205746 790 1615.9 -0.00362003 0.0588663 -0.0131198
0.00106102 800 1616.9 0.0145777 0.0340348 -0.0320656
0.00496655 810 1617.9 0.00826406 0.068895 0.00274784
0.00141792 820 1618.9 0.00435169 0.0154682 0.00245938
0.00137484 830 1619.9 0.00670957 -0.000790479 0.00182848
0.00269026 840 1620.9 0.00684159 0.00203361 0.014754
0.00249379 850 1621.9 0.00891881 0.0303204 0.00734082
0.0112835 860 1622.9 0.00913272 0.0167847 0.00469012
0.00331567 870 1623.9 0.00534552 0.0103313 0.00183478
0.00439905 880 1624.9 0.0125738 -0.0298368 0.0119942
0.00106596 890 1625.9 0.0102058 0.00491293 -0.0298597
0.00180514 900 1626.9 0.00322282 0.0142828 -0.00838549
0.00487765 910 1627.9 0.0330694 0.116632 -0.0570966
0.0123012 920 1628.9 0.00117606 -0.0327722 -0.00777011
0.00175187 930 1629.9 0.00720844 -0.00751509 0.00272312
0.00946948 940 1630.9 0.00929476 0.0268238 0.00907498
0.00303863 950 1631.9 0.00522448 0.0194382 0.00290515
0.00873023 960 1632.9 0.00411859 0.0223734 -0.00581379
0.00319489 970 1633.9 0.00703079 0.0174432 0.00153654
0.00398863 980 1634.9 0.00492063 0.0277956 0.0119833
0.004115 990 1635.9 0.0176641 -0.0404259 0.00802561
0.00264708 1000 1636.9 0.00613761 -0.00428618 -0.000976159
0.00557329 1010 1637.9 -7.74276e-05 0.0360177 -0.0374993
0.00439604 1020 1638.9 0.009204 0.00228483 0.0145631
0.00661045 1030 1639.9 0.00996737 -0.0568493 0.0258119
0.00247456 1040 1640.9 0.00672262 0.0350021 0.00492381
0.00159249 1050 1641.9 0.010587 0.0179737 -0.00713277
0.00244656 1060 1642.9 0.00951909 -0.0066 0.00747245
0.00379257 1070 1643.9 0.00557122 -0.0102722 0.0108694
0.00243019 1080 1644.9 0.0109419 -0.0149952 0.00679752
0.00605863 1090 1645.9 0.00702596 0.0633807 0.00613843
0.00548044 1100 1646.9 0.00556444 0.00268689 -0.000364699
0.0052505 1110 1647.9 0.0142306 -0.0483316 0.000337798
0.00428918 1120 1648.9 0.00689845 0.0197926 0.000320486
0.00407837 1130 1649.9 0.0124384 -0.03408 -0.00867841
0.00398906 1140 1650.9 0.00572631 0.0154113 -0.000962913
0.00611693 1150 1651.9 0.00725746 -0.0219011 -0.0081018
0.0065844 1160 1652.9 0.0108916 -0.0319412 -0.00666066
0.00533987 1170 1653.9 0.00901232 -0.0346649 -0.00545757
0.00119462 1180 1654.9 0.0130945 0.0110802 0.0176923
0.00635955 1190 1655.9 0.00567105 0.0281293 0.00682762
0.0119215 1200 1656.9 0.0146811 -0.0278873 -0.0152903
0.00185433 1210 1657.9 0.00974987 0.0709377 -0.0101819
0.00147266 1220 1658.9 0.0094076 -0.000491148 -0.000568983
0.00694549 1230 1659.9 0.00688305 -0.0170413 -0.00109311
0.0022811 1240 1660.9 0.00863205 -0.015072 0.010537
0.00414926 1250 1661.9 0.00550284 0.0255146 -0.00918644
0.0026565 1260 1662.9 -0.00826239 -0.0480825 0.00057289
0.00762227 1270 1663.9 0.0248322 0.00679097 0.0605452
0.00734788 1280 1664.9 0.00592867 0.0182226 0.00608364
0.00349067 1290 1665.9 0.00717122 0.0455895 0.0206673
0.0047948 1300 1666.9 0.00684429 0.0137604 0.0149425
0.0037045 1310 1667.9 0.0163645 -0.00661466 0.00736064
0.00132983 1320 1668.9 0.00150578 0.0213783 0.0226755
0.00222808 1330 1669.9 0.00613236 0.0197099 0.00561722
0.00077697 1340 1670.9 -0.000923113 0.0254174 -0.0128889
0.00588838 1350 1671.9 0.00661483 0.0211188 -0.00422285
0.00278272 1360 1672.9 0.0108872 0.0126394 0.00451834
0.00777526 1370 1673.9 0.00491736 -0.0215149 -0.0113845
0.00856345 1380 1674.9 0.0130319 -0.00463525 -0.0172132
0.00303669 1390 1675.9 0.00998593 0.011081 0.0108144
0.00473997 1400 1676.9 0.00780271 0.064578 0.0140733
0.000677586 1410 1677.9 0.00559204 0.00553782 -0.0014635
0.00369022 1420 1678.9 0.00901851 0.072794 0.000683162
0.00335698 1430 1679.9 0.00620253 0.0207185 0.0016726
0.00294528 1440 1680.9 0.00504374 -0.0351562 0.0265632
0.0017234 1450 1681.9 0.00400704 0.0187057 -0.00101301
0.00165449 1460 1682.9 0.0123414 -0.0438666 0.015783
0.00256449 1470 1683.9 0.00697862 -0.0100085 0.0166139
0.00231226 1480 1684.9 0.00623966 -0.007389 0.0129776
0.00225992 1490 1685.9 0.00757599 0.00107457 0.00656726
0.00670869 1500 1686.9 0.0120647 -0.0339036 0.0063801
0.00453029 1510 1687.9 0.00932069 0.0207112 0.0114713
0.00141065 1520 1688.9 0.00477124 0.00888802 0.0062627
0.00684943 1530 1689.9 0.0110555 0.0369299 0.0191145
0.00174816 1540 1690.9 0.00310792 0.0126234 0.0119981
0.00407464 1550 1691.9 0.0156136 0.000956165 0.0135771
0.00359055 1560 1692.9 0.0117769 -0.00366692 -0.00470015
0.00186459 1570 1693.9 0.0069738 0.00594763 0.0141696
0.0032641 1580 1694.9 0.0108595 0.0528837 -0.0188124
0.00173787 1590 1695.9 0.00614467 0.0262785 -0.0148492
0.00432745 1600 1696.9 0.0153237 0.0786892 -0.00945704
0.00521261 1610 1697.9 0.003381 -0.0208641 -0.0174739
0.00817361 1620 1698.9 0.00656864 0.016436 0.00487452
0.00640041 1630 1699.9 0.0087455 -0.0289737 -0.00482309
0.00591516 1640 1700.9 0.0102817 -0.00705335 0.0157736
0.00336674 1650 1701.9 0.0036141 0.0177959 0.00220834
0.0015676 1660 1702.9 0.0164828 0.0300909 -0.0190464
0.00672552 1670 1703.9 0.014204 0.0188986 0.00420602
0.00149141 1680 1704.9 0.010607 0.00380966 -0.001664
0.0106952 1690 1705.9 0.00517984 0.0399319 0.0141632
0.00120167 1700 1706.9 0.00717285 0.0275423 0.00151445
0.00690573 1710 1707.9 0.00510844 0.0323716 -0.00086964
0.00596831 1720 1708.9 0.00378316 0.0461334 0.00401654
0.00237826 1730 1709.9 0.00413996 0.077501 0.0140511
0.00416236 1740 1710.9 -0.000774144 0.0117552 -0.0139816
0.00119819 1750 1711.9 0.0091932 0.0141904 0.0105139
0.00299181 1760 1712.9 0.0116339 -0.0177034 0.0268355
0.00723947 1770 1713.9 -0.00343149 -0.0262329 0.00793859
0.00473881 1780 1714.9 0.0128166 0.018383 -0.0187694
0.00555119 1790 1715.9 0.0123232 -0.0368085 0.00189615
0.00272167 1800 1716.9 0.00602102 0.0320662 0.00120366
0.00248899 1810 1717.9 0.0126742 0.041398 -0.00463023
0.0119768 1820 1718.9 0.0200015 -0.0456707 0.0466971
0.00289523 1830 1719.9 0.011511 -0.0109503 0.00479309
0.00145043 1840 1720.9 0.00871627 -0.0316082 0.0236282
0.00236118 1850 1721.9 0.00797257 -0.00833192 0.0130616
0.00144889 1860 1722.9 0.0123164 0.00483656 -0.00166603
0.0058693 1870 1723.9 0.00742245 0.0115547 -0.00178764
0.00755216 1880 1724.9 0.00686583 -0.0339665 0.0540374
0.00776768 1890 1725.9 0.00811043 -0.0190853 0.000824385
0.00467036 1900 1726.9 0.00681035 0.00531659 0.00215211
0.00355722 1910 1727.9 0.0136889 -0.0303252 -0.00688482
0.00144616 1920 1728.9 0.00776267 0.00486562 0.00168406
0.00681774 1930 1729.9 0.00878433 -0.0162085 0.00572725
0.0082272 1940 1730.9 0.00749775 -0.015578 -0.0109469
0.00387884 1950 1731.9 0.0118023 -0.0503233 0.00545639
0.00217918 1960 1732.9 0.00631126 0.00433828 -0.00463189
0.00253793 1970 1733.9 0.00476447 0.0607007 0.000335659
0.00416642 1980 1734.9 0.00437748 0.0114853 0.00657643
0.00459264 1990 1735.9 0.00917203 -0.0362529 0.013939
0.00537259 2000 1736.9 0.00673388 0.0277532 -0.000918759
0.00631923 2010 1737.9 0.00858806 0.00884056 -0.00357844
0.00902638 2020 1738.9 0.00654329 -0.00913808 0.0408835
0.00634253 2030 1739.9 0.00713592 0.0165076 0.00731878
0.00629172 2040 1740.9 -0.0020244 0.0545618 -0.0273109
0.00607957 2050 1741.9 0.00657264 0.0348878 -0.00392681
0.00107431 2060 1742.9 0.00753176 0.00631928 -0.0048006
0.0055796 2070 1743.9 0.000708227 0.076579 -0.013994
0.00323767 2080 1744.9 0.0156697 -0.0195384 0.0225907
0.000777801 2090 1745.9 0.00583584 0.0074229 -0.0104178
0.00657529 2100 1746.9 0.00247166 0.0255849 0.00511745
0.00192666 2110 1747.9 0.0096365 0.00125284 0.0132259
0.00438758 2120 1748.9 0.00383987 0.0610673 0.0104487
0.00130773 2130 1749.9 0.012847 0.00995181 -0.01695
0.00138075 2140 1750.9 0.00156361 -0.0166814 0.0379426
0.00187897 2150 1751.9 0.00756484 -0.0066815 -0.00256231
0.0077513 2160 1752.9 0.0111982 0.000402702 0.00383576
0.00212576 2170 1753.9 0.00520947 0.0421371 0.00346672
0.00586793 2180 1754.9 0.00615432 -0.00418342 -0.00402478
0.00626947 2190 1755.9 0.0180573 -0.0445255 -0.00576238
0.00132498 2200 1756.9 0.00545497 0.0151664 -0.0101658
0.00369403 2210 1757.9 0.0126671 -0.0255007 0.0126507
0.0046332 2220 1758.9 0.0147679 -0.0230231 -0.0136051
0.00189507 2230 1759.9 0.00398096 -0.00565971 0.0109179
0.00229869 2240 1760.9 0.0153919 -0.00666486 -0.0131388
0.00754517 2250 1761.9 0.00958819 -0.0216989 -0.0119813
0.0025485 2260 1762.9 0.0183905 0.0170317 4.66276e-05
0.00106465 2270 1763.9 0.00598409 0.0222758 -0.00968834
0.00118435 2280 1764.9 0.0111875 1.09963e-05 0.0189686
0.00134252 2290 1765.9 0.0112255 -0.0339034 0.0155869
0.00226402 2300 1766.9 0.00388306 0.0156398 -0.00263674
0.00195567 2310 1767.9 0.00104126 0.0233153 0.000953425
0.00197841 2320 1768.9 0.00564651 0.000281625 0.00684912
0.00249823 2330 1769.9 0.00496318 0.0176172 0.0019859
0.00211271 2340 1770.9 0.0149501 -0.0472484 -0.00856381
0.00118775 2350 1771.9 0.00551288 0.0241571 0.00862428
0.00509625 2360 1772.9 0.0170306 0.0788532 -0.00378031
0.00521535 2370 1773.9 0.00809951 -0.00937204 -0.00386618
0.00433258 2380 1774.9 0.0136618 0.00237868 0.0110586
0.00119688 2390 1775.9 0.00784747 -0.001121 0.0121299
0.0011605 2400 1776.9 0.00578244 0.00815849 0.0117086
0.00516586 2410 1777.9 -0.00572477 -0.0293905 0.00941515
0.00255582 2420 1778.9 0.00683489 0.0222277 -0.00146243
0.006823 2430 1779.9 0.0103725 -0.0317038 0.0148532
0.00152823 2440 1780.9 0.00361328 0.0187342 -0.00921222
0.00711537 2450 1781.9 0.010114 -0.0354276 -0.00871223
0.010997 2460 1782.9 0.0208704 0.119674 -0.0439195
0.00576807 2470 1783.9 0.00575801 0.0172712 0.00315408
0.00968549 2480 1784.9 0.0063406 0.0332298 0.010367
0.00450352 2490 1785.9 -0.00196603 -0.0290397 0.00466546
0.000810408 2500 1786.9 0.00670511 0.037159 0.00556078
0.0102128 2510 1787.9 0.00381757 -0.0280257 -0.000238151
0.00199502 2520 1788.9 0.00958097 -0.0216466 0.0138508
0.00220862 2530 1789.9 0.00577841 0.0255287 -0.00972489
0.0049902 2540 1790.9 0.0056397 0.0270749 0.000932997
0.00549759 2550 1791.9 0.00702422 0.0271306 0.00579621
0.00921116 2560 1792.9 0.00889479 -0.0162644 -0.0103513
0.0054516 2570 1793.9 0.00511898 0.0687812 0.0113189
0.00469598 2580 1794.9 0.00458606 0.0299391 -0.00615149
0.00271268 2590 1795.9 0.00630709 0.0245038 0.00432114
0.00158959 2600 1796.9 0.00718444 0.00311701 0.0227995
0.00177213 2610 1797.9 0.0106456 -0.0146145 0.0180066
0.00462529 2620 1798.9 0.00915797 0.0219237 -0.0142975
0.00790803 2630 1799.9 0.0120263 0.0772992 -0.000192273
0.0060309 2640 1800.9 0.0143282 0.0126369 0.0133019
0.00524718 2650 1801.9 0.00742964 -0.035998 0.00748225
0.000879461 2660 1802.9 0.00886327 -0.0104269 0.00331007
0.00278685 2670 1803.9 0.0109357 -0.0226883 0.0161726
0.00151378 2680 1804.9 0.00153648 -0.0479225 -0.0123593
0.00166795 2690 1805.9 0.0082764 0.0259153 0.00034067
0.000718648 2700 1806.9 0.005697 0.0112587 0.00167514
0.00436735 2710 1807.9 0.0141932 -0.031022 -0.011517
0.00642115 2720 1808.9 0.00490092 -0.0228152 -0.00619923
0.00152976 2730 1809.9 0.0118431 0.0137535 -0.00728108
0.00334845 2740 1810.9 0.0128495 -0.0256072 0.0126445
0.00246245 2750 1811.9 0.0144504 -0.0108953 0.0101335
0.00658676 2760 1812.9 0.00403258 0.0579619 0.00521339
0.00161785 2770 1813.9 0.00968161 -0.0216241 0.0131087
0.0056054 2780 1814.9 0.0102232 0.0238394 0.00179013
0.00216809 2790 1815.9 0.0125222 -0.00854659 0.0161615
0.00599125 2800 1816.9 0.0047355 -0.000506509 0.00366804
0.00295386 2810 1817.9 -0.0153929 0.0363898 -0.0530672
0.00634138 2820 1818.9 0.00722277 -0.0175869 -0.000179708
0.00165619 2830 1819.9 0.0111567 0.00160889 0.0143645
0.0022635 2840 1820.9 0.00408398 0.0212374 0.00426103
0.00585444 2850 1821.9 0.00138111 -0.00899133 0.0266334
0.00106885 2860 1822.9 0.0108805 0.00705119 0.00972697
0.00415276 2870 1823.9 0.00707084 0.0230404 -0.000451136
0.00426494 2880 1824.9 0.00739068 0.0620161 -0.00334728
0.00972826 2890 1825.9 0.00860415 -0.0295729 -0.00899641
0.00654702 2900 1826.9 0.00491302 0.0216698 -0.00266662
0.00419594 2910 1827.9 0.0111302 -0.0155072 0.0184394
0.00435448 2920 1828.9 0.0146408 0.0184941 -0.0109105
0.00374288 2930 1829.9 0.00692459 0.0266931 0.0222714
0.00540219 2940 1830.9 0.0141938 -0.0310785 0.0118709
0.00359159 2950 1831.9 -0.00177182 -0.0393335 0.013221
0.00211271 2960 1832.9 0.00967059 -0.00680772 0.0110293
0.00106746 2970 1833.9 0.00900194 -0.0119136 0.00394882
0.0074394 2980 1834.9 0.0122709 -0.0375904 -0.00552683
0.00151385 2990 1835.9 0.00166541 0.0372637 0.00109592
0.00812876 3000 1836.9 0.00953825 -0.00938899 -0.0106588
0.0175393 3010 1837.9 -0.0112254 0.0599918 -0.0240908
0.000622624 3020 1838.9 0.00415395 0.00925807 0.000333178
0.0022931 3030 1839.9 0.00360361 -0.00949749 0.0175244
0.00705763 3040 1840.9 0.00721292 -0.024436 -0.0131298
0.0013155 3050 1841.9 0.0108806 -0.0252297 -0.000410777
0.00231318 3060 1842.9 0.000336143 0.0564797 -0.015704
0.00233847 3070 1843.9 0.0070438 -0.0359597 0.0123757
0.00872156 3080 1844.9 0.0199525 -0.0327997 -0.0102798
0.00477066 3090 1845.9 -0.00108645 0.0750742 -0.00423753
0.00119069 3100 1846.9 0.00329554 0.0201551 0.00241334
0.00671727 3110 1847.9 0.0138267 -0.0162631 0.0135304
0.00438577 3120 1848.9 0.00325003 0.0206379 -0.00673972
0.00588249 3130 1849.9 0.00657644 0.00857655 0.0294115
0.00251734 3140 1850.9 0.00489584 -0.00459711 0.00189691
0.00126117 3150 1851.9 0.00822003 -0.00774456 0.00111934
0.00964959 3160 1852.9 0.00510852 0.0205584 -0.00283474
0.00183349 3170 1853.9 0.00609952 0.0108438 0.000250395
0.00279175 3180 1854.9 0.0122201 0.00163431 -0.0169493
0.00086579 3190 1855.9 0.00831695 -0.0147375 0.00433568
0.010194 3200 1856.9 0.019532 -0.0516432 -0.00608015
0.00773852 3210 1857.9 0.015539 -0.0324116 -0.00902484
0.00136629 3220 1858.9 0.0212987 -0.00908402 0.0167753
0.00107549 3230 1859.9 0.00959469 0.0121957 0.00672499
0.00448359 3240 1860.9 0.00740403 0.060726 0.00508291
0.000625725 3250 1861.9 0.00183269 0.029783 -0.0178024
0.00545589 3260 1862.9 0.00967929 -0.0338773 0.015185
0.00286284 3270 1863.9 0.00718033 0.0138054 0.00172624
0.00195959 3280 1864.9 0.0089676 -0.033529 0.0158283
0.000865938 3290 1865.9 0.00709131 0.015103 -0.00450684
0.00226914 3300 1866.9 0.00334513 0.0151817 0.00372251
0.00575691 3310 1867.9 0.00821952 -0.0313542 -0.00603546
0.00404483 3320 1868.9 0.00449144 0.0198109 0.0185015
0.00577844 3330 1869.9 0.0133639 -0.0349822 -0.00892995
0.00459056 3340 1870.9 0.010169 0.0157662 0.0039091
0.00202886 3350 1871.9 0.00222992 0.0109413 -0.0107009
0.00328012 3360 1872.9 -0.0263376 0.0506985 -0.082519
0.00261835 3370 1873.9 0.0107043 -0.0203791 0.00784504
0.00822685 3380 1874.9 0.00955816 0.0173053 0.00656729
0.00527876 3390 1875.9 0.00632927 0.0254875 0.00913808
0.00117262 3400 1876.9 0.000106606 -0.00841005 0.00230793
0.00161092 3410 1877.9 0.0019532 0.0400656 0.00661843
0.00209154 3420 1878.9 0.00628533 0.00850926 0.0017094
0.00281918 3430 1879.9 0.0108867 0.0108167 0.0146384
0.00488346 3440 1880.9 0.00735132 0.0191482 0.00193745
0.00478884 3450 1881.9 0.00573129 0.0360743 -0.00334705
0.00489926 3460 1882.9 0.00675429 -0.0159311 0.00273517
0.00292094 3470 1883.9 0.00524808 0.0701562 0.0122983
0.00403539 3480 1884.9 0.00904817 -0.0378295 0.00409775
0.00262885 3490 1885.9 0.00905153 0.00151823 0.0187779
0.00257808 3500 1886.9 0.004311 0.0182721 0.00509382
0.00134491 3510 1887.9 0.001571 0.0226936 0.00567998
0.00524744 3520 1888.9 0.00825605 0.0227989 0.0114198
0.0038085 3530 1889.9 0.0151957 0.0479327 0.025855
0.00610457 3540 1890.9 0.00530674 0.0297919 0.00258699
0.00110031 3550 1891.9 0.0159329 -0.0142272 0.0125643
0.00622555 3560 1892.9 0.0107305 -0.0225852 -0.0115729
0.00404189 3570 1893.9 0.00993972 0.0186326 -0.0103278
0.00122716 3580 1894.9 0.0068614 0.00201848 0.00807392
0.00291125 3590 1895.9 0.00624821 0.0196326 -0.000839603
0.00358359 3600 1896.9 0.0112639 0.0235061 0.011318
0.00113258 3610 1897.9 0.00797977 -1.4296e-05 0.0130905
0.00581892 3620 1898.9 0.0040313 -0.00102539 0.0114171
0.0027883 3630 1899.9 0.00582383 0.0202267 -0.0104835
0.00444131 3640 1900.9 0.00721365 0.0205131 0.00442178
0.00451513 3650 1901.9 0.00467398 0.0165578 0.000719444
0.00647222 3660 1902.9 0.00372301 -0.0287738 -0.00641081
0.00215794 3670 1903.9 0.00889525 0.000224396 0.0125205
0.00180312 3680 1904.9 0.00980013 -0.028579 0.0168309
0.00605547 3690 1905.9 0.00693952 0.064069 0.0165787
0.00439852 3700 1906.9 0.0106077 0.0262802 -0.0212087
0.00475519 3710 1907.9 0.00602853 -0.0502843 -0.00299393
0.00501659 3720 1908.9 0.00428295 0.0387022 -0.00982654
0.0017186 3730 1909.9 0.00630795 0.0179582 0.00562348
0.00113355 3740 1910.9 0.00607213 0.0251356 0.000546747
0.00316452 3750 1911.9 0.00486401 0.0223446 0.0100691
0.00240928 3760 1912.9 0.00849235 0.00584533 0.00801612
0.000593165 3770 1913.9 -0.00839916 0.0240601 -0.0503779
0.00497728 3780 1914.9 0.0127995 -0.01494 0.00336486
0.000669869 3790 1915.9 0.0125619 -0.011289 0.00798065
0.00118725 3800 1916.9 0.00877742 0.0116866 0.0238409
0.00168623 3810 1917.9 0.00760433 -0.0249011 0.0151877
0.00389755 3820 1918.9 0.00495342 0.014899 0.000113902
0.000833552 3830 1919.9 0.0101385 -0.000931804 0.016292
0.00110299 3840 1920.9 0.00460487 0.0181508 0.0108925
0.00789282 3850 1921.9 0.00663265 0.00261224 0.0138335
0.00271168 3860 1922.9 0.00691713 0.0121296 0.00835456
0.00226382 3870 1923.9 0.00615314 -0.00946138 0.00910324
0.00123439 3880 1924.9 0.0102268 -0.00414459 0.0206271
0.000732249 3890 1925.9 0.00218823 0.0164111 0.002684
0.00293035 3900 1926.9 0.00579 0.021048 -0.00945785
0.00111764 3910 1927.9 0.00607549 0.0248196 -0.00595661
0.000907367 3920 1928.9 0.00866351 0.0269243 -0.016747
0.00377675 3930 1929.9 0.00376503 0.0442006 0.0097913
0.00257537 3940 1930.9 0.00968208 -0.0262158 0.0218147
0.00123452 3950 1931.9 0.0115888 -0.0334575 0.0186578
0.00105923 3960 1932.9 0.0109851 4.2374e-05 0.0120786
0.00354885 3970 1933.9 0.0145459 0.00804796 -0.0131877
0.00215601 3980 1934.9 0.00411886 -0.0532286 -0.00562712
0.00137163 3990 1935.9 0.0126977 0.0109284 0.0178873
0.00216626 4000 1936.9 0.00595745 -0.0134907 0.00508963
0.00464851 4010 1937.9 0.00922639 -0.018973 0.00999261
0.00905507 4020 1938.9 0.0120894 -0.0255234 -0.0211119
0.000691988 4030 1939.9 0.00580745 0.033112 0.0193868
0.00447507 4040 1940.9 0.0145713 -0.0485366 -0.00229054
0.00136561 4050 1941.9 0.00307759 0.0106807 0.00798156
0.000674259 4060 1942.9 0.00489691 0.0139687 0.00401812
0.00521261 4070 1943.9 0.0103473 0.0164628 0.00420788
0.00665691 4080 1944.9 0.0125012 -0.0111116 0.0128099
0.000703497 4090 1945.9 0.00558394 0.0211405 0.000187746
0.0097628 4100 1946.9 0.0104067 0.0314221 0.00962253
0.0016064 4110 1947.9 0.00858494 -0.016464 0.0128917
0.00577904 4120 1948.9 0.00440041 0.0249571 0.00979012
0.00390233 4130 1949.9 0.00331353 0.036318 0.00567123
0.00127769 4140 1950.9 0.00354488 -0.0283389 -0.00230133
0.00104275 4150 1951.9 0.00419684 0.0134826 0.00291538
0.00313715 4160 1952.9 0.00319315 0.0106292 -0.0137689
0.00809048 4170 1953.9 0.00802318 0.0199271 0.0061518
0.0063883 4180 1954.9 0.014793 -0.0389049 -0.0140478
0.00126793 4190 1955.9 0.00372909 0.0172059 0.00464089
0.00276775 4200 1956.9 0.00893641 -0.0279551 0.0188519
0.00541443 4210 1957.9 0.00364094 0.025206 -0.00274269
0.00164553 4220 1958.9 0.0059716 0.00900314 0.00436328
0.00175265 4230 1959.9 0.0073095 -0.0294628 0.0187516
0.00374197 4240 1960.9 0.00692727 -0.00736801 0.00238007
0.00597457 4250 1961.9 0.00179674 0.0577398 0.00807346
0.00147438 4260 1962.9 0.0160328 0.0226888 -0.033477
0.00847704 4270 1963.9 0.00674354 0.057228 0.00485913
0.00634274 4280 1964.9 0.00834326 0.0191132 -0.00941707
0.00566734 4290 1965.9 0.00813893 -0.0219102 -0.00798015
0.00678166 4300 1966.9 0.01172 0.0721111 0.0109273
0.00214839 4310 1967.9 0.00726238 -0.0130306 0.0191422
0.00234657 4320 1968.9 0.00850493 0.00137339 0.0126759
0.00346782 4330 1969.9 0.00740571 0.0199084 0.00251184
0.00371083 4340 1970.9 0.00454693 -0.0291094 0.00375644
0.00190777 4350 1971.9 0.00257475 -0.00599451 0.00856829
0.00333686 4360 1972.9 0.00665979 0.0238532 0.00750637
0.00714832 4370 1973.9 0.005988 0.0534242 0.00746249
0.00852252 4380 1974.9 0.00708157 0.0306378 -0.000609985
0.0116995 4390 1975.9 0.0134774 -0.00952126 0.0105089
0.00359416 4400 1976.9 0.00736936 -0.0216166 0.00709731
0.00380124 4410 1977.9 0.00835653 0.0135793 -0.000713398
0.00365226 4420 1978.9 0.00560217 0.0183502 0.00427742
0.00339042 4430 1979.9 0.0053014 0.0196259 -0.00524257
0.000952772 4440 1980.9 0.00460478 0.00865963 -0.0612562
0.0042788 4450 1981.9 -0.000128124 0.0228345 -0.0200644
0.00453553 4460 1982.9 0.00432253 0.0307698 -0.00594941
0.00298812 4470 1983.9 0.0106509 0.02048 -0.00149313
0.00442714 4480 1984.9 0.000525236 0.0296214 -0.0143355
0.000839973 4490 1985.9 0.00870621 0.021792 0.00542475
0.00311423 4500 1986.9 0.00369522 0.0422417 0.000204006
0.00465892 4510 1987.9 0.00200901 -0.0303147 0.00446217
0.00299428 4520 1988.9 0.00362001 0.00934 0.00354167
0.00620839 4530 1989.9 0.00694524 -0.023541 -0.00525656
0.0101991 4540 1990.9 0.0115463 -0.047856 0.00101601
0.000618426 4550 1991.9 0.00472217 0.0199855 0.0078333
0.00294532 4560 1992.9 0.00693857 0.0284469 0.0120336
0.00136276 4570 1993.9 0.00667446 -0.00539344 -0.00643549
0.00146034 4580 1994.9 0.00941438 0.0379143 0.0123169
0.0091634 4590 1995.9 0.00984616 0.0247532 0.0100414
0.00569814 4600 1996.9 0.007036 0.0500952 -0.00738007
0.00559309 4610 1997.9 0.00594418 0.0246523 0.001116
0.00543723 4620 1998.9 0.0110147 -0.0270556 -0.0106826
0.00280244 4630 1999.9 -0.00658328 0.0667667 -0.0279778
0.00075934 4640 2000.9 0.00343039 0.0430559 0.0136126
0.0011967 4650 2001.9 0.00527543 -0.00274873 0.00795839
0.00150817 4660 2002.9 0.0113514 0.041442 0.0178898
0.00103249 4670 2003.9 0.00109459 0.0140042 0.00348366
0.00421645 4680 2004.9 0.0150036 -0.0399285 -0.0172341
0.00777676 4690 2005.9 0.00976595 0.0624072 0.00942004
0.00163614 4700 2006.9 0.0055216 -0.00418072 0.00174544
0.00212893 4710 2007.9 0.0110603 0.0152448 -0.00922161
0.0102864 4720 2008.9 0.0066728 -0.0208773 -0.0120246
0.0014224 4730 2009.9 0.0366687 0.0819263 0.0337281
0.00448878 4740 2010.9 0.00625287 0.0176985 0.011243
0.0036301 4750 2011.9 0.00826782 0.0133194 0.000854156
0.00195199 4760 2012.9 0.0123845 -0.00162637 -0.00131036
0.00414332 4770 2013.9 0.00509644 0.0210574 0.000332854
0.00558333 4780 2014.9 0.00568183 0.0043109 0.00294531
0.00134524 4790 2015.9 0.0106144 0.00591841 0.00986379
0.00161811 4800 2016.9 0.00404367 -0.0130123 0.0167064
0.00187268 4810 2017.9 0.00777825 0.0103317 0.00284702
0.00127532 4820 2018.9 0.00498985 0.0265274 0.00629832
0.00606147 4830 2019.9 0.0054755 0.0663123 0.0108563
0.00559132 4840 2020.9 0.0120564 0.0154211 -0.0126984
0.0106525 4850 2021.9 0.0149284 -0.0363558 0.00527636
0.00390893 4860 2022.9 0.0103608 -0.0222317 -0.00292898
0.00189503 4870 2023.9 0.00790987 -0.0285845 0.014276
0.00343263 4880 2024.9 0.00542889 -0.00638884 0.00339397
0.00747722 4890 2025.9 0.00460576 -0.0102812 -0.012045
0.0037691 4900 2026.9 0.0161901 -0.05033 -0.00339862
0.00126886 4910 2027.9 0.00905505 0.00530441 0.00818273
0.00298924 4920 2028.9 0.00638459 0.026755 2.46147e-05
0.00160365 4930 2029.9 0.00893749 0.00744099 0.00531141
0.00234663 4940 2030.9 0.0102672 -0.0028622 0.00540649
0.00370024 4950 2031.9 0.00650018 0.00258715 0.00701454
0.00156082 4960 2032.9 0.00867459 -0.00362235 0.0140311
0.00340405 4970 2033.9 0.00158111 -0.0185663 0.0276415
0.0067732 4980 2034.9 0.0132049 -0.0288621 0.00099206
0.00615881 4990 2035.9 0.00677316 0.0295833 0.0060245
0.00461662 5000 2036.9 0.0106336 -0.00886696 0.0113297
0.00750129 5010 2037.9 0.00748844 0.0717994 0.00708473
0.00342834 5020 2038.9 0.0154684 0.00175363 0.0140741
0.00730282 5030 2039.9 0.00586208 0.0172683 -0.00597202
0.00434385 5040 2040.9 0.00376357 0.0623063 0.016072
0.00436641 5050 2041.9 0.0100118 0.0612606 0.00295196
0.00145788 5060 2042.9 0.00243467 0.0278587 0.0139664
0.00597808 5070 2043.9 0.0106885 0.0299914 0.0238482
0.00333861 5080 2044.9 0.0125889 0.00641529 -0.0019696
0.00598585 5090 2045.9 -0.0025816 0.0672722 -0.022134
0.00449086 5100 2046.9 0.00469036 0.0134484 -0.0161127
0.00205617 5110 2047.9 0.00650198 0.00516865 0.00228269
0.00287276 5120 2048.9 0.0077185 -0.000325155 0.00702034
0.00274682 5130 2049.9 0.00356209 0.0269598 0.00617995
0.00569865 5140 2050.9 0.00728679 -0.0300474 0.0100084
0.00124058 5150 2051.9 0.00899382 0.0176289 -0.00484538
0.00165323 5160 2052.9 0.00979003 0.0147664 0.0159943
0.00318045 5170 2053.9 0.00629496 0.00376367 0.0185262
0.0081539 5180 2054.9 0.00905376 -0.0182352 0.0071103
0.00296838 5190 2055.9 0.0068576 0.0351956 0.0223325
0.00130122 5200 2056.9 0.000210806 0.0271321 -0.0124965
0.00118452 5210 2057.9 0.00786545 0.0176976 -0.000805827
0.00582505 5220 2058.9 0.0116274 -0.000406338 -0.0103003
0.00984007 5230 2059.9 0.0177757 -0.0118506 -0.0147695
0.00166321 5240 2060.9 0.00257895 0.00463395 0.0282543
0.00287815 5250 2061.9 0.0137437 -0.0102605 -0.0148724
0.00145224 5260 2062.9 0.0117173 -0.010875 -0.00779018
0.00136441 5270 2063.9 0.00652774 0.0175583 0.00927914
0.00346957 5280 2064.9 0.00366822 -0.0391334 -0.00814443
0.00360054 5290 2065.9 0.00145919 0.0584143 0.0168328
0.000805709 5300 2066.9 0.00822514 -0.00324084 -0.00101985
0.00323219 5310 2067.9 0.00470101 0.00744547 0.0121512
0.00214161 5320 2068.9 0.00960771 0.0379431 -0.000639192
0.0080405 5330 2069.9 0.00574889 0.0221481 0.000643326
0.00662163 5340 2070.9 -0.000280424 0.0674959 -0.0233457
0.00227578 5350 2071.9 0.00845295 0.00147593 0.00111461
0.00605477 5360 2072.9 0.00499409 0.0320253 0.0083781
0.00745495 5370 2073.9 0.004229 0.0202044 0.00646278
0.0061637 5380 2074.9 0.0069309 0.0617393 -0.00683501
0.00241794 5390 2075.9 0.010769 -0.0132033 0.0121209
0.00472658 5400 2076.9 0.00750514 0.0175496 0.00588123
0.00541315 5410 2077.9 0.00408775 0.00766765 3.51509e-05
0.00100436 5420 2078.9 0.00490892 0.0186699 0.00441125
0.00609974 5430 2079.9 0.00845199 -0.046117 -0.00517493
0.00414328 5440 2080.9 0.00740819 0.0524346 0.00838716
0.00536261 5450 2081.9 0.00628431 0.0182388 0.0023142
0.00370516 5460 2082.9 0.00239124 -0.0531263 -0.00387004
0.00299334 5470 2083.9 0.0120323 0.0162344 0.00601583
0.0015417 5480 2084.9 0.00438732 0.0154978 -0.00687343
0.0070562 5490 2085.9 0.00880347 0.0174839 -0.0009052
0.00380004 5500 2086.9 0.00588039 -0.0437684 -0.00758041
0.00121697 5510 2087.9 0.00528247 0.00878867 0.0125149
0.00455378 5520 2088.9 0.0114682 -0.0252755 0.0121176
0.00385899 5530 2089.9 0.00832594 0.0207978 0.00291841
0.00098221 5540 2090.9 0.00236281 0.029761 0.0209925
0.00455531 5550 2091.9 0.0069946 0.0269768 -0.000470099
0.00215989 5560 2092.9 0.00551763 0.0069575 0.00184606
0.0102295 5570 2093.9 0.0177221 -0.0402964 -0.00871007
0.00250031 5580 2094.9 0.00291942 0.0212234 0.0049505
0.00399247 5590 2095.9 0.00634613 0.0146428 0.00113203
0.00339519 5600 2096.9 0.0062457 0.0598671 0.00232109
0.00797786 5610 2097.9 0.0106037 -0.0380404 -0.00571818
0.014578 5620 2098.9 0.00541301 0.00751583 0.00630988
0.00495671 5630 2099.9 0.00431251 0.0440454 -7.61284e-05
0.00775552 5640 2100.9 0.00793281 0.0131902 4.13599e-05
0.00984212 5650 2101.9 -0.0171759 0.0455948 -0.0830239
0.00197566 5660 2102.9 0.0254527 -0.0483866 0.00623438
0.00373305 5670 2103.9 0.0116181 -0.0257327 0.014579
0.00354671 5680 2104.9 0.0118908 0.0900777 -0.00956287
0.0090006 5690 2105.9 0.0134434 -0.0332159 -0.0112473
0.00132129 5700 2106.9 0.00392915 0.0176192 0.00420618
0.00138251 5710 2107.9 0.00595743 0.0305039 0.00556009
0.00167496 5720 2108.9 0.0197476 0.000466289 0.0288357
0.00820727 5730 2109.9 0.00687271 -0.0129289 -0.00401826
0.00215559 5740 2110.9 -0.000357826 0.0422294 -0.00744885
0.00607158 5750 2111.9 0.00996654 0.00757498 0.00946281
0.00236374 5760 2112.9 0.0180784 0.0429866 -0.0390423
0.00475418 5770 2113.9 0.00817951 -0.0257891 0.0135665
0.0032447 5780 2114.9 0.011758 -0.0373812 0.0089988
0.00867125 5790 2115.9 0.0054366 -0.0403135 0.0633798
0.00290036 5800 2116.9 0.00350708 0.0107416 -0.00714056
0.00975754 5810 2117.9 -0.00194889 0.0681831 -0.00627232
0.00177875 5820 2118.9 0.00878033 0.0200473 0.0115471
0.00394261 5830 2119.9 0.0154873 -0.0601801 0.000342754
0.0022348 5840 2120.9 0.010468 -0.000887461 -0.0160052
0.00053136 5850 2121.9 0.00734982 0.00586477 0.0212548
0.00122738 5860 2122.9 0.00488336 0.0136032 0.00410934
0.0020894 5870 2123.9 0.00845978 0.0339209 0.00879358
0.00265755 5880 2124.9 0.00969586 0.014991 0.00654139
0.00696232 5890 2125.9 0.0125915 -9.76781e-05 0.0107296
0.00717433 5900 2126.9 0.00762772 0.0218193 -0.00973998
0.00533905 5910 2127.9 0.0138043 0.0375894 0.0365805
0.00744859 5920 2128.9 0.00574156 0.0364363 -9.76479e-05
0.00716386 5930 2129.9 0.00879918 0.0622255 -0.00766278
0.00344892 5940 2130.9 0.0102794 -0.0276242 0.000643857
0.00209348 5950 2131.9 0.00660896 0.0396641 0.00173706
0.00610278 5960 2132.9 0.0055109 -0.00558717 0.0100369
0.00167406 5970 2133.9 0.0059706 -0.00180886 0.00690971
0.00158271 5980 2134.9 0.00508334 0.0136596 0.0106775
0.00213504 5990 2135.9 0.00221905 -0.0446828 0.0313204
0.00918955 6000 2136.9 0.0200009 -0.034312 -0.0110733
0.00189461 6010 2137.9 0.0131884 -0.00851378 0.0133601
0.00235493 6020 2138.9 0.00567073 0.0350035 -0.00221014
0.00381006 6030 2139.9 0.00977749 -0.0361033 -0.0135336
0.0044567 6040 2140.9 0.0103236 -0.0437916 -0.00663757
0.00385327 6050 2141.9 0.00634369 -0.00177664 0.0123611
0.00881311 6060 2142.9 0.00309637 -0.0204686 -0.00797616
0.00661141 6070 2143.9 0.00965025 0.0602732 0.0128896
0.00253357 6080 2144.9 0.0180226 -0.00928119 0.0115661
0.00135708 6090 2145.9 0.00445564 0.0216311 -0.00993449
0.00416549 6100 2146.9 0.00781117 -0.0161106 0.0111976
0.0106581 6110 2147.9 0.00826806 -0.0378759 -0.00237736
0.00200863 6120 2148.9 0.00611457 -0.0240188 0.0125932
0.00361577 6130 2149.9 0.00466161 -0.0313989 -0.00029052
0.00525029 6140 2150.9 0.00268506 0.0288533 0.00358471
0.000899498 6150 2151.9 0.0060719 0.0169242 0.00835658
0.0108685 6160 2152.9 0.00814779 0.072212 0.00508449
0.00397199 6170 2153.9 0.0123365 0.00716843 0.0120114
0.00704034 6180 2154.9 -0.00053026 0.017774 -0.0149544
0.00553762 6190 2155.9 0.0166362 0.0592515 0.00766383
0.0101866 6200 2156.9 0.00775077 -0.0307662 -0.00808579
0.00437653 6210 2157.9 0.00980435 -0.0125418 0.00273464
0.00325006 6220 2158.9 0.00708454 -0.00654063 0.00883191
0.00286266 6230 2159.9 0.00777622 0.0152423 0.00118422
0.00200354 6240 2160.9 0.00649741 0.00899803 -0.00588775
0.0028189 6250 2161.9 0.00665557 -0.0318633 0.0121787
0.00417841 6260 2162.9 0.00553656 -0.0190948 -0.0132307
0.00410749 6270 2163.9 0.000598992 0.0548746 -0.00062648
0.00947103 6280 2164.9 0.00794612 -0.0250023 -0.00492518
0.0120927 6290 2165.9 0.00635989 0.0692521 1.18797e-05
0.00101036 6300 2166.9 0.00458462 0.0338676 -0.00202527
0.00291067 6310 2167.9 0.00772558 -0.000283958 -0.00355512
0.00610001 6320 2168.9 0.0120656 -0.0174167 -0.0284381
0.00148819 6330 2169.9 0.00799115 0.0183125 0.0135279
0.00431048 6340 2170.9 0.00967222 -0.0198233 0.00368014
0.00327493 6350 2171.9 0.00717423 -0.0147113 0.00477072
0.00105782 6360 2172.9 0.00863515 0.00949982 0.000720574
0.00236017 6370 2173.9 0.00641705 0.0212498 -9.66797e-05
0.00300081 6380 2174.9 0.00767453 -0.0125261 0.019598
0.00163652 6390 2175.9 0.0152699 -0.0358734 0.0125313
0.00309353 6400 2176.9 0.00525539 0.0333644 0.00202685
0.00203288 6410 2177.9 0.00646387 -0.0137972 0.0202818
0.000965627 6420 2178.9 0.00158249 0.0158398 -0.00840727
0.00690413 6430 2179.9 0.00931916 0.00922991 0.0107842
0.00716521 6440 2180.9 0.0105024 -0.00554268 0.00389858
0.00244362 6450 2181.9 0.00508283 -0.00279911 0.0110911
0.0011129 6460 2182.9 0.00358126 0.0258342 0.0106551
0.00815324 6470 2183.9 0.0117815 0.00965788 0.0291405
0.000791863 6480 2184.9 0.00864325 0.0341812 0.0110143
0.00961417 6490 2185.9 0.0114652 0.00742494 0.0140265
0.00663244 6500 2186.9 0.00582595 0.0656858 0.00628379
0.00119596 6510 2187.9 0.00260877 0.0300263 0.000949915
0.00806529 6520 2188.9 0.00691195 0.0273557 0.00340647
0.00619285 6530 2189.9 0.00534592 0.0317106 -0.00886337
0.000865885 6540 2190.9 -0.00303323 0.0199216 -0.0228325
0.00640561 6550 2191.9 0.0140082 -0.0263217 -0.00639414
0.00715425 6560 2192.9 0.00256899 -0.0324676 -0.0146439
0.00278822 6570 2193.9 0.00644714 0.00891656 0.0118337
0.00334191 6580 2194.9 0.00526718 -0.00712185 0.0163898
0.00166936 6590 2195.9 0.00600389 0.00931994 0.00203341
0.00152824 6600 2196.9 0.0117125 -0.0141931 0.00169395
0.00177811 6610 2197.9 0.0084119 0.0100842 0.0158653
0.00191734 6620 2198.9 0.00991909 0.0150134 -0.0151714
0.00417376 6630 2199.9 0.00414965 0.036488 0.0113029
0.00117302 6640 2200.9 0.0023262 0.0380783 0.0130815
0.00318718 6650 2201.9 0.0224373 0.0279006 -0.0360909
0.00175963 6660 2202.9 0.00970713 0.0162197 -0.00498697
0.00617128 6670 2203.9 0.0143657 0.018874 -0.0164974
0.00979162 6680 2204.9 0.0082406 0.0284899 0.00868975
0.00479873 6690 2205.9 0.0072149 0.000703692 0.000139223
0.00388907 6700 2206.9 0.00939918 0.0315591 0.00354676
0.00695617 6710 2207.9 0.00683623 -0.0292845 0.00367856
0.00513835 6720 2208.9 0.0110068 0.0184545 0.00230374
0.0043497 6730 2209.9 0.00935528 -0.0205463 -0.000258462
0.0017446 6740 2210.9 0.00656806 -0.0138725 0.00915609
0.000844492 6750 2211.9 0.00254858 0.0404601 -0.0153661
0.00557404 6760 2212.9 0.0144493 -0.0457066 0.00673002
0.00166399 6770 2213.9 0.00842055 -0.0108443 0.00350044
0.00124688 6780 2214.9 0.00679089 0.0228134 0.00929612
0.00130087 6790 2215.9 0.0117995 -0.00363286 0.00667394
0.000707696 6800 2216.9 0.0103275 0.0188436 -0.0122362
0.00277414 6810 2217.9 0.00339885 -0.0143756 0.0132544
0.0024818 6820 2218.9 0.00677439 -0.00133672 -0.0154225
0.00578096 6830 2219.9 0.0147364 0.056216 0.0127576
0.00199658 6840 2220.9 0.0101643 0.00417668 0.00813593
0.00206601 6850 2221.9 0.00235088 0.0163355 0.00588103
0.00280405 6860 2222.9 0.00592679 -0.0108351 0.0252123
0.0102625 6870 2223.9 0.00605196 0.0758212 -0.000732219
0.000879571 6880 2224.9 0.00631172 0.0167487 0.00652989
0.00348088 6890 2225.9 0.00712921 -0.00106422 0.00161558
0.00606955 6900 2226.9 0.00464333 -0.0244439 -0.0075891
0.00182398 6910 2227.9 0.00680583 0.00529601 0.00580486
0.00108957 6920 2228.9 0.00566717 0.0159725 -0.00024396
0.00661019 6930 2229.9 0.00898109 0.0121218 0.0186972
0.00441446 6940 2230.9 0.013338 -0.0349737 -0.000864246
0.00118055 6950 2231.9 0.0111348 -0.0151348 0.00753799
0.00178137 6960 2232.9 0.0106348 0.00701456 0.0151177
0.00345255 6970 2233.9 0.00466332 0.0629895 0.00774763
0.00311893 6980 2234.9 0.00268167 -0.0158011 0.00656696
0.00406816 6990 2235.9 0.0037676 0.0231696 0.0152009
0.00276656 7000 2236.9 0.0102205 0.0189027 0.014178
0.00981538 7010 2237.9 0.00655174 -0.0122602 0.00306387
0.00379926 7020 2238.9 0.000141015 0.0717073 -0.0171353
0.00421519 7030 2239.9 0.0129198 -0.0167728 -0.0150336
0.0019104 7040 2240.9 0.00290673 0.0332883 0.0123235
0.00251765 7050 2241.9 0.0182279 -0.0334615 0.0102546
0.00164582 7060 2242.9 -0.00240718 0.0281888 -0.0153599
0.00327329 7070 2243.9 0.0072733 0.00469682 0.00440887
0.00507019 7080 2244.9 0.00738157 0.0228166 0.00931644
0.00214895 7090 2245.9 0.00615353 0.00943283 0.0108927
0.00209583 7100 2246.9 0.00123592 0.0331085 -0.00328349
0.00423618 7110 2247.9 0.00732221 0.0777815 -0.00010708
0.0043209 7120 2248.9 0.00409959 0.00827295 0.0163052
0.00205345 7130 2249.9 0.00410391 0.0203017 0.00813848
0.00195548 7140 2250.9 0.00566088 0.023423 0.0178207
0.0044423 7150 2251.9 0.0057194 0.0391014 0.00798717
0.0038396 7160 2252.9 0.0108652 0.0532366 0.0291169
0.00350728 7170 2253.9 0.00821658 -0.00699094 0.00735089
0.00555757 7180 2254.9 0.00364287 -0.0286805 -0.0101244
0.00569304 7190 2255.9 0.00992425 -0.0345278 0.00732214
0.00297547 7200 2256.9 0.00595305 0.0218388 0.0088048
0.0044412 7210 2257.9 0.00851213 0.000949678 0.00462466
0.0038169 7220 2258.9 0.013028 0.0267504 -0.0252953
0.00578607 7230 2259.9 0.00650889 0.0660731 0.00227236
0.00115386 7240 2260.9 0.00778782 0.0247806 -0.00477457
0.00105764 7250 2261.9 0.013417 0.0284215 0.0250213
0.00682091 7260 2262.9 0.00355536 0.0189096 0.00391202
0.00384997 7270 2263.9 0.0023479 0.0340075 -0.0094007
0.00321616 7280 2264.9 0.00604878 -0.00411179 0.0154931
0.00126882 7290 2265.9 0.00738503 0.0149525 -0.0039893
0.00665437 7300 2266.9 0.0183742 -0.0391764 -0.00814649
0.00369532 7310 2267.9 0.00904885 -0.0084248 -0.00144578
0.00867281 7320 2268.9 0.00888574 -0.0423701 -0.00979186
0.00206195 7330 2269.9 0.0108768 -0.0177683 0.0150229
0.00195753 7340 2270.9 0.00432325 0.0158527 0.00906416
0.00290007 7350 2271.9 0.00834255 0.014039 -0.00844724
0.00811928 7360 2272.9 0.00667234 -0.0118327 -0.00828358
0.00819617 7370 2273.9 0.0134557 -0.0277548 -0.00360072
0.00348627 7380 2274.9 0.00744461 0.00553363 0.00503136
0.0018485 7390 2275.9 0.00937033 -0.00612282 0.00773312
0.00784729 7400 2276.9 0.0104744 -0.0101237 -0.0033223
0.00694992 7410 2277.9 0.00655927 0.021949 -0.00802161
0.0113755 7420 2278.9 0.0063319 0.0167226 0.0133897
0.00320105 7430 2279.9 0.00758659 0.0164471 -0.00143513
0.00348858 7440 2280.9 0.0106327 -0.0339466 0.000157387
0.0058364 7450 2281.9 0.0208736 0.0310777 0.0206246
0.000847385 7460 2282.9 0.00539337 0.00902081 -0.000127202
0.00463287 7470 2283.9 0.0114472 0.0224154 0.00763329
0.00481422 7480 2284.9 0.00938817 0.0262886 -0.0244469
0.00474936 7490 2285.9 0.00741379 0.0142366 0.0101121
0.0012383 7500 2286.9 -0.000289178 0.031732 -0.0142956
0.00171007 7510 2287.9 0.0101433 -0.00149326 0.00832564
0.00437118 7520 2288.9 0.00582871 -0.00739668 -0.000921743
0.00309816 7530 2289.9 0.00497268 0.0139697 -0.00349553
0.00144327 7540 2290.9 0.00211106 0.020445 0.00725092
0.00388392 7550 2291.9 0.00609956 0.0141444 -0.00221717
0.00250113 7560 2292.9 0.0111861 0.0584412 0.0170744
0.00123626 7570 2293.9 0.0117647 0.00469072 0.0191168
0.00138724 7580 2294.9 0.00681977 0.0525283 -0.0123182
0.00452562 7590 2295.9 0.00652694 0.0631776 0.00204966
0.00508551 7600 2296.9 0.00347972 0.0420738 -0.00442856
0.000644641 7610 2297.9 0.00569342 0.0167897 -0.000573352
0.00313553 7620 2298.9 0.00894001 -0.0308536 0.00311971
0.00553292 7630 2299.9 0.00144489 -0.030497 0.0168628
0.00480351 7640 2300.9 0.00908355 0.0133703 0.00562118
0.0010488 7650 2301.9 0.00607759 0.0157579 0.00106709
0.0023264 7660 2302.9 0.00581817 0.024489 -0.00084582
0.00218068 7670 2303.9 0.00635808 0.00422775 0.0024907
0.00432321 7680 2304.9 0.00888571 0.031936 0.00316118
0.00334723 7690 2305.9 0.00593736 0.0333414 -0.00531408
0.00179356 7700 2306.9 0.0072275 0.00852287 0.0097128
0.00104684 7710 2307.9 0.00831163 -0.0115838 0.00754166
0.00184498 7720 2308.9 0.0046328 0.0132919 -0.00314861
0.00327918 7730 2309.9 0.0228804 -0.041283 -0.0158764
0.00580474 7740 2310.9 0.00688383 0.0106176 0.00641293
0.00503222 7750 2311.9 0.0149812 -0.0469649 0.0111504
0.0146738 7760 2312.9 0.0221501 -0.0411647 0.00686997
0.00283252 7770 2313.9 0.00501102 0.0265881 -0.0124724
0.000745373 7780 2314.9 0.00439275 0.0283889 0.00188093
0.00150367 7790 2315.9 0.00381207 0.000898173 -0.00334367
0.005139 7800 2316.9 0.00810608 -0.0301754 0.01774
0.000742856 7810 2317.9 0.00407248 0.0135041 0.00661658
0.00407214 7820 2318.9 0.00557857 0.0648505 0.0078838
0.00193165 7830 2319.9 0.0132545 -0.0177626 0.00957899
0.00373016 7840 2320.9 0.00502313 -0.0361023 -0.00835181
0.00754792 7850 2321.9 0.0083245 -0.0245575 -0.0100987
0.00200702 7860 2322.9 0.00781391 -0.0146 0.0145123
0.00233876 7870 2323.9 0.00298463 0.0227211 0.010769
0.00539646 7880 2324.9 0.00914796 -0.0443021 -0.00337977
0.0108765 7890 2325.9 0.00837361 0.0153004 -0.00869484
0.00288558 7900 2326.9 0.0139055 0.00310325 0.00303191
0.010357 7910 2327.9 0.00556064 -0.0478296 -0.018357
0.00457004 7920 2328.9 0.00622251 0.0195286 0.00552436
0.00331765 7930 2329.9 0.00975602 0.00332952 0.00296551
0.00743294 7940 2330.9 0.0261458 -0.0291401 -0.00722723
0.00553303 7950 2331.9 0.00713677 0.0116265 0.00783048
0.000870214 7960 2332.9 0.0059433 0.0307073 0.00508044
0.00584708 7970 2333.9 0.00708003 4.04684e-05 1.22964e-05
0.00274782 7980 2334.9 0.00732486 0.0287527 0.000422022
0.00632158 7990 2335.9 0.00719722 -0.034174 0.00869968
0.00614021 8000 2336.9 0.00681984 -0.00882331 0.00270605
0.00514066 8010 2337.9 0.00542638 0.060473 0.00304376
0.00310231 8020 2338.9 0.00679753 0.0155754 0.00373491
0.0040288 8030 2339.9 0.0096458 0.0461753 0.0172847
0.00402526 8040 2340.9 0.00594305 0.0105665 0.000869388
0.00205001 8050 2341.9 0.00541575 -0.0299506 0.0251238
0.00143156 8060 2342.9 0.00386074 -0.0151985 0.00341267
0.00295708 8070 2343.9 0.00366694 0.0135803 0.00694276
0.00471427 8080 2344.9 0.0121988 -0.0321862 -0.00775869
0.00197817 8090 2345.9 0.00626836 -0.0303456 0.00666727
0.00470596 8100 2346.9 0.00939534 0.0382555 0.0158135
0.00115847 8110 2347.9 0.00296203 0.0378805 -0.00147645
0.000761017 8120 2348.9 0.00824313 0.0368597 -0.0026212
0.00961823 8130 2349.9 0.0108734 -0.0510276 -0.0122635
0.00457092 8140 2350.9 0.00790265 0.0179368 -0.00209348
0.000658479 8150 2351.9 0.0129358 0.0198172 -0.00943875
0.00138582 8160 2352.9 0.0516929 0.0540607 0.0135344
0.00394617 8170 2353.9 0.00591584 -0.0449481 -0.00621069
0.0071112 8180 2354.9 0.00404289 -0.034144 0.00440761
0.00389299 8190 2355.9 0.00706833 -0.0212785 0.0107375
0.0025334 8200 2356.9 0.0112102 -0.0298617 0.00265982
0.00680011 8210 2357.9 0.00881896 -0.0205353 0.0266449
0.00233621 8220 2358.9 0.010569 -0.0159317 0.0135861
0.00498931 8230 2359.9 0.0136708 0.00331093 0.0158457
0.00122038 8240 2360.9 0.00799004 0.0181741 0.00403156
0.00765587 8250 2361.9 0.0149054 -0.0343379 -0.00757146
0.00452567 8260 2362.9 0.0104157 -0.0200913 0.00572491
0.00183307 8270 2363.9 0.00284782 -0.0349687 -0.00451265
0.000757075 8280 2364.9 0.00486995 0.0200932 0.00372633
0.000891238 8290 2365.9 0.00841559 0.0130825 0.00912982
0.00222197 8300 2366.9 0.00529613 0.0144176 0.000840901
0.0037643 8310 2367.9 0.00256085 0.0137472 0.0090183
0.001241 8320 2368.9 0.0143461 0.012907 0.0120538
0.00899947 8330 2369.9 0.011054 -0.0264077 -0.00362679
0.00560017 8340 2370.9 0.00516032 0.0261521 -0.00622668
0.00517238 8350 2371.9 0.0194297 -0.0205232 0.094734
0.00189766 8360 2372.9 0.00725653 0.00142121 -0.00819492
0.00157142 8370 2373.9 0.00770504 0.0286018 0.00195432
0.00251296 8380 2374.9 0.00428886 0.0017537 -0.00695295
0.00329739 8390 2375.9 0.00832668 0.0125387 0.00328814
0.00380915 8400 2376.9 0.00771166 0.00444148 0.00745693
0.00458297 8410 2377.9 0.0082877 -0.0162129 -0.0072208
0.00634104 8420 2378.9 0.00844679 0.0109099 -0.000210441
0.0038009 8430 2379.9 0.00563574 -0.0479157 0.00534923
0.00770111 8440 2380.9 0.00638585 0.0144171 0.00951661
0.00326965 8450 2381.9 0.00622068 -0.0240782 -0.0201826
0.00291628 8460 2382.9 0.00523634 0.0188426 0.00443705
0.00326268 8470 2383.9 0.00460802 0.00321283 0.00181695
0.00588963 8480 2384.9 0.00667126 0.029595 0.00173283
0.00621225 8490 2385.9 0.00670109 0.0226878 -0.00188845
0.00561641 8500 2386.9 0.00333057 0.0679426 0.010416
0.00435232 8510 2387.9 0.00693565 0.0228947 0.000420094
0.00225625 8520 2388.9 0.0098502 0.00290562 0.00765126
0.00876332 8530 2389.9 0.0089268 0.0227648 0.00663939
0.00212727 8540 2390.9 0.00546447 0.00875522 -0.00700153
0.00556076 8550 2391.9 0.00898586 0.00304515 0.00326219
0.00481706 8560 2392.9 0.00946438 -0.0277562 0.0178259
0.00787443 8570 2393.9 0.00529865 0.0695293 0.00411608
0.00408842 8580 2394.9 0.00654761 -0.0386472 0.0162927
0.00353061 8590 2395.9 0.0041618 0.0117759 0.00669196
0.00212382 8600 2396.9 0.00691251 -0.0103304 0.00554466
0.00277342 8610 2397.9 0.00296795 0.00795155 -0.00247372
0.00155559 8620 2398.9 0.00853656 -0.00263673 0.0132773
0.000407975 8630 2399.9 0.00782036 0.0321261 0.0132481
0.00130893 8640 2400.9 0.00236085 -0.0243621 0.0272966
0.00396755 8650 2401.9 0.00741598 0.0167831 -0.00485028
0.00200522 8660 2402.9 0.00888817 -0.018416 0.0176626
0.00114769 8670 2403.9 0.00852989 0.0205465 -0.000925215
0.00678449 8680 2404.9 0.00133898 0.0499624 -0.031617
0.0146618 8690 2405.9 0.00528873 0.0216344 0.00180351
0.00179693 8700 2406.9 0.0115166 0.00407825 -0.00592139
0.00259482 8710 2407.9 0.00702294 0.0236371 -0.0114505
0.00284115 8720 2408.9 0.00880389 -0.0345368 0.00193034
0.00353047 8730 2409.9 0.00722349 0.0708707 0.00748867
0.0054619 8740 2410.9 -0.00350777 0.0568384 -0.00411931
0.00277661 8750 2411.9 0.0108213 0.00959352 0.00236046
0.00292537 8760 2412.9 0.000663167 0.0057727 -0.0295146
0.00368162 8770 2413.9 0.00735554 -0.0563594 0.0342588
0.000888353 8780 2414.9 0.00946842 0.020012 -0.00477587
0.00140828 8790 2415.9 0.00548913 -0.0227977 -0.000464677
0.0070193 8800 2416.9 0.00376004 -0.00589081 0.0134879
0.00496606 8810 2417.9 0.0054931 0.0164749 0.00638568
0.00403916 8820 2418.9 0.00772297 -0.0425513 0.00925928
0.00404488 8830 2419.9 0.00616672 0.0465422 0.00639011
0.00176227 8840 2420.9 0.0108548 0.0113487 -0.000290058
0.00162318 8850 2421.9 0.00481238 0.0097631 0.00246514
0.00381384 8860 2422.9 -0.00214972 -0.0413584 0.0178322
0.00153648 8870 2423.9 0.00336417 0.0159802 -0.00251389
0.0060243 8880 2424.9 0.008905 0.0271641 -0.0156791
0.00302734 8890 2425.9 0.00887645 0.0221823 -0.00456805
0.00167019 8900 2426.9 0.00628633 -0.0240797 0.00632451
0.00164805 8910 2427.9 0.00597207 0.0388483 0.015501
0.00921705 8920 2428.9 0.0128095 -0.0301008 -0.000886876
0.0010788 8930 2429.9 0.0106193 0.00209743 0.0091143
0.0048233 8940 2430.9 0.0123713 -0.0384575 0.0138505
0.00384513 8950 2431.9 0.00828398 -0.00610893 0.00665453
0.00665631 8960 2432.9 0.0161642 0.0362621 0.00218655
0.00122662 8970 2433.9 0.0121154 -0.000189959 0.0129714
0.00125916 8980 2434.9 0.00102742 0.0214943 -0.0146971
0.00375956 8990 2435.9 0.00567315 0.00149709 0.00725566
0.00132285 9000 2436.9 0.0121214 0.0163413 -0.00541887
0.00241899 9010 2437.9 0.00829422 -0.0082937 0.00596288
0.00380045 9020 2438.9 0.0146249 0.030319 -0.0426745
0.00804025 9030 2439.9 0.00715041 -0.00941438 0.000459177
0.00394268 9040 2440.9 0.0112478 -0.0127374 0.0123627
0.00366103 9050 2441.9 0.00669561 0.0283841 0.00880895
0.00194786 9060 2442.9 0.0226041 -0.00138858 0.0123035
0.00266843 9070 2443.9 0.000456067 0.0107888 0.019747
0.00211288 9080 2444.9 0.00560523 -0.0250907 0.00443787
0.00444035 9090 2445.9 0.00804645 0.0191173 0.0015851
0.00128548 9100 2446.9 0.00594136 0.0282965 -0.00830815
0.00175171 9110 2447.9 0.0058039 0.0137268 0.0101121
0.00260594 9120 2448.9 0.00246677 0.0319363 -0.000440987
0.00220374 9130 2449.9 0.00601393 0.0497604 0.000334136
0.00217602 9140 2450.9 0.00767088 0.0356599 0.00137623
0.00256659 9150 2451.9 0.0078789 -0.0187647 -0.000761483
0.00261842 9160 2452.9 0.00485581 0.00540711 0.00889253
0.00370927 9170 2453.9 0.00573268 0.0182415 -0.00802715
0.00367163 9180 2454.9 0.00543182 0.045572 -0.00341109
0.00103125 9190 2455.9 0.00160316 -0.0160621 0.019506
0.00375963 9200 2456.9 0.00819016 0.021695 -0.00103498
0.00146875 9210 2457.9 0.00835169 0.00881327 0.00385698
0.00145471 9220 2458.9 0.0133396 -0.00186355 0.0102354
0.00244759 9230 2459.9 0.00219559 0.0536106 -0.0494476
0.00894935 9240 2460.9 0.00760564 -0.013684 -0.00388129
0.00364342 9250 2461.9 0.00470906 0.018474 -0.00263835
0.0046236 9260 2462.9 0.00564406 0.026112 0.0139663
0.0013466 9270 2463.9 0.00830848 0.00855561 -0.0511731
0.0101646 9280 2464.9 0.00991391 -0.0160711 -0.00896982
0.00219456 9290 2465.9 0.00824108 0.00482806 0.00648695
0.00182516 9300 2466.9 0.0155807 -0.00224509 0.0168724
0.0196054 9310 2467.9 0.00693562 0.00698574 0.0212041
0.00718666 9320 2468.9 0.011045 0.0712769 0.00787215
0.00231368 9330 2469.9 -0.0050614 0.0344339 -0.00961851
0.00515409 9340 2470.9 0.00385765 -0.0293242 -0.00934561
0.0058396 9350 2471.9 0.013164 -0.0115261 0.00220876
0.00181644 9360 2472.9 0.0184961 -0.00897416 0.00540177
0.0056755 9370 2473.9 0.0114251 0.0230479 -0.000789972
0.00139301 9380 2474.9 0.00979302 0.00616872 0.00243526
0.00267484 9390 2475.9 0.00808541 0.0155688 0.00697044
0.0028397 9400 2476.9 0.0104032 -0.0333165 0.0083421
0.00374223 9410 2477.9 0.00211261 -0.0146078 0.01375
0.00481779 9420 2478.9 0.0121212 0.00395907 0.0122139
0.00189697 9430 2479.9 0.00729346 -0.00719346 0.0158034
0.0015735 9440 2480.9 0.00756158 -0.0268749 0.013425
0.0016904 9450 2481.9 0.030878 0.0282594 -0.0326013
0.00116108 9460 2482.9 0.00551757 0.00737011 0.0132587
0.00090308 9470 2483.9 0.00379825 -0.00377194 0.00552945
0.00947761 9480 2484.9 0.0165724 -0.0167664 0.00131828
0.00511601 9490 2485.9 0.00801228 -0.0105856 0.0541778
0.00260631 9500 2486.9 0.00421224 0.0602898 0.00942107
0.0123951 9510 2487.9 0.0109955 -0.00274491 -0.0104799
0.0020972 9520 2488.9 0.00525724 -0.00755411 0.0268098
0.00296521 9530 2489.9 0.00548621 0.023919 0.00726079
0.00227411 9540 2490.9 0.00744676 0.0215997 0.007032
0.00528707 9550 2491.9 0.00928927 -0.0595255 0.0199051
0.00625933 9560 2492.9 0.0197353 -0.00555566 0.0328744
0.00304412 9570 2493.9 0.00842996 0.039672 0.00194573
0.00301891 9580 2494.9 0.0113036 -0.0240932 0.00142343
0.00511237 9590 2495.9 0.0120782 0.0206606 0.00165772
0.000854825 9600 2496.9 0.00526747 0.0172532 -0.0101703
0.00733083 9610 2497.9 0.00490011 0.00973877 0.013854
0.00515145 9620 2498.9 0.0215302 -0.026733 -0.0194445
0.00388272 9630 2499.9 0.00805502 0.0156732 -0.00169863
0.00085699 9640 2500.9 0.00532475 0.00896196 0.00953115
0.00647421 9650 2501.9 0.00871789 0.0245057 -0.000614793
0.0080922 9660 2502.9 0.0123031 -0.0207095 0.0236088
0.00567507 9670 2503.9 0.00457516 0.013306 -0.000845787
0.00121662 9680 2504.9 0.00880132 -0.00221925 0.0106052
0.00843726 9690 2505.9 0.0181111 -0.0387604 -0.00856238
0.00184899 9700 2506.9 0.00672017 0.025796 0.00657975
0.00284721 9710 2507.9 0.0148138 -0.019513 0.00830115
0.0101276 9720 2508.9 0.00897523 -0.00920433 0.0201059
0.00505692 9730 2509.9 0.0102651 -0.0512127 0.0129813
