0.00257663 10 327.099 0.00518004 0.0240881 0.000107664
0.00077919 20 328.1 0.00201339 0.0177307 0.0154385
0.000826569 30 329.099 0.0030841 0.0232259 0.0108007
0.000811988 40 330.099 0.00230403 0.0326483 0.0065753
0.00145751 50 331.099 -0.000103906 0.00539551 -0.00152499
0.000883689 60 332.1 0.00369444 0.024861 0.0143957
0.000804544 70 333.1 0.0155388 -0.00593439 -0.00190296
0.000733315 80 334.1 0.00438971 0.00488812 0.00942734
0.000399682 90 335.1 0.00242267 0.0203331 0.00654948
0.00533103 100 336.1 0.00454471 -0.00628635 0.0141956
0.00241288 110 337.1 0.00505764 0.0221798 0.00944223
