0.0829594 10 327.099 0.0635861 -0.128006 -0.287641
0.064713 20 328.1 -0.0376914 -0.0441949 0.486687
0.0588061 30 329.099 0.0521654 -0.176806 0.432463
0.0585552 40 330.099 0.00819326 -0.00348514 -0.424389
0.0913172 50 331.099 0.0354705 0.0119238 -0.31436
0.0380702 60 332.1 0.51678 0.151712 -0.0785108
0.0337705 70 333.1 0.159092 -0.032505 -0.119057
0.0561841 80 334.1 0.0433923 -0.172339 0.444118
0.058986 90 335.1 0.050726 0.027137 -0.301338
0.0531621 100 336.1 0.434928 0.0268024 0.00690836
0.105009 110 337.1 0.0383768 -0.150734 0.337566
