0.00382872 10 1 0.00605234 0.00927262 -0.00133268
0.000795003 20 2 0.0105518 0.0252563 -0.00469805
0.00513885 30 3 0.00718224 -0.0128082 -0.011333
0.00553138 40 4 0.00706982 0.0199406 0.000251688
0.00539042 50 5 0.0151627 -0.0115565 0.0682968
0.00610708 60 6 0.00318179 -0.0113669 -0.0178733
0.00482951 70 7 0.00570133 0.0054286 0.00464027
0.0010546 80 8 0.00531312 0.0200618 0.00887747
0.00105227 90 9 0.00404844 0.0123872 -0.00473979
0.00560626 100 10 0.00449358 -0.0222342 -0.00222319
0.00115522 110 11 0.00513028 0.0171134 0.00384278
0.00223357 120 12 0.00279781 0.011896 -0.00146258
0.00465044 130 13 0.00499596 0.0109802 0.00770012
0.000896331 140 14 0.00270944 0.0152953 0.00916238
0.00452832 150 15 0.00222214 -0.0264263 0.011865
0.00168319 160 16 0.0060273 -0.0201115 0.0121474
0.00228554 170 17 0.00553653 0.00988244 -0.00213085
0.00315155 180 18 0.00388285 0.0245254 0.00584912
0.00262918 190 19 0.00622182 0.0138519 0.00451023
0.0042436 200 20 0.00344407 -0.000859372 0.00646028
0.00509386 210 21 0.00535597 0.0128936 0.00835841
0.0012078 220 22 0.00363502 0.010594 0.00679566
0.0011557 230 23 0.00714319 0.0283165 0.00446566
0.0080654 240 24 0.00824861 0.0286558 0.0142852
0.00547655 250 25 0.00872125 -0.0136092 -0.00922343
0.0026783 260 26 0.00842076 -0.0098439 0.0143953
0.00531781 270 27 0.00329605 0.0144452 0.00490831
0.00811777 280 28 0.00191226 0.0230764 0.01313
0.00692208 290 29 0.00301619 -0.00455963 -0.0104175
0.00218268 300 30 0.001938 0.0221806 -0.00494113
0.00348287 310 31 0.00257566 0.0146285 0.00205937
0.00812795 320 32 0.0056085 -0.00623446 0.000733705
0.00129159 330 33 0.00418681 0.0215715 0.00856104
0.00736811 340 34 0.00589307 0.0163614 0.00269901
0.00176562 350 35 0.00832747 -0.00633211 0.0142834
0.000985407 360 36 0.0225987 -0.00766739 -0.0155277
0.00789439 370 37 0.00512615 0.00510995 -0.0106898
0.00118358 380 38 0.0045908 0.00810661 -0.0016717
0.00253955 390 39 0.00502389 -0.00927954 -0.00179143
0.00210387 400 40 0.00739403 0.025236 -0.00296864
0.00606177 410 41 0.0066078 0.0188951 0.0131097
0.00324598 420 42 0.00527991 0.014361 -0.00205959
0.00142666 430 43 0.008313 0.00344653 0.00712249
0.00185645 440 44 0.00519762 0.0196219 0.00581761
0.00870162 450 45 0.0060875 -0.00372691 -0.0124571
0.00551513 460 46 0.00728497 0.0670635 0.0128573
0.00257176 470 47 0.0056053 0.0231004 0.00705591
0.00421263 480 48 0.00993519 -0.00294369 0.00970802
0.0013404 490 49 0.00548985 0.00420615 0.00105195
0.00103438 500 50 0.00958728 0.000346326 0.019655
0.00618949 510 51 0.00468782 -0.00836779 -0.0144402
0.00594058 520 52 0.00594345 -0.0344365 -0.00717036
0.00122049 530 53 0.00682996 0.0101769 0.0101254
0.00280362 540 54 0.0123138 0.000696972 -0.00669942
0.00192105 550 55 0.00548962 -0.0193111 0.0226807
0.00171515 560 56 0.00580283 0.00451223 -0.00413245
0.00121959 570 57 0.00904601 -0.00263446 0.0231194
0.00214189 580 58 0.00253651 -0.0023534 -0.00398533
0.00818703 590 59 0.00727608 0.0163895 0.0185268
0.00436056 600 60 0.00446828 -0.0235611 0.00376597
0.000919259 610 61 0.00146545 0.0152143 0.0122578
0.00455411 620 62 0.00959956 -0.0297896 0.0141236
0.00695872 630 63 0.00727941 -0.00246424 -0.0134429
0.0116746 640 64 0.0153949 -0.0180053 0.0090387
0.00260403 650 65 0.00434366 -0.00728868 0.0111545
0.00164076 660 66 0.00720848 0.0142827 0.0111488
0.0016807 670 67 0.00192478 0.0136306 -0.00432155
0.00133453 680 68 0.00324619 0.010082 0.00346558
0.00190605 690 69 0.00536749 -0.00723066 0.014352
0.00281419 700 70 0.0061434 0.0152898 0.000356218
0.00558534 710 71 0.00419668 0.00650822 -0.0020438
0.00304876 720 72 0.000898268 0.0156638 0.0102079
0.000809772 730 73 0.00472807 0.013447 0.00353758
0.00151625 740 74 0.00631996 0.00586689 0.0172594
0.00480111 750 75 0.00454461 0.0155473 0.000273094
0.00157726 760 76 0.00807547 -0.00419981 0.0181826
0.00276574 770 77 0.0122599 -0.000840405 0.0119172
0.00332315 780 78 0.000207515 0.0543754 -0.00736795
0.00133417 790 79 0.0139822 0.00173523 0.0206207
0.00187186 800 80 0.00669746 0.0291102 0.00529387
0.00923579 810 81 0.00947377 0.00542978 0.0136441
0.00641054 820 82 0.0044267 8.0358e-06 -0.013347
0.00136536 830 83 0.00477712 0.0071382 0.00491732
0.00333666 840 84 0.00657935 0.0148685 0.00108129
0.001362 850 85 0.00621802 -0.0158197 0.0155998
0.00381254 860 86 0.00779932 -0.0072631 0.00178576
0.00219723 870 87 0.00343353 0.0027283 0.00447134
0.00313339 880 88 0.00451664 0.0244872 0.0029249
0.00532559 890 89 0.0060112 0.0151976 0.0118537
0.00190498 900 90 0.00309066 -0.0030417 0.0103289
0.00600311 910 91 0.0042999 0.0256929 0.00216314
0.00214524 920 92 0.00724443 0.00632318 0.0117286
0.00478458 930 93 0.00738089 0.0261436 0.00268732
0.00116373 940 94 0.00374067 0.00490092 0.00653373
0.00548511 950 95 0.0136157 -0.020807 -0.00852324
0.00150396 960 96 0.00877257 -0.00765981 0.0120301
0.00083883 970 97 0.0068447 0.00810127 0.0145443
0.0111712 980 98 0.0085301 -0.0202211 -0.01216
0.00104228 990 99 0.00482312 0.0150765 0.000680673
0.00630415 1000 100 0.0071863 -0.0138029 0.00241775
0.00944399 1010 101 0.00371601 0.00300533 -0.00597481
0.00243888 1020 102 0.00433648 0.00849047 0.00886911
0.00227475 1030 103 0.00647666 -0.000497292 -0.00802741
0.00821761 1040 104 0.0156785 0.00719435 0.0351012
0.00583901 1050 105 0.0079173 0.0220552 -0.00453265
0.00475871 1060 106 0.00887768 0.019639 0.00820349
0.009547 1070 107 0.00426155 -0.00456586 -0.00330631
0.00353567 1080 108 0.00513387 0.00431996 0.00246177
0.00116887 1090 109 0.00620735 0.0093783 0.00968475
0.00443558 1100 110 0.00413005 0.036122 0.00366471
0.00561323 1110 111 0.00837281 0.0247947 0.00584666
0.00147839 1120 112 0.00757522 -0.00406757 0.0107084
0.00452325 1130 113 0.0038635 0.0276481 0.00767056
0.00186972 1140 114 0.00298292 0.0171534 -0.00368187
0.00250498 1150 115 0.00274464 0.0259922 0.00352498
0.00121429 1160 116 0.00643017 0.0155383 0.010501
0.00127078 1170 117 0.00267053 -6.66256e-05 0.00573491
0.00184838 1180 118 0.00170924 0.0217876 0.0208178
0.00800397 1190 119 0.00536566 -0.00182151 0.01753
0.00233561 1200 120 0.00626934 -0.00464551 -0.00709631
0.00104286 1210 121 0.00392521 0.0214989 0.00452473
0.00162992 1220 122 0.00330028 0.0244311 -0.00164637
0.00444917 1230 123 0.00472199 -0.00463435 0.0150217
0.00111131 1240 124 0.00561609 0.0101858 0.00302695
0.00181011 1250 125 0.00937553 -0.0100828 0.0253291
0.00438739 1260 126 0.00517049 -0.0034452 0.00595092
0.00809292 1270 127 -0.00151398 -0.0198766 0.0253272
0.00132021 1280 128 0.00418382 0.0150859 0.0100591
0.0074306 1290 129 0.00795826 -0.0177928 -0.0115229
0.00221895 1300 130 0.00252258 0.00997935 -0.000719633
0.00557959 1310 131 0.00866593 0.0219324 0.020276
0.00161089 1320 132 0.00543849 0.0221549 0.00502121
0.0107592 1330 133 0.00794445 -0.033551 -0.0130392
0.00916032 1340 134 0.00679106 -0.0231688 -0.00753484
0.00355982 1350 135 0.0105652 -0.0301067 -0.00669991
0.00225702 1360 136 0.00193661 0.0214651 0.0101159
0.00115365 1370 137 0.00413559 0.0113868 0.00497152
0.00241957 1380 138 0.0100549 0.0110909 -0.00184083
0.00161743 1390 139 0.00501775 0.0209222 0.00406218
0.00193053 1400 140 0.0158107 -0.0163927 0.0419165
0.000732397 1410 141 0.00793688 0.0117715 0.000653916
0.00940165 1420 142 0.0151653 -0.0391378 -0.00642454
0.00435609 1430 143 0.00577306 0.0104995 0.00780655
0.0052437 1440 144 0.009726 -0.0455515 -0.00140893
0.00614096 1450 145 0.00376483 0.0235446 -0.00685301
0.00210256 1460 146 0.0040072 0.0371479 -0.00152146
0.00682918 1470 147 0.00458197 0.0238295 -0.00510707
0.00514408 1480 148 0.00588386 0.0202557 0.0110503
0.00402899 1490 149 0.00447525 -0.0214821 -0.00982733
0.00757984 1500 150 0.00412225 -0.0120713 0.00644734
0.00562483 1510 151 0.00374931 0.00501293 -0.00131412
0.000544383 1520 152 0.00547513 0.0273279 0.00626144
0.00129547 1530 153 0.00630279 0.0100813 0.00671742
0.00211965 1540 154 0.00721193 0.00651921 0.00534763
0.00336458 1550 155 0.00761035 0.0114779 0.010131
0.00308683 1560 156 0.00305146 0.010083 0.00156475
0.00296468 1570 157 0.0148984 -0.0228872 0.0172235
0.00178078 1580 158 0.0069509 0.0152508 0.00503916
0.00134647 1590 159 0.0069575 0.00503184 -0.00134502
0.00191455 1600 160 0.00435773 0.0132757 0.00329069
0.00680656 1610 161 0.00907307 -0.00537369 0.000887079
0.00317268 1620 162 0.00597498 0.0137019 0.0044051
0.0017281 1630 163 0.00452866 0.00884535 0.010756
0.0014885 1640 164 0.00566001 0.000604575 0.00579462
0.00394362 1650 165 0.00587219 0.0122386 0.00187064
0.00101806 1660 166 0.0100186 -0.0061714 0.0235633
0.00172818 1670 167 0.00360838 0.00876028 0.0115659
0.00352257 1680 168 0.022564 -0.052372 -0.00675421
0.00103808 1690 169 0.0030245 0.0141376 0.00823616
0.00265552 1700 170 0.00269735 0.0102993 0.00153406
0.00553374 1710 171 0.0187773 -0.00520631 0.0603433
0.00265565 1720 172 0.0114375 0.00234995 0.0133857
0.00356131 1730 173 0.00246081 0.020447 0.000344159
0.00163995 1740 174 0.00695267 0.0320341 0.0157314
0.00250374 1750 175 0.00474077 0.00190966 0.00808611
0.00117241 1760 176 0.00614299 0.00903146 0.0115715
0.00256897 1770 177 0.00396772 0.0517019 0.00413199
0.00189679 1780 178 0.00718665 -0.0171535 0.0202657
0.00261232 1790 179 0.00614184 0.010462 0.00498333
0.00108272 1800 180 0.00612326 0.0172194 0.00301835
0.00136558 1810 181 0.00644855 0.0149791 0.00287634
0.00449319 1820 182 0.00869803 -0.0059757 0.00502675
0.00239605 1830 183 0.00473098 0.0198527 0.00195919
0.00388398 1840 184 0.00377027 0.0326982 0.00191565
0.00174102 1850 185 0.00742558 0.0063341 0.0161726
0.00101935 1860 186 0.00430834 0.0277553 0.00886331
0.00311574 1870 187 0.00534354 -0.0167398 0.00753292
0.0057578 1880 188 0.00532892 -0.00569073 -0.00721756
0.00295807 1890 189 0.00980964 -0.0161668 0.00203476
0.00468458 1900 190 0.00621835 0.0304063 0.00221922
0.00206102 1910 191 0.00652289 -0.00440419 0.00668307
0.0014741 1920 192 0.00619878 0.0196284 0.0104195
0.00511032 1930 193 0.00659746 0.0450821 0.00779775
0.00956126 1940 194 0.00680662 -0.00895249 0.000785823
0.00129243 1950 195 0.00468289 0.0314275 0.00684021
0.00135823 1960 196 0.00697626 0.00922448 0.00507604
0.00323769 1970 197 0.00572812 -0.00714559 0.0181821
0.00338724 1980 198 0.00590215 0.00284056 0.00905384
0.000767567 1990 199 0.00266332 0.000336079 0.00297025
0.00245727 2000 200 0.005636 0.0242341 0.00411982
0.00641202 2010 201 0.00694551 -0.0106722 0.00724573
0.00311301 2020 202 0.005792 -0.00068667 0.00231339
0.0049352 2030 203 0.00327878 0.0145962 0.00232902
0.00511818 2040 204 0.00840155 0.00176494 0.0121478
0.00164446 2050 205 0.00945976 -0.0108584 0.00271788
0.00380862 2060 206 -0.00944703 0.0508728 -0.033078
0.0138554 2070 207 0.00389411 0.0420742 0.029529
0.00225068 2080 208 0.00750944 0.000217331 0.00219543
0.00429963 2090 209 0.0102649 -0.0192846 0.0147693
0.00060402 2100 210 0.00388357 0.00771949 0.00227496
0.00580744 2110 211 0.00838645 -0.0115913 -0.00199263
0.00126189 2120 212 0.00360182 0.0207302 -0.0048724
0.0017888 2130 213 0.00412589 0.0161972 -0.00292224
0.00599401 2140 214 0.0112048 -0.00666826 0.00632195
0.00227907 2150 215 0.00715725 0.00619237 0.00340411
0.00125211 2160 216 0.00528678 0.0131607 0.00219792
0.00400291 2170 217 0.00436434 0.0230482 -0.00147293
0.00543884 2180 218 0.00433711 -0.00294448 0.0171049
0.00358113 2190 219 0.0108915 -0.0372856 0.0054063
0.0033369 2200 220 0.00801855 0.0189727 0.00192501
0.00461986 2210 221 0.00573373 0.0188198 0.00906228
0.00146532 2220 222 0.00350634 0.0287254 0.00403941
0.00464499 2230 223 0.00744962 -0.013112 0.0105431
0.00135774 2240 224 0.00435881 0.00928704 0.00373948
0.00107749 2250 225 0.0131076 -0.00328894 0.00622338
0.00538387 2260 226 0.00259976 -0.00787711 -0.0084016
0.00198076 2270 227 0.00905194 0.00572094 0.0122109
0.0012633 2280 228 0.00423754 0.0145376 -0.0107776
0.00446017 2290 229 0.0120203 0.0150675 -0.0110301
0.00636683 2300 230 0.00342028 0.0220875 0.00492225
0.00366495 2310 231 0.00920907 0.0291731 0.0105624
0.00168856 2320 232 0.00603958 -0.0158045 0.00301548
0.00658259 2330 233 0.00673012 0.0216427 0.00460187
0.00310875 2340 234 0.00212091 -0.0281353 -0.00764045
0.00317058 2350 235 0.00702865 0.0203886 0.00686186
0.00496682 2360 236 0.00751074 0.0141684 0.00722752
0.00121372 2370 237 0.00210741 0.011721 0.0108985
0.00335603 2380 238 0.00733318 0.0144267 0.000521496
0.00141381 2390 239 0.00341245 0.0171731 0.00457514
0.00602104 2400 240 0.00528666 -0.0171184 0.0108074
0.00107911 2410 241 0.00112106 0.023155 0.0199243
0.00248875 2420 242 0.00674732 0.00238033 -0.00110237
0.00473711 2430 243 0.00060704 0.0201926 0.0106062
0.00143547 2440 244 0.00198037 0.00932071 0.0131926
0.00344257 2450 245 0.00818418 -0.00119697 0.00100441
0.00383383 2460 246 0.00797178 0.0243402 -0.00097129
0.000957044 2470 247 0.000532931 -0.0116099 -0.0117291
0.00261934 2480 248 0.00545927 0.0261662 -0.00380302
0.00205733 2490 249 0.00679341 0.0236215 0.00305933
0.00170155 2500 250 0.0156419 -0.000356172 0.0179045
0.00313084 2510 251 0.00467892 0.0183592 0.00585371
0.000963238 2520 252 0.00708648 0.0244131 0.0131852
0.00682822 2530 253 0.0109243 0.0449985 0.0169926
0.00114187 2540 254 0.00594384 0.00666015 -0.00128365
0.00409616 2550 255 0.00348305 0.0172603 0.00158322
0.00169234 2560 256 0.00376334 0.0172411 -0.00208886
0.00367505 2570 257 0.00641134 -0.000887341 0.0124532
0.00144246 2580 258 0.00630557 0.00388359 0.0128021
0.00117122 2590 259 0.00912681 0.00866901 -0.000547513
0.00172384 2600 260 0.0145869 0.00734396 0.000635794
0.00552139 2610 261 0.00576036 0.0221044 -0.00351532
0.000824366 2620 262 0.00629676 0.0185461 0.0108455
0.00405512 2630 263 0.00464149 0.0193182 0.00780078
0.00249783 2640 264 0.00574357 0.0133486 0.0146615
0.00148717 2650 265 0.0047869 0.00476954 0.012658
0.000832976 2660 266 0.00228978 0.00593099 -0.005193
0.000826189 2670 267 0.00454853 0.0280697 -0.017201
0.00409722 2680 268 0.00612615 -0.00501729 -0.00755828
0.00152611 2690 269 0.00546275 -0.00265423 -0.0032086
0.000715295 2700 270 0.00373634 0.0302714 0.0116058
0.00204604 2710 271 0.00632418 -0.00299857 0.00254653
0.00178951 2720 272 0.00559336 0.02277 0.0114683
0.000888039 2730 273 0.00709971 0.0171905 0.00145793
0.00232478 2740 274 0.000126898 0.018188 -0.0107778
0.00510416 2750 275 0.0162709 0.0291841 0.0229062
0.00525344 2760 276 0.00810928 -0.0200744 0.00982747
0.00353877 2770 277 0.00919642 -0.015933 0.0123408
0.00313887 2780 278 0.00888312 -0.032227 0.011396
0.00924934 2790 279 0.00883233 0.012905 0.00638243
0.00720376 2800 280 0.00454737 0.0192364 0.0332038
0.00169793 2810 281 0.00770892 -0.00341949 0.00483745
0.00728315 2820 282 0.0048872 0.0228811 0.00143367
0.00199995 2830 283 0.00421401 0.0336156 0.0012945
0.00421261 2840 284 0.0057012 0.0249037 -0.00353948
0.00761244 2850 285 0.00561253 0.0125656 0.00443671
0.00102761 2860 286 0.00760721 0.022954 0.00903757
0.00172772 2870 287 0.00535948 0.0241155 0.00205132
0.00099258 2880 288 0.0046552 0.0249108 0.021843
0.00144273 2890 289 0.00534822 0.0280675 0.0149638
0.00202577 2900 290 0.00270784 0.0216533 0.00469211
0.000863718 2910 291 0.000614508 0.0152582 -0.00572943
0.00155583 2920 292 0.00565438 0.0146581 0.00898053
0.00508271 2930 293 0.0077312 -0.000525552 0.00185096
0.00398303 2940 294 0.00700246 -0.0166191 0.00912212
0.000755285 2950 295 0.0172552 0.0116079 0.00947246
0.00303664 2960 296 0.00708005 -0.0413803 0.0131213
0.013322 2970 297 0.0044042 0.0205724 -0.0045128
0.00131332 2980 298 0.00786946 -0.00641476 0.00460759
0.00333495 2990 299 0.000136361 0.00938548 -0.00182649
0.00145463 3000 300 0.00551387 0.0172763 0.00588092
0.00151222 3010 301 0.00329016 0.00948279 0.00517965
0.0021021 3020 302 0.00936979 -0.0241278 0.0141294
0.00418349 3030 303 0.00716772 0.0709394 0.0131958
0.00496159 3040 304 0.00611784 -0.0156272 -0.00471969
0.00125204 3050 305 -0.000911821 -0.00266756 0.0142793
0.00477615 3060 306 0.00562813 0.0235923 0.0044861
0.00171565 3070 307 0.00282133 0.0131504 -0.00238072
0.00389247 3080 308 0.00303897 0.0209429 0.00354661
0.00166333 3090 309 0.00448164 0.00993703 0.00938616
0.00354379 3100 310 0.0176206 -0.0213086 -0.0150156
0.00454555 3110 311 0.00539531 0.0324806 0.0136004
0.00207392 3120 312 0.0064304 -0.03067 0.0181984
0.0029659 3130 313 0.00426282 0.0256114 0.00785
0.00179728 3140 314 0.00570881 -0.00646004 0.0270003
0.00585132 3150 315 0.0065976 -0.0038184 0.00180896
0.00484934 3160 316 0.00173612 0.0358226 0.0104004
0.00199809 3170 317 0.00559047 0.00872387 0.0143844
0.00356283 3180 318 0.00369739 -0.0102403 -0.00368867
0.00255827 3190 319 0.00325094 0.0303211 0.0101591
0.00295572 3200 320 0.00754257 0.0349408 0.00977567
0.00703443 3210 321 0.00451561 0.013245 -0.00218359
0.00750029 3220 322 0.0038112 0.0353847 -0.00184333
0.000763704 3230 323 0.00423631 0.0119215 0.00622978
0.00279994 3240 324 0.0026547 0.00806851 0.0139774
0.0019368 3250 325 0.00418652 0.0207372 0.0138399
0.00142299 3260 326 0.00492198 0.0308499 -0.00362611
0.00565023 3270 327 0.00957856 -0.0242546 0.0043894
0.00537409 3280 328 0.00516154 0.0178236 0.013315
0.00348256 3290 329 0.00714834 -0.00840304 0.0105695
0.00127853 3300 330 0.0053473 0.00724443 0.00200112
0.00194837 3310 331 0.00386005 0.00269941 0.00982448
0.0119335 3320 332 0.00453119 0.0349181 -0.00382088
0.00207549 3330 333 0.00474772 0.025165 0.00658565
0.0021781 3340 334 0.00555438 0.00860858 0.000872377
0.00418508 3350 335 0.00512472 0.0044005 0.000990887
0.00737524 3360 336 0.00017864 -0.00702889 -0.0112276
0.00351048 3370 337 0.00666169 0.00962181 0.00138188
0.00118193 3380 338 0.00360007 0.0178435 -0.00570827
0.00303341 3390 339 0.00575475 -0.00881223 0.000384373
0.00126883 3400 340 0.00389589 0.017258 0.00156463
0.00407174 3410 341 0.00637793 0.0174118 0.00300413
0.00173668 3420 342 0.00623198 -0.00890346 0.0199956
0.0081118 3430 343 0.00480191 -0.00719697 -0.0138709
0.000925694 3440 344 0.00385582 0.0211553 -0.0028684
0.00324687 3450 345 0.00552266 0.0262047 -4.32132e-05
0.00645018 3460 346 0.00346776 0.0447316 0.0116283
0.00586814 3470 347 0.00171422 -0.0119472 -0.00599769
0.00152123 3480 348 0.00309571 0.0286362 -0.00067154
0.000831908 3490 349 0.00380292 0.0114758 0.00391139
0.00224097 3500 350 0.00792985 -0.00865961 0.00700996
0.0018097 3510 351 0.00673894 0.00239268 0.000531083
0.0107561 3520 352 0.00446322 0.0183041 0.00478651
0.00172743 3530 353 0.00461936 0.00966552 0.00792952
0.00604973 3540 354 0.00512448 0.0341136 -0.00854322
0.00324304 3550 355 0.00205043 0.0228846 0.00319681
0.00254598 3560 356 0.00959607 -0.00812747 0.0188523
0.00262551 3570 357 0.00354341 0.0106859 -0.00582175
0.00129816 3580 358 0.0105966 0.0102113 0.0218788
0.00313997 3590 359 0.0031666 0.0125805 0.0033365
0.00787639 3600 360 0.0034811 0.0199802 0.00129854
0.00129879 3610 361 0.0152425 -0.00160393 0.0124955
0.0014806 3620 362 0.0103366 0.00944103 0.0121057
0.000903148 3630 363 0.00571015 0.0181005 0.00160326
0.00674292 3640 364 0.00164227 6.11564e-05 -0.0173105
0.00137964 3650 365 0.00980656 0.00170341 0.00402186
0.0048033 3660 366 0.0062881 0.0108538 -0.00125009
0.000701019 3670 367 0.0037337 0.0104512 0.0164041
0.000941296 3680 368 0.00596754 0.0037895 0.0154949
0.00392845 3690 369 0.00642189 0.0224103 0.00804494
0.00479893 3700 370 0.00563623 -0.00806037 -0.00404159
0.00274606 3710 371 -0.0228124 0.0107733 -0.110056
0.00255136 3720 372 0.00172875 0.0717443 0.000767871
0.00133567 3730 373 0.00416827 0.0302002 0.00524216
0.0025056 3740 374 0.0108509 0.00463516 0.0139383
0.00447783 3750 375 0.00645459 0.0305631 0.000256946
0.0020398 3760 376 0.0114649 0.0292741 0.0293915
0.00920223 3770 377 0.00790248 0.0249149 0.01586
0.00413893 3780 378 0.00490296 -0.00240239 0.00315312
0.00129924 3790 379 0.00436075 0.00501308 0.00794606
0.00252206 3800 380 0.000706679 -0.0205433 0.0190618
0.00534956 3810 381 0.00529533 0.0511223 0.00651176
0.00444573 3820 382 0.00488547 0.0158061 0.00474382
0.000561823 3830 383 -0.00102497 0.0137548 -0.00897633
0.00211153 3840 384 0.00646175 -0.011808 0.00711489
0.00795311 3850 385 0.00502813 0.02582 0.0262863
0.00974615 3860 386 0.0077676 -0.00767672 0.00596572
0.00121791 3870 387 0.00923444 0.020383 0.00683592
0.00115553 3880 388 0.00523293 0.00666141 0.0049855
0.00216738 3890 389 0.00530352 -0.030738 0.013416
0.000796646 3900 390 0.00382912 0.0106371 0.00544944
0.00448576 3910 391 0.00969939 0.0216711 0.00114475
0.00223089 3920 392 0.00758915 0.0145372 0.0131117
0.00360762 3930 393 0.00743023 0.0232823 0.0154829
0.00728503 3940 394 0.00424945 0.0212254 -0.00182304
0.0013966 3950 395 0.004277 0.0159445 -0.00325931
0.00426802 3960 396 0.00602735 0.00116742 0.00930591
0.00554508 3970 397 0.00698789 0.0799759 -0.00370637
0.00847697 3980 398 0.0128679 -0.0117942 -0.0116394
0.000754327 3990 399 0.0029875 0.0222255 0.000228881
0.00563071 4000 400 0.00418916 0.0491143 0.00302076
0.00166847 4010 401 0.00705807 0.0166199 0.00200524
0.00884501 4020 402 0.0100838 0.00720835 0.018663
0.00328124 4030 403 0.00733294 -0.0197168 0.0104518
0.00589705 4040 404 0.00532833 0.0179726 0.000731741
0.00337221 4050 405 0.0120075 -0.0364814 -0.02494
0.0018093 4060 406 0.00388202 0.0197151 -0.00759365
0.000622856 4070 407 0.00200314 0.010371 -0.000302058
0.00830538 4080 408 0.00510011 -0.022201 -0.0164502
0.00227886 4090 409 0.0114678 0.012728 0.0299847
0.00501404 4100 410 0.00603589 0.0145844 0.00734739
0.00582278 4110 411 0.00928301 -0.0176913 0.0247079
0.00564227 4120 412 0.00500385 0.0171341 -0.000185274
0.00756079 4130 413 0.00906461 -0.00860929 0.00321822
0.00243104 4140 414 0.00535254 0.000516029 0.0152133
0.00503726 4150 415 0.0114654 -0.0166487 0.00193894
0.00450061 4160 416 0.00949607 0.00409862 0.0275853
0.00620874 4170 417 0.00782435 0.0208473 -0.000968286
0.00228306 4180 418 0.00459319 0.0218982 0.00727233
0.00125266 4190 419 0.00364496 0.0110475 -0.00390234
0.00556314 4200 420 0.00906034 -0.00461359 0.0160441
0.0165375 4210 421 0.00737152 -0.0336066 0.00431398
0.00275135 4220 422 0.00673138 -0.0030202 0.00333124
0.00221064 4230 423 0.00824164 -0.00774543 0.0115598
0.00189878 4240 424 0.00210734 0.0153169 -0.00463303
0.0021867 4250 425 0.00276908 0.0279088 -0.000592776
0.00193818 4260 426 0.00450182 0.00673101 0.000372226
0.000698059 4270 427 0.00607343 0.0119434 0.00535025
0.00509625 4280 428 0.00494609 0.0254984 -0.000739444
0.00222097 4290 429 0.00902201 0.0154668 -0.0137935
0.007281 4300 430 0.00202636 -0.00723782 -0.0154161
0.00249014 4310 431 0.0078548 0.0142691 0.0059316
0.00320055 4320 432 0.00506962 0.00358686 0.0015067
0.00651742 4330 433 0.00258309 -0.00162697 -0.0124637
0.00342681 4340 434 0.00406997 0.0277659 -0.00463409
0.000743422 4350 435 0.00536034 0.0263038 -0.00679983
0.00410327 4360 436 0.00811619 -0.0203913 0.00996444
0.00145518 4370 437 0.00804862 0.0310161 1.24172e-05
0.00245958 4380 438 0.0079999 0.0141166 0.0120587
0.00722282 4390 439 0.00352417 0.00773307 -0.0107475
0.00147 4400 440 0.00363484 0.0185455 -0.00498849
0.00559708 4410 441 0.00347636 0.0116219 0.012567
0.00375371 4420 442 0.00649694 0.0611556 0.000901434
0.0013647 4430 443 0.00406437 0.0235155 0.00552202
0.00218458 4440 444 0.00771951 0.00795667 0.0145723
0.00352184 4450 445 0.0089961 0.00449265 0.00783607
0.000636961 4460 446 0.00355021 0.0182969 0.00355103
0.00141364 4470 447 0.0194374 0.0209003 0.00646044
0.00553002 4480 448 0.00418011 0.0131509 0.00517978
0.00239151 4490 449 0.0030503 0.00564924 -0.00625659
0.0021117 4500 450 0.00708704 0.0246049 0.00638622
0.00631796 4510 451 0.00398523 0.0254286 0.00873921
0.0123499 4520 452 0.0109528 0.060108 0.00432425
0.00349185 4530 453 0.00653015 0.0337439 0.00371953
0.00281355 4540 454 0.00784325 0.00120004 0.0134281
0.00459619 4550 455 0.00530809 0.0167973 0.00818038
0.00106565 4560 456 0.00697864 0.00890623 0.00474718
0.00469446 4570 457 0.00452257 -0.00840988 0.0010807
0.0014016 4580 458 0.00698976 0.029344 0.00892799
0.0049123 4590 459 -0.000281351 0.0536256 -0.000491038
0.000999706 4600 460 0.00661525 -0.00470846 0.0151141
0.00185606 4610 461 0.00841839 0.0398373 0.0102246
0.00222697 4620 462 0.0101677 -0.0318345 0.0264527
0.00132697 4630 463 0.00556884 0.0101853 0.012794
0.000596492 4640 464 0.00334897 0.0101925 3.41874e-05
0.00299392 4650 465 0.00797634 -0.00638863 0.0121961
0.00459305 4660 466 0.00482299 0.0179653 0.0124331
0.00559897 4670 467 0.0060382 0.0267084 -0.00033781
0.00209249 4680 468 0.00513066 0.0133996 0.00957471
0.00619969 4690 469 0.00118829 -0.00996624 -0.0115502
0.00388869 4700 470 0.00864846 0.0540015 0.0186331
0.000428664 4710 471 0.00688043 0.0254168 0.0127147
0.00546101 4720 472 0.00462764 0.0183192 -0.00108267
0.00851881 4730 473 0.00745706 -0.000271961 0.000818417
0.00544288 4740 474 0.00645287 0.0204634 -0.00304627
0.00324743 4750 475 0.00566216 0.028179 0.00309174
0.000839755 4760 476 0.00286016 0.0125816 0.00417933
0.00704967 4770 477 0.0163096 0.00986159 0.0557269
0.00858499 4780 478 0.00871499 -0.0285793 -0.0169151
0.00411851 4790 479 0.00746607 0.0306003 0.00539182
0.00113683 4800 480 0.00268907 -0.00406165 -0.00119907
0.00511642 4810 481 0.00736535 -0.00962323 0.0141445
0.00726519 4820 482 0.00688566 0.0217623 0.00682282
0.00148365 4830 483 0.01157 0.0117882 0.0226665
0.00452967 4840 484 0.0136587 0.0332522 0.0188309
0.00557181 4850 485 0.0162187 -0.0260665 0.0130434
0.013796 4860 486 0.00708033 0.0177186 0.0108635
0.00821117 4870 487 0.00524034 -0.0133675 -0.000660306
0.00349539 4880 488 0.00621448 -0.00307873 0.0132447
0.00193666 4890 489 0.00708327 -0.0151458 0.0157295
0.00454181 4900 490 0.00488715 -0.00784423 0.0007544
0.00249432 4910 491 0.00498913 0.0217528 0.00120307
0.00215751 4920 492 0.00374257 0.0291518 -0.00207289
0.00661402 4930 493 0.0119667 -0.0264307 0.0155851
0.00147639 4940 494 0.00749366 0.0200012 0.0108934
0.00373684 4950 495 0.00525885 0.0240642 -0.00497875
0.00610246 4960 496 0.0138679 0.00131867 0.0327386
0.00630716 4970 497 0.00316971 0.0193807 0.00175215
0.00165888 4980 498 0.0157421 0.00712445 0.00530241
0.00361681 4990 499 0.00656394 0.0294325 -0.00350842
0.00612136 5000 500 0.0238027 -0.0551279 -0.0163217
0.0022186 5010 501 0.00448177 -0.00574311 0.000966774
0.00543186 5020 502 0.010319 -0.00864482 0.00165692
0.00461807 5030 503 0.00502563 0.0162004 0.00641497
0.00128167 5040 504 0.00605292 0.0113075 0.0172938
0.00446096 5050 505 0.00796878 0.00731245 0.0106532
0.00631623 5060 506 0.00728269 -0.0192253 0.0152367
0.00302244 5070 507 0.0062836 -0.0149771 0.00706711
0.00406263 5080 508 0.00630092 0.0111363 0.00396873
0.00692652 5090 509 0.00415376 -0.0147298 -0.00525179
0.00241601 5100 510 0.00554378 -0.00957854 0.02025
0.00152288 5110 511 0.00917296 -0.0057466 0.0137842
0.0108524 5120 512 0.00437375 -0.0162144 -0.0107467
0.00480911 5130 513 0.00248673 0.0192425 -0.00455245
0.00225848 5140 514 0.0041343 0.0133385 0.000628358
0.00577711 5150 515 0.00588398 -0.0326125 -0.00102559
0.00247698 5160 516 0.00225586 0.0264751 3.85589e-05
0.0062956 5170 517 0.008851 -0.0234009 -3.85697e-05
0.00745517 5180 518 0.00712576 0.0618488 0.00735316
0.00221791 5190 519 0.00684807 0.0126408 0.00170661
0.00430962 5200 520 0.0053629 0.0209569 0.000849819
0.00406605 5210 521 0.00479016 0.00284953 0.00149581
0.00646146 5220 522 0.00611074 0.0138542 -0.00325262
0.00478419 5230 523 0.00802911 0.0120046 0.0197995
0.000881185 5240 524 0.00328399 0.0151823 0.0014872
0.0044913 5250 525 0.010017 -0.0254346 0.00789647
0.00309319 5260 526 0.00330069 0.0115798 0.00402858
0.0103529 5270 527 0.00234936 0.0425433 0.00736632
0.00292707 5280 528 0.00521362 0.01801 0.00262763
0.00133584 5290 529 0.00631412 0.0123393 0.0139062
0.00171786 5300 530 0.00476082 0.0250164 0.00159312
0.00267956 5310 531 0.00595292 -0.00968797 0.00145429
0.00527687 5320 532 0.00171034 0.012955 -0.00294873
0.000992385 5330 533 0.0107637 0.0312448 0.0135175
0.00296848 5340 534 0.00621607 0.00149944 0.015209
0.007305 5350 535 0.00480085 0.022321 0.000202892
0.0030858 5360 536 0.00303084 0.0120411 0.00171978
0.00749917 5370 537 0.0111732 0.0130474 0.0194732
0.00147946 5380 538 0.00678662 0.00671888 0.0140811
0.000654039 5390 539 -0.00034116 0.0165902 -0.0156394
0.00816193 5400 540 0.00595992 -0.00797768 0.00854451
0.00139263 5410 541 0.00299589 0.0223821 -0.000137236
0.00452542 5420 542 0.00695317 0.0148053 0.000684097
0.0114374 5430 543 0.00686172 0.0198213 0.000316466
0.00136005 5440 544 0.00713825 0.0173792 0.002897
0.00674837 5450 545 0.0075725 0.00508118 0.00131539
0.00210473 5460 546 0.00602791 0.00652141 -0.00112858
0.00347549 5470 547 0.0300264 -0.0061297 0.0520521
0.00646754 5480 548 0.00406823 -0.0123746 -0.0161039
0.00389028 5490 549 0.00383731 -0.0229966 -0.0065118
0.00370546 5500 550 0.00268866 0.0221634 5.313e-06
0.00141241 5510 551 0.00953941 0.000212312 0.0119088
0.00103956 5520 552 0.00793972 0.0183532 0.0105774
0.00187119 5530 553 0.0034968 0.0227612 0.0116794
0.00163214 5540 554 0.00636703 3.87133e-06 0.00523258
0.00734946 5550 555 0.00380079 0.00198639 -0.0120361
0.00679206 5560 556 0.00205758 0.03005 -0.00896613
0.00818024 5570 557 0.00419385 -0.000346452 0.0165697
0.00377682 5580 558 0.00125534 -0.020067 0.0183167
0.00204304 5590 559 0.00317694 -0.0120113 0.0222254
0.00444555 5600 560 0.00240798 -0.00635297 0.00925173
0.00424926 5610 561 0.0072641 -0.0202731 0.0040119
0.00575043 5620 562 0.0044842 -0.00625493 0.00268726
0.00188459 5630 563 0.00512672 0.000151858 0.0113077
0.00636379 5640 564 0.00290112 -0.0359657 -0.00141361
0.00315202 5650 565 0.00787521 -0.012109 0.0134908
0.00328568 5660 566 0.00646409 -0.0147171 0.0026605
0.0014569 5670 567 0.00744216 6.74517e-05 0.00873151
0.00102216 5680 568 0.00564357 0.0131764 0.00119097
0.00512043 5690 569 0.00689294 0.0209191 0.0115648
0.00310712 5700 570 0.00939074 -0.0120616 0.00439063
0.00180411 5710 571 0.00547069 0.0319542 0.0036465
0.00343401 5720 572 0.00506504 -0.00889503 0.0108918
0.00447148 5730 573 0.00322894 0.0100628 0.00599175
0.0038002 5740 574 0.00716544 0.0149069 0.00512989
0.0030055 5750 575 0.0258417 0.0427356 0.0427629
0.00426072 5760 576 0.00536171 0.0166951 0.00669084
0.00389568 5770 577 0.00850619 -0.0304325 -0.0116835
0.00267375 5780 578 0.0042409 0.0158739 -0.0101632
0.00451651 5790 579 0.00805825 -0.0133318 0.015201
0.000790241 5800 580 0.00632164 0.0146463 0.0270771
0.00106003 5810 581 0.00672781 0.013162 0.0136697
0.00361973 5820 582 0.00774317 -0.00130233 0.00682632
0.00117529 5830 583 0.00710609 0.0225374 0.0138744
0.00405038 5840 584 0.00803448 0.0115573 0.00568523
0.00348357 5850 585 0.00569684 0.00617886 0.00213504
0.001499 5860 586 0.00731239 -0.00415753 0.0088419
0.00162163 5870 587 0.00931512 -0.0124081 0.000782468
0.0033585 5880 588 0.00562552 0.0211099 0.0001978
0.00108617 5890 589 0.00627689 0.0158882 0.0137651
0.00379091 5900 590 0.00615524 0.0160074 -0.00324423
0.00352642 5910 591 0.0090734 -0.0152017 0.00850721
0.00164561 5920 592 0.0125066 -0.0186796 0.0287486
0.00157476 5930 593 0.00445221 0.0252239 0.0125028
0.0115131 5940 594 0.00556407 0.0177069 9.24017e-05
0.00357897 5950 595 0.00917305 -0.0258839 -0.0128348
0.00143795 5960 596 0.00178979 0.0189549 -0.000974978
0.00600496 5970 597 0.00517153 -0.0100967 0.000109147
0.00575325 5980 598 0.00480917 -0.00475697 -0.00288382
0.0028121 5990 599 0.00240941 -0.00981601 0.00512912
0.00319048 6000 600 0.00688453 0.016904 0.00201841
0.00530877 6010 601 0.00194656 -0.0365799 -0.00195573
0.00478949 6020 602 0.0176133 -0.0223243 -0.00669278
0.00407548 6030 603 0.00522251 0.0373656 0.00050489
0.00487962 6040 604 0.00411032 -0.0191456 -0.00286858
0.00820684 6050 605 0.00613559 0.0194461 0.00509717
0.00120081 6060 606 0.00503094 0.02748 0.00523473
0.00125134 6070 607 0.0034869 0.0178024 0.0100094
0.00195063 6080 608 0.00882175 -0.00662038 0.0183226
0.00541416 6090 609 0.00349046 0.0537486 0.000205
0.00108206 6100 610 0.00637784 0.00961686 0.00435523
0.00300788 6110 611 0.00534053 0.0128463 0.00389338
0.00351185 6120 612 0.00730747 -0.0152763 0.00662406
0.00225117 6130 613 0.00512166 -0.00148242 0.00595242
0.0053721 6140 614 0.0122035 0.0695933 0.0124875
0.00159988 6150 615 0.00906447 -0.00517457 0.0102177
0.00977349 6160 616 0.00831437 0.013441 0.0029967
0.0031639 6170 617 0.00981345 -0.0306369 0.00232347
0.00116995 6180 618 0.00692776 0.0284104 0.00926114
0.00555692 6190 619 0.00423922 -0.0221576 -0.00890967
0.00158375 6200 620 0.00334162 0.0242673 0.00866037
0.00127994 6210 621 0.00770825 0.00992446 0.00689677
0.00889184 6220 622 0.0104293 -0.010804 0.0313269
0.00557324 6230 623 0.00654636 0.0201738 0.00684478
0.00451269 6240 624 0.0083505 -0.0209588 0.00869516
0.00487608 6250 625 0.00937318 0.06156 0.00383261
0.000885279 6260 626 -0.00138487 0.0246397 -0.0125448
0.0053913 6270 627 0.00875935 -0.00652925 0.0178459
0.00466808 6280 628 0.00568927 0.0194854 0.00460392
0.00289761 6290 629 0.00208545 -0.00314187 0.0144431
0.00254596 6300 630 0.00445219 -0.00717316 0.00723992
0.00158559 6310 631 0.00515679 0.0167975 0.00512038
0.00544645 6320 632 0.00877098 0.0116164 0.00305853
0.0037773 6330 633 -0.00179958 0.0213711 -0.0056246
0.00306056 6340 634 0.00711584 0.0410558 0.0183098
0.00567061 6350 635 0.00906541 -0.00102891 0.00939097
0.00116471 6360 636 0.00430368 0.0205269 0.00520507
0.00743786 6370 637 0.0105475 -0.0131105 0.0235234
0.00597113 6380 638 0.00489658 0.0111424 0.000755513
0.00373115 6390 639 0.00183628 -0.0268398 -0.00471903
0.00301233 6400 640 0.0110934 0.0135764 0.0110088
0.00694836 6410 641 0.00602517 0.00125306 -0.0117311
0.00566669 6420 642 0.0063417 -0.0294736 -0.014393
0.00526232 6430 643 0.00682035 0.021799 0.00850348
0.00359597 6440 644 0.00453842 0.0180201 0.0027893
0.0017408 6450 645 0.00466707 0.0224679 0.00841067
0.00489015 6460 646 0.00382764 -0.0133486 -0.0119402
0.00483093 6470 647 0.00588355 0.0157602 -0.0101314
0.000841855 6480 648 0.00558032 0.00493101 0.0077238
0.00134039 6490 649 0.0085736 -0.00984129 0.0101812
0.00781365 6500 650 0.00406126 0.0177831 -0.00274609
0.00205871 6510 651 0.00573042 0.00337257 0.00918023
0.00295502 6520 652 0.00784807 -0.00843295 0.0125657
0.00171657 6530 653 0.00884969 -0.00500007 0.0169111
0.00218516 6540 654 0.00931875 -0.0147281 0.0189613
0.00328939 6550 655 0.00819082 0.021981 -0.00553594
0.00161201 6560 656 0.00573334 0.023302 0.000100407
0.00625172 6570 657 0.00632739 0.0273972 -0.000402297
0.00490352 6580 658 0.00644411 0.0156059 0.00578291
0.00477828 6590 659 0.0039345 0.0300441 0.00690991
0.00484451 6600 660 0.00558426 0.0107002 0.00222095
0.00427554 6610 661 0.00763235 -0.0214544 -0.0126332
0.0105191 6620 662 0.00669727 0.00999557 0.0108951
0.00783271 6630 663 0.00800434 -0.0183462 0.00752112
0.00096419 6640 664 -0.00310507 0.0166704 -0.0146363
0.00221793 6650 665 0.0121415 -0.0251607 0.0212648
0.00301374 6660 666 0.00596911 0.0170062 0.0025131
0.0117019 6670 667 0.00595936 0.0219218 0.0026582
0.000561379 6680 668 0.00618849 0.00816503 0.0313964
0.0085936 6690 669 0.00680545 0.0326294 -0.00138978
0.0090382 6700 670 0.00799987 0.0129291 0.0194598
0.00612402 6710 671 0.000654192 -0.00815191 -0.0148799
0.00123319 6720 672 0.0047538 0.0100786 7.24332e-05
0.00639608 6730 673 0.00581258 0.00854654 -0.0119258
0.00452152 6740 674 0.00725208 0.0115124 0.000461171
0.00597571 6750 675 0.00521102 -0.0162414 -0.00379266
0.00464373 6760 676 0.00454728 0.0252733 0.00919362
0.00348352 6770 677 0.00445619 0.0201173 0.00511153
0.00137717 6780 678 0.00383956 0.00787026 0.00586999
0.00261518 6790 679 0.00657773 0.0161237 0.0195484
0.00291436 6800 680 0.0106455 0.0099241 0.00462824
0.00084236 6810 681 0.00402053 -0.00587246 0.013816
0.00492267 6820 682 0.00397917 -0.0083377 -0.00106422
0.00176887 6830 683 0.00611493 -0.0128536 0.030606
0.00243297 6840 684 0.00707576 -0.000577012 0.00744761
0.00222107 6850 685 0.0113265 0.0186243 0.00156664
0.00627681 6860 686 0.0047698 -0.0154501 -0.00123212
0.000979601 6870 687 0.00728592 0.0228687 -0.00233953
0.00161908 6880 688 0.00456106 0.0160665 0.013847
0.00775168 6890 689 0.000974253 0.00250802 0.0346773
0.00203524 6900 690 0.00515723 -0.000962765 0.00733509
0.00342454 6910 691 0.00931383 0.0241242 0.014887
0.00322042 6920 692 0.00594148 0.0162788 0.00500349
0.000738758 6930 693 0.00388195 0.0230899 0.01221
0.00120039 6940 694 0.00298846 0.00860762 0.00224012
0.00543601 6950 695 0.0152529 -0.0486558 -0.00574385
0.0017411 6960 696 0.00186114 0.0155027 0.00769423
0.00613854 6970 697 0.00333724 0.0144105 0.00252571
0.00346121 6980 698 0.00492969 0.0117616 -0.000787375
0.00208152 6990 699 0.00635279 0.0113458 0.00949813
0.00498074 7000 700 0.00449664 -0.0349614 -0.0132304
0.00380243 7010 701 0.0116345 0.0301895 0.0169043
0.00339826 7020 702 0.00517257 0.0198084 0.00173179
0.00153627 7030 703 0.00491586 0.0110808 0.0012875
0.00434005 7040 704 0.00334121 0.0564935 0.0089997
0.00480069 7050 705 0.00311915 -0.00182515 0.000461815
0.00141896 7060 706 0.000431638 0.0235278 0.0103661
0.0014126 7070 707 0.00813858 0.0326424 0.0115324
0.00936959 7080 708 0.0111775 -0.0318001 -0.00465632
0.00338102 7090 709 0.00794907 -0.0129779 0.0186204
0.0108344 7100 710 0.00432023 0.0172443 -0.00235402
0.00406276 7110 711 0.00854949 0.0280242 0.0180832
0.00106721 7120 712 0.00755218 0.00877163 0.0159976
0.00240146 7130 713 0.0082056 -0.00290097 0.0131563
0.00359575 7140 714 0.00589752 0.0264014 0.00214463
0.000945527 7150 715 0.00377128 0.00433811 0.0108507
0.000793138 7160 716 0.00831606 0.0217947 -0.00338696
0.00472633 7170 717 0.00730969 -0.00232354 0.0105218
0.0082289 7180 718 0.0036564 -0.00817133 -0.0124159
0.00322362 7190 719 0.00674589 0.0119802 0.0024709
0.00227701 7200 720 0.00544796 0.0138547 -0.00534687
0.00926068 7210 721 0.0034925 0.0139324 -0.00553785
0.00596074 7220 722 0.00724165 -0.0139381 0.00321469
0.00643915 7230 723 0.00464928 0.0319554 -0.00146002
0.00621171 7240 724 0.00601127 0.00719883 -0.00118968
0.00431034 7250 725 0.00304107 0.0253208 -0.00060117
0.00265674 7260 726 0.00640851 0.00489247 0.0135742
0.00113756 7270 727 0.0102048 0.0192189 0.0244258
0.00753394 7280 728 0.00842362 -0.0141277 -0.0171946
0.00190563 7290 729 0.00823991 -0.00442081 0.0130447
0.00131353 7300 730 0.00355501 0.0107518 0.00355697
0.0062426 7310 731 0.00386265 0.0215919 0.00886923
0.00147986 7320 732 0.00468925 0.0174157 0.000950256
0.00343946 7330 733 0.00651652 -0.0039139 0.0130391
0.000995637 7340 734 0.00341277 0.0203346 0.0159237
0.00392964 7350 735 0.00419473 0.0181302 0.00550483
0.00512672 7360 736 0.00509765 -0.0178201 -0.00124315
0.00457245 7370 737 0.0106045 -0.0253289 0.0144597
0.00560792 7380 738 0.00598809 -0.00608221 -0.000625591
0.00190204 7390 739 0.00793626 0.00586484 0.0135746
0.00161603 7400 740 0.00128644 0.013609 0.00425632
0.00381334 7410 741 0.00671307 0.0114946 -0.00116715
0.00398798 7420 742 0.00314099 0.0184277 0.00149914
0.00207141 7430 743 0.00331382 -0.0102698 0.0135819
0.00363228 7440 744 0.0112546 -0.00978715 0.00425356
0.000750432 7450 745 0.00259179 0.0130199 -0.0043123
0.00285567 7460 746 0.0044363 0.0241792 0.000268403
0.00512355 7470 747 0.00470698 0.0193853 0.00339925
0.00380779 7480 748 0.00554481 0.0279987 -0.00156823
0.00219724 7490 749 0.00830721 -0.0173177 0.0181605
0.00277539 7500 750 0.00385173 0.025503 0.00243294
0.0112603 7510 751 0.00731931 0.00642623 0.0121775
0.0120335 7520 752 0.00651318 0.00986379 0.0224748
0.00433499 7530 753 0.00532946 0.00293759 0.0108023
0.00832498 7540 754 0.00338573 -0.0180211 -0.0167888
0.0015418 7550 755 0.00658202 -0.00784033 0.0090306
0.00817717 7560 756 0.00549185 -0.00959805 -0.0051975
0.00180239 7570 757 0.00827119 -0.0110568 0.00214276
0.00632189 7580 758 0.00519011 -0.0186235 -0.00397257
0.00376525 7590 759 0.00519267 0.0113477 -0.00110784
0.00588736 7600 760 0.00700041 0.00598323 -0.00684729
0.00135103 7610 761 0.00728723 0.00371436 0.00942475
0.0049304 7620 762 0.00679887 0.0151415 0.00816009
0.00287373 7630 763 0.00738243 0.0323229 0.0176694
0.00418912 7640 764 0.0060155 -0.01764 -0.00976641
0.00901793 7650 765 0.00920846 0.0187561 0.0254426
0.00459144 7660 766 0.00770023 0.000131582 0.00140499
0.00185036 7670 767 0.0057326 0.0177181 0.000338209
0.00312189 7680 768 0.0042926 0.0669898 0.0160739
0.00495407 7690 769 -0.00288974 -0.0428378 0.00347046
0.00534504 7700 770 0.00567556 0.0138018 0.00252544
0.00613642 7710 771 0.00238959 -0.00970326 -0.00237579
0.00311397 7720 772 0.00685701 0.0148383 0.00632405
0.00460637 7730 773 0.0037693 0.0310708 0.00729822
0.00105088 7740 774 0.00839847 0.0123519 0.0096507
0.00502678 7750 775 0.00750513 -0.0284813 -0.00488569
0.00215223 7760 776 0.00793886 -0.0358614 0.00200263
0.00558716 7770 777 0.00938135 0.0214144 0.0153062
0.00519261 7780 778 0.00821853 0.0103717 0.0149814
0.00567865 7790 779 0.00829908 0.045903 0.0109146
0.0050099 7800 780 0.00559753 0.0139024 0.00513695
0.00328713 7810 781 0.00622388 -0.00467115 0.00668807
0.00134669 7820 782 0.00379753 0.012772 0.0103456
0.0053077 7830 783 0.00251589 0.0146772 -0.00937223
0.00382758 7840 784 0.00497118 0.0346671 -0.00836321
0.00340432 7850 785 0.00639936 0.00513426 0.0164277
0.00326708 7860 786 -0.00174489 0.0171638 -8.74959e-05
0.00479511 7870 787 0.00727355 0.010862 0.00926878
0.00166682 7880 788 0.00406218 -0.004461 0.00891814
0.00107018 7890 789 0.00446474 0.0110539 0.0093234
0.0044137 7900 790 0.0112454 0.0317226 0.0369876
0.00209099 7910 791 0.00716925 0.0229059 0.00529192
0.00333012 7920 792 0.00218693 0.0239229 -0.0139147
0.00365754 7930 793 0.0085888 0.0244139 -0.00563738
0.00342347 7940 794 0.00717025 0.0228615 0.000461178
0.00375561 7950 795 0.00958833 -0.0370931 -0.00645074
0.00394561 7960 796 0.00692834 0.00937377 -0.00431534
0.00236094 7970 797 0.00249259 0.0306261 -0.00134099
0.00677191 7980 798 0.0077018 -0.00719948 -0.00338178
0.00389203 7990 799 0.00410947 0.0353493 0.0112697
0.00740377 8000 800 0.00084888 0.0572929 -0.0201524
0.00166448 8010 801 0.00801614 0.0129478 0.0062504
0.00794991 8020 802 0.00251701 0.0249701 -0.00973222
0.00266827 8030 803 0.0123818 0.00251328 0.0175959
0.00601761 8040 804 0.00242519 0.123203 -0.027524
0.003306 8050 805 0.00333405 0.0202996 0.0032871
0.00170162 8060 806 0.0025866 0.0171923 0.00158295
0.00413144 8070 807 0.00120521 -0.0245626 -0.014726
0.00399943 8080 808 0.00338255 0.0379877 0.0071572
0.0026069 8090 809 0.00489995 0.0270379 0.00223301
0.00902559 8100 810 0.00727412 0.0121004 0.0128035
0.00201375 8110 811 0.0058515 -0.02476 0.0132395
0.00176113 8120 812 0.00493442 0.026116 0.00941743
0.00697869 8130 813 0.00373935 -0.00586471 0.0221764
0.00255016 8140 814 0.00605855 0.00156323 0.00477956
0.00217739 8150 815 0.00698915 0.0596855 0.0124912
0.00630963 8160 816 0.00643089 -0.0135551 -0.00901458
0.00592582 8170 817 0.0042251 0.0265707 -0.0104508
0.00356402 8180 818 0.00736483 0.0019635 0.0106351
0.00356472 8190 819 0.0086778 0.00463622 -0.0026487
0.00302251 8200 820 0.00173219 0.018666 0.0118941
0.00308365 8210 821 0.00318283 0.023406 0.00712128
0.00230234 8220 822 0.00379783 0.0353773 -0.00302855
0.0015523 8230 823 0.00622828 -0.00377525 0.00430891
0.00223681 8240 824 0.00591114 0.0326591 -0.00153118
0.00240364 8250 825 0.00681787 0.000729649 0.00992593
0.0027448 8260 826 0.0053797 0.00606208 0.00183766
0.00063378 8270 827 0.00371564 0.0104062 -0.0032803
0.0012552 8280 828 0.00257376 0.0140504 0.00125386
0.00164504 8290 829 0.00724557 0.000110529 0.0152247
0.00102159 8300 830 0.00139155 0.00806977 0.00208381
0.00456929 8310 831 0.0064008 0.00901832 0.0130639
0.00101959 8320 832 0.00518022 0.00981907 0.00654716
0.00650957 8330 833 0.00538777 0.00912855 -0.00194352
0.00100851 8340 834 0.00356398 0.0182358 -0.00591391
0.00353673 8350 835 0.000207045 0.0279419 0.00239791
0.000802335 8360 836 0.0061725 0.0109609 0.00563085
0.0048769 8370 837 0.00434003 0.0295949 0.00328908
0.00133163 8380 838 0.00804938 0.0124946 0.017983
0.00796118 8390 839 0.000248052 0.0200644 -0.0156198
0.00665433 8400 840 0.00616646 0.0194906 0.00818632
0.00177291 8410 841 0.0111965 0.00276448 0.0137404
0.00126454 8420 842 0.0302698 0.00133836 -0.0530062
0.00636517 8430 843 0.00717591 -0.00366383 -0.00738391
0.00748993 8440 844 0.00179769 0.0211142 0.0103437
0.00167508 8450 845 0.00660721 0.00817388 0.00321152
0.00684685 8460 846 0.00454092 -0.0149793 -0.0104766
0.00187882 8470 847 0.00344843 0.0014208 0.00549526
0.00269685 8480 848 0.0170475 -0.0382845 -0.0109481
0.00087116 8490 849 0.00673609 0.00524381 0.0115452
0.00129221 8500 850 0.00632518 -0.0298914 0.00621834
0.00506677 8510 851 0.00352339 -0.0149032 0.00185195
0.00269074 8520 852 0.00655512 0.01709 0.00427665
0.00701214 8530 853 0.00773028 -0.0116904 0.00111966
0.00492829 8540 854 0.00235568 0.0181178 0.00384582
0.00613574 8550 855 0.00152798 0.0196452 -0.00553508
0.00215371 8560 856 0.00448479 0.0221282 0.00124707
0.00180021 8570 857 0.00538396 0.00631658 -0.00292843
0.00115832 8580 858 0.0125716 0.0152396 0.0165629
0.00185124 8590 859 0.0043284 0.0182427 0.00208772
0.00326775 8600 860 0.00473705 0.0245058 0.000679887
0.0056458 8610 861 0.00471535 0.0184327 0.0024684
0.000866531 8620 862 0.00420457 0.0125633 -0.00623514
0.00345697 8630 863 0.00625832 0.0219775 0.00791171
0.00122239 8640 864 0.00801936 0.0158755 0.00265085
0.00487192 8650 865 0.00442537 -0.00991347 0.00483774
0.00804466 8660 866 0.0063379 0.00535522 0.00379707
0.00136006 8670 867 0.00816336 0.00594149 0.0106247
0.00246953 8680 868 0.00705944 0.00605437 0.00921391
0.00112473 8690 869 0.00593931 0.0100615 0.00515233
0.00204314 8700 870 0.00620177 0.022337 0.00394611
0.00403396 8710 871 0.00612325 0.017969 0.000181893
0.00558729 8720 872 0.00721021 -0.0376656 -0.00646721
0.00224338 8730 873 0.00592184 0.00228864 0.0147296
0.00331301 8740 874 0.00503552 0.0195566 0.00805805
0.00149944 8750 875 0.00550107 0.00912166 0.00861075
0.00164563 8760 876 0.00477453 0.0114934 0.00818912
0.00321375 8770 877 0.00339397 0.0137809 0.0040221
0.00142589 8780 878 0.0104627 0.000969518 0.00750336
0.00539275 8790 879 0.0244208 -0.000307072 0.0525293
0.00325162 8800 880 0.00903695 0.0100034 0.00564333
0.00481428 8810 881 0.0211209 -0.0406069 -0.0048586
0.00350491 8820 882 0.00307501 0.0224353 0.0161773
0.00143136 8830 883 0.00325588 0.0129567 0.0102753
0.00116516 8840 884 0.00515055 0.0090058 -0.0033545
0.0024363 8850 885 0.0152084 0.0091243 0.0261123
0.00146764 8860 886 0.0151909 0.0123282 0.0318494
0.00407983 8870 887 0.00547001 0.0179846 0.0121278
0.00119456 8880 888 0.00777524 0.0109744 0.0133078
0.00130946 8890 889 0.00611531 0.000607122 0.0129218
0.00195105 8900 890 0.0135079 0.0148898 0.0357147
0.0022612 8910 891 0.00215713 0.013372 0.0161889
0.0040455 8920 892 0.00647143 0.0193736 0.0152896
0.0061991 8930 893 0.00567767 -0.0142765 -0.00909339
0.00690932 8940 894 0.0115943 0.0333072 0.0292517
0.00339701 8950 895 0.00491693 -0.0540927 -0.00422905
0.00252184 8960 896 0.00555428 0.0181119 0.00471037
0.00259519 8970 897 0.00501923 0.00181087 0.00445134
0.00320347 8980 898 0.00802655 -0.0212858 0.00650628
0.00497842 8990 899 0.00721452 0.0244572 -0.00641915
0.00327194 9000 900 0.00511063 0.0213144 0.011608
0.00784499 9010 901 0.00510944 -0.0205346 -0.0115375
0.00229059 9020 902 0.0066501 0.0199242 0.00656203
0.000981056 9030 903 0.0064273 0.0264182 0.00743395
0.00532803 9040 904 0.00292048 0.0196932 -0.0155038
0.00602572 9050 905 -0.00618272 -0.027642 0.0098631
0.00423806 9060 906 0.00605961 -0.000171727 0.00160067
0.00512892 9070 907 0.00733325 0.00443728 0.00903001
0.000781945 9080 908 0.00342022 0.0275583 -0.00161505
0.000983658 9090 909 0.00396544 0.0185818 -0.00340529
0.00171428 9100 910 0.00714897 0.00832864 0.0123617
0.00985421 9110 911 0.00236345 0.0183339 -0.0052994
0.00145188 9120 912 0.00713523 -0.00773058 0.00999862
0.00356399 9130 913 0.00905856 0.00587802 0.011394
0.00294359 9140 914 0.0086571 -0.00768834 0.000238996
0.00129812 9150 915 0.00456195 0.0222648 0.0140014
0.00147508 9160 916 0.00274614 0.00400541 0.0113315
0.000838385 9170 917 0.00329346 0.0126893 -0.00943578
0.00693094 9180 918 0.0110158 -0.0370944 -0.00250969
0.000585374 9190 919 0.0132751 0.0131117 0.0100092
0.0086334 9200 920 0.00365394 0.0143349 -0.00645454
0.00428463 9210 921 0.00664773 0.0254937 0.00221734
0.00125746 9220 922 0.00687672 0.0172216 -0.00273385
0.00899301 9230 923 0.00457253 -0.0172625 -0.000741381
0.00323211 9240 924 0.00585044 0.0275689 0.00477018
0.00530057 9250 925 0.00566932 0.0559475 0.0108555
0.00480459 9260 926 0.00833419 0.0349222 0.0160005
0.00123745 9270 927 0.0115756 0.00554581 0.0116859
0.0024908 9280 928 0.00335822 0.0213624 0.00136675
0.00712811 9290 929 0.00290384 0.0252624 -0.0021251
0.00508083 9300 930 0.00776063 -0.0246158 0.0135958
0.00177949 9310 931 0.00372026 0.0128656 -0.00776922
0.00333979 9320 932 0.00357003 0.0155832 -0.0033652
0.00552053 9330 933 0.00895989 0.0284373 0.00263762
0.00434536 9340 934 0.00381064 0.0279447 -0.0021942
0.0017998 9350 935 0.0055519 0.0203729 -0.00388414
0.00463288 9360 936 0.00919435 -0.0234297 0.00871651
0.00156042 9370 937 0.00417018 0.0211556 0.00445956
0.00160054 9380 938 0.00954992 0.00511823 0.00914924
0.00284634 9390 939 0.00810087 0.0139844 -0.000547465
0.00655687 9400 940 0.00618441 0.0154665 0.00443934
0.00558242 9410 941 0.000803458 -0.00693207 -0.0130634
0.00337977 9420 942 0.00561708 0.00760999 -0.00194691
0.00176062 9430 943 0.00528892 0.0246736 0.0126008
0.00217078 9440 944 0.00503533 0.0181212 -0.00830906
0.000768608 9450 945 0.00432904 0.00365945 0.00251363
0.000868284 9460 946 0.00566494 0.0234441 -0.000709919
0.00875474 9470 947 0.0136158 -0.00681673 -0.00194534
0.00282477 9480 948 0.00478925 0.0224463 0.00604676
0.00669489 9490 949 0.00743127 0.0165965 0.0115054
0.00682449 9500 950 0.00792411 0.0564853 0.00742971
0.00499523 9510 951 0.00743478 0.0183257 0.00474312
0.00371088 9520 952 0.00990361 -0.0182606 0.00934665
0.00194507 9530 953 0.0060916 -0.0253066 0.00261949
0.00088893 9540 954 0.00590994 0.0251611 0.0110215
0.00630559 9550 955 0.010278 -0.0101602 -0.00515911
0.00308546 9560 956 0.00738266 -0.00902111 0.0129403
0.000896048 9570 957 0.00335984 -0.0185838 0.00231525
0.00448039 9580 958 0.00863068 -0.0142106 0.00489507
0.00324171 9590 959 0.00611483 0.0239201 0.00278821
0.00545839 9600 960 0.0171915 -0.00883204 0.0263776
0.00379918 9610 961 0.00678345 0.0201661 -0.00258639
0.00358483 9620 962 0.00376918 0.0263412 -0.0117974
0.00134203 9630 963 0.00481851 0.0268847 0.00983802
0.00146025 9640 964 0.00384119 0.0140802 0.00968225
0.000961261 9650 965 0.000622967 -0.0157674 -0.0075559
0.00625083 9660 966 0.0109982 0.0145104 0.0117857
0.00590601 9670 967 0.00447832 0.0176929 -0.000526109
0.00310968 9680 968 0.00395997 0.0138561 -0.0103387
0.00373609 9690 969 0.00348147 0.00575042 0.00415536
0.00410625 9700 970 0.0110089 -0.0169048 0.00642284
0.00614022 9710 971 0.00668127 -0.0322412 0.0108666
0.00124713 9720 972 0.00583988 0.0217767 0.00119651
0.00148894 9730 973 0.00363747 0.0172985 -0.00485902
0.00486849 9740 974 0.00879237 -0.0105567 0.0187207
0.00728337 9750 975 0.00370075 0.0218476 -0.00567105
0.00400557 9760 976 0.00386956 0.0211704 -0.000746203
0.0024947 9770 977 0.00537012 0.0158593 -0.00811042
0.00396176 9780 978 0.00922596 -0.00661431 0.00688073
0.00250702 9790 979 0.00168234 0.0203734 -0.0102555
0.00378922 9800 980 0.00526706 -0.00223128 0.000684759
0.00380665 9810 981 0.018024 0.048169 0.0279283
0.00346536 9820 982 0.00428595 0.00314672 0.0111828
0.00275811 9830 983 0.0106507 -0.0453067 0.00679195
0.00543739 9840 984 0.00942587 -0.0280567 -0.00522973
0.00553171 9850 985 0.00217386 -0.000490806 0.00685359
0.00591667 9860 986 0.0060899 0.0142544 0.00892524
0.00113612 9870 987 0.00678296 0.00608296 0.00485399
0.0090805 9880 988 0.00606635 0.0252087 0.00355249
0.00142016 9890 989 0.00427213 0.0165342 0.00415522
0.00683362 9900 990 0.00871412 -0.0248225 -0.00159973
0.00373562 9910 991 0.0048506 -0.00975528 0.00383483
0.00515174 9920 992 0.0116814 -0.0284096 -0.00312499
0.00140427 9930 993 0.00743723 0.00203911 0.00809932
0.00130196 9940 994 0.00888173 0.00804649 0.00149899
0.00112417 9950 995 0.0179426 0.000635128 0.0230518
0.00688136 9960 996 0.003669 -0.018687 0.00796244
0.00568867 9970 997 0.0136382 -0.0442726 -0.000277803
0.00138651 9980 998 0.00979023 -0.00566975 0.0116138
0.00354535 9990 999 0.00616572 0.016123 0.00255713
0.00194497 10000 1000 0.00492258 0.00086341 0.00713369
0.00485945 10010 1001 0.00616922 0.0141949 0.00524503
0.00130789 10020 1002 0.0113904 0.00458154 0.0291944
0.00843412 10030 1003 0.0067099 0.0130727 -0.000231299
0.00543839 10040 1004 0.00762235 -0.0242042 0.0164949
0.00113163 10050 1005 0.00491965 -0.00698772 0.00452198
0.00267692 10060 1006 0.00972151 -0.0168518 9.14649e-05
0.00567036 10070 1007 0.00481019 0.00194341 0.000993395
0.0025099 10080 1008 0.0068052 0.0229321 -0.00159312
0.00313446 10090 1009 0.00493187 0.0182038 -0.00693576
0.001989 10100 1010 0.00792957 0.00312939 0.00811191
0.00135886 10110 1011 0.00700431 0.0165507 0.00469786
0.00152368 10120 1012 0.00640408 0.00870444 0.0152403
0.000917098 10130 1013 0.0104016 0.00247076 -0.00290041
0.00144765 10140 1014 0.0102696 0.00562068 0.0107109
0.00451658 10150 1015 0.00427954 0.0296757 -0.00608102
0.00583665 10160 1016 0.00793875 -0.026918 -0.0135113
0.00132763 10170 1017 0.00516713 0.0228134 0.00848108
0.00347802 10180 1018 0.00359757 0.00654611 0.011206
0.00608965 10190 1019 0.00706784 0.0205081 0.0111861
0.00211052 10200 1020 0.00281889 0.0190554 -0.00252452
0.00137692 10210 1021 0.0041968 0.0230314 0.00245336
0.00107416 10220 1022 0.0105437 0.0166593 0.0132937
0.00078095 10230 1023 0.00544772 0.0241022 0.0108119
0.00325294 10240 1024 0.00193043 0.0186855 -0.00213836
0.00372385 10250 1025 0.000548661 -0.0609347 0.010241
0.00139851 10260 1026 0.00448116 0.0440887 0.000140917
0.0088764 10270 1027 0.0084195 0.00331478 -0.00192529
0.000860547 10280 1028 0.00440919 0.0182728 0.00107345
0.00930254 10290 1029 0.00745356 -0.00591413 0.0179224
0.000741036 10300 1030 0.00545709 0.0224333 0.0055415
0.0015901 10310 1031 0.0044227 0.0128553 -0.00122991
0.00138164 10320 1032 0.00518513 -0.00266164 0.000374168
0.00949134 10330 1033 0.019232 -0.0225281 0.00529888
0.00332589 10340 1034 0.0135631 0.0723691 0.00864149
0.00204382 10350 1035 0.00758655 0.0134343 0.0117799
0.00445231 10360 1036 0.00563732 -0.0207513 0.0131104
0.001673 10370 1037 0.00666325 0.015971 0.0151194
0.00268547 10380 1038 0.00713646 0.0136722 0.0064795
0.00227788 10390 1039 0.00259128 0.00089728 0.00386005
0.00112961 10400 1040 0.0111426 -0.0245012 0.0190683
0.00777788 10410 1041 0.00553505 -0.0258341 0.0018423
0.000863626 10420 1042 0.00581368 0.0180095 0.010746
0.00838923 10430 1043 0.00778209 -0.0320539 0.0251609
0.000971048 10440 1044 0.00556398 0.0286113 0.0126423
0.00486619 10450 1045 0.00400085 0.0203526 0.00505712
0.00232418 10460 1046 0.00758064 0.0163797 0.00436619
0.00276941 10470 1047 0.00581937 0.0351205 -0.000394378
0.00316883 10480 1048 0.00551555 0.00190361 0.000546189
0.00705261 10490 1049 -0.00251281 -0.0040858 0.0160625
0.0093281 10500 1050 0.00118073 -0.0436936 0.0062217
0.00429951 10510 1051 0.00459827 0.0154935 -0.00690131
0.00240987 10520 1052 0.0033334 0.0236499 -0.00421963
0.00216548 10530 1053 0.00501897 0.0250807 -0.00359979
0.000552945 10540 1054 0.00630741 0.0201181 0.000280541
0.00545081 10550 1055 0.0103965 -0.00617551 0.0237283
0.00212503 10560 1056 0.0078878 0.0169927 -0.00334309
0.00268213 10570 1057 0.00650305 0.0327661 -0.000260555
0.00346178 10580 1058 0.00456889 0.0236253 0.0137029
0.00588625 10590 1059 0.00438954 0.0198657 -0.0112408
0.00169766 10600 1060 0.0106039 0.00404651 0.0177292
0.000962998 10610 1061 0.00499485 0.0157166 -0.00488291
0.00310849 10620 1062 0.00174696 0.0338286 0.00258947
0.00521626 10630 1063 0.00612284 -0.0242819 0.00174179
0.00304379 10640 1064 0.0102808 0.0409822 -0.0173072
0.00330513 10650 1065 0.00434294 -0.00144431 0.0089477
0.00264179 10660 1066 0.00933582 0.0110339 0.0168052
0.00177409 10670 1067 0.00448217 0.0168024 0.00676064
0.00230052 10680 1068 0.00973661 -0.00829389 0.00120246
0.00407371 10690 1069 0.0092707 -0.0115192 -0.00711476
0.00230757 10700 1070 0.00676058 -0.00125405 0.016456
0.000899854 10710 1071 0.0050331 0.0140758 -0.000331886
0.0029027 10720 1072 0.00926107 -0.0023366 0.0133442
0.00622575 10730 1073 0.00503685 -0.014079 0.00707986
0.00176236 10740 1074 0.00819376 0.00352654 0.0106405
0.00381009 10750 1075 0.00527238 0.0245926 0.00729441
0.00179454 10760 1076 0.00912259 -0.0133686 0.0109561
0.00794491 10770 1077 0.0048185 -0.0225864 -0.0162185
0.00628743 10780 1078 0.00293524 0.0154333 0.00865372
0.000907243 10790 1079 0.00554213 0.0189454 0.00122259
0.0102077 10800 1080 0.00808408 -0.0140454 -0.0129922
0.00680376 10810 1081 0.0042764 0.0461884 0.00603284
0.0054015 10820 1082 0.00804183 -0.011688 0.00918763
0.00257788 10830 1083 0.0141609 -0.024242 0.0069781
0.0011065 10840 1084 0.00253011 0.0103049 -0.00133024
0.00246631 10850 1085 0.00701767 0.00469948 0.0046057
0.00270895 10860 1086 0.00621799 -0.00664121 0.00538773
0.00077411 10870 1087 0.00368733 0.014701 -0.00888856
0.00192904 10880 1088 0.00439513 0.0429853 0.0114317
0.00157067 10890 1089 0.00398611 0.0268821 -0.00158206
0.00470188 10900 1090 0.0104533 0.0433067 0.0281244
0.00224383 10910 1091 0.00595323 0.0250744 0.00162609
0.00462836 10920 1092 0.00687051 -0.0161304 0.0109958
0.000755884 10930 1093 0.00616037 0.0198583 0.00418688
0.0039375 10940 1094 0.00592401 -0.0259432 0.0104985
0.00168132 10950 1095 0.00554602 0.000863339 0.00642155
0.00366559 10960 1096 0.00661218 0.000365219 -0.00829619
0.0043367 10970 1097 0.00190644 -0.00633489 0.0055066
0.00100575 10980 1098 0.0053531 0.0130142 1.39494e-05
0.00348796 10990 1099 0.00973843 0.000998241 -0.0126767
0.00287641 11000 1100 0.00392182 0.0130915 -0.000864121
0.00196034 11010 1101 0.00903251 -0.0208576 0.0152472
0.00686018 11020 1102 0.0094268 0.0391721 0.0157098
0.00484809 11030 1103 0.0155701 0.0737895 0.00208941
0.00168921 11040 1104 0.00406265 0.0198599 0.00183165
0.0047411 11050 1105 0.0122438 -0.0229521 0.0211279
0.00302369 11060 1106 0.00769911 -0.00739553 0.0160532
0.00100151 11070 1107 0.00629386 0.0179754 -0.00128257
0.00187402 11080 1108 0.0078179 0.041848 0.000420229
0.00195347 11090 1109 0.0062884 0.0178229 0.0115774
0.00358564 11100 1110 0.00540719 0.0150541 0.00808772
0.00581615 11110 1111 0.00644128 0.0187241 -0.00253096
0.00335906 11120 1112 0.00336837 0.0239304 -0.000379607
0.00415339 11130 1113 0.00706984 0.00324953 0.00954261
0.00404717 11140 1114 0.00222103 0.028681 -0.00141
0.00143426 11150 1115 0.00558489 0.00946036 0.0100409
0.00313604 11160 1116 0.00586378 0.00507116 0.000720136
0.0020553 11170 1117 0.00556368 -0.0128328 0.0181815
0.00151031 11180 1118 0.0155145 0.0156276 0.027243
0.00241902 11190 1119 0.0032555 0.0247033 0.00720345
0.00204006 11200 1120 0.00489018 0.0204463 0.00369964
0.00152029 11210 1121 0.010005 -0.0176147 0.016884
0.00233111 11220 1122 0.00567584 0.0389294 0.00537801
0.0089914 11230 1123 0.00636609 -0.008482 0.0130503
0.00516169 11240 1124 0.00404253 0.0386922 0.00555235
0.0074949 11250 1125 0.00633702 0.000893489 0.00163054
0.0150134 11260 1126 0.00764325 -0.0255591 0.0018696
0.00454957 11270 1127 0.00750951 0.00629414 0.0113796
0.00271589 11280 1128 0.00446653 -0.000438774 0.0170831
0.00124456 11290 1129 0.0121297 -0.00262537 0.00746957
0.00156692 11300 1130 0.00604655 -0.000564929 0.00931989
0.00301806 11310 1131 0.00731009 0.0268588 0.00640196
0.00792013 11320 1132 0.0030693 -0.0114994 0.00280741
0.000722159 11330 1133 0.00186004 0.0150297 0.00218469
0.002948 11340 1134 0.00823214 -0.00236846 0.0195522
0.00152847 11350 1135 0.00831435 -0.00565378 0.0102987
0.00421972 11360 1136 0.00641984 -0.0263215 0.00182844
0.00153563 11370 1137 0.00676806 0.0214154 0.00822272
0.000748882 11380 1138 0.00653002 0.0104322 0.012414
0.00750695 11390 1139 0.0064195 -0.0319606 0.0325547
0.00213746 11400 1140 0.00974981 0.0140342 0.00999817
0.00594612 11410 1141 0.00715218 0.0229676 0.00214707
0.00154767 11420 1142 0.00613084 0.016422 0.0042059
0.00258424 11430 1143 0.0347732 -0.0111613 0.0721266
0.00094776 11440 1144 0.00875951 0.0136222 0.00342907
0.00136708 11450 1145 0.00261535 0.0208405 0.00283792
0.00664304 11460 1146 0.00440701 0.0238221 -0.00764905
0.0015901 11470 1147 0.00612957 -0.01469 0.00757528
0.00890676 11480 1148 0.00543997 0.0202016 0.00144184
0.00118645 11490 1149 0.00671205 0.0110537 0.00837931
0.0109157 11500 1150 0.0136562 0.0402506 0.0295722
0.00441043 11510 1151 0.0061862 -0.0168622 0.000384577
0.00220698 11520 1152 0.00810209 -0.00451445 0.0187889
0.00333264 11530 1153 0.00642037 0.00820255 0.00797975
0.00250408 11540 1154 0.00295516 0.00577796 -0.00162891
0.00824498 11550 1155 0.00378127 0.0227097 0.00224423
0.00105111 11560 1156 0.00633472 0.0136615 0.00588322
0.00284941 11570 1157 0.00834786 0.00175255 0.0170903
0.00200303 11580 1158 0.00878683 -0.00424197 0.0203117
0.00439364 11590 1159 0.00276828 0.0195002 0.00239947
0.00164264 11600 1160 0.00537282 -0.000882655 0.00132291
0.00681948 11610 1161 0.00700127 0.0280162 -0.00144229
0.00192834 11620 1162 0.00396376 -0.00150451 0.0075075
0.00243382 11630 1163 0.00611553 0.0174194 0.00441683
0.00146996 11640 1164 0.00345111 0.0125443 -0.0035704
0.0131454 11650 1165 0.00680378 -0.00265332 -0.00519622
0.0049767 11660 1166 0.00486219 0.0509056 0.00108767
0.00530179 11670 1167 0.00997383 0.0155987 -0.000828062
0.00282601 11680 1168 0.00555744 0.00533373 0.0102103
0.0114574 11690 1169 0.00415705 0.019473 -0.00543021
0.00101562 11700 1170 0.0117832 0.0038297 0.00818016
0.00255676 11710 1171 0.00606193 0.0249396 0.00474868
0.00450863 11720 1172 0.00630079 0.0404156 -0.0019164
0.00395493 11730 1173 0.00477387 0.0185967 0.0115032
0.00139427 11740 1174 0.00676019 -0.0211983 0.0137387
0.00225283 11750 1175 0.00957516 0.0169404 -0.0128514
0.00126781 11760 1176 0.0109708 0.0260099 -0.00259381
0.00653044 11770 1177 0.00516843 0.0190119 0.000130297
0.00362412 11780 1178 0.00907427 0.0170191 0.0132529
0.00482801 11790 1179 0.00479848 0.025123 0.00329055
0.00147545 11800 1180 0.00776042 0.013632 0.00861685
0.0007747 11810 1181 0.00660651 0.0262714 0.00313501
0.00733536 11820 1182 0.00552255 0.01967 0.0195729
0.00545911 11830 1183 0.0158356 -0.0269052 0.0589407
0.00364519 11840 1184 0.00451315 0.0211993 0.00415181
0.0098876 11850 1185 0.00840504 0.00806768 0.00069203
0.0019254 11860 1186 0.00613389 -0.0211326 0.0149624
0.00249226 11870 1187 0.00703757 0.00619366 0.00491545
0.00267032 11880 1188 0.00514191 0.010184 0.00500359
0.00371222 11890 1189 0.0150048 -0.0390776 -0.00371546
0.0014177 11900 1190 0.00207702 0.0115394 0.00975121
0.00291735 11910 1191 0.0129967 -0.0305548 0.00862095
0.00184174 11920 1192 0.00515803 0.00814969 0.0039347
0.000875077 11930 1193 0.00611353 0.0151146 -0.00199007
0.00130802 11940 1194 0.00402617 0.0034842 0.0113244
0.00146341 11950 1195 0.00349087 0.00743585 -0.00331781
0.00704497 11960 1196 0.00604874 0.0240728 0.00200033
0.00477329 11970 1197 0.00767954 0.0271595 -0.000221212
0.00431488 11980 1198 0.00871163 0.0215719 0.00902197
0.00740327 11990 1199 0.00396827 0.0196866 0.00256408
0.00146566 12000 1200 0.00759717 0.00987352 0.0160528
0.00291681 12010 1201 0.010199 -0.0141191 0.0265669
0.00201288 12020 1202 0.00519818 0.0190972 -0.00198775
0.00267341 12030 1203 0.00527276 0.0160901 0.00917384
0.00800691 12040 1204 0.0206502 -0.00242598 0.0603492
0.00494984 12050 1205 0.00738898 0.0240138 0.011365
0.00163257 12060 1206 0.00487939 -0.00228214 0.00344556
0.00129151 12070 1207 0.00604172 0.015976 0.00518938
0.00158404 12080 1208 0.00278454 0.0177593 -8.52881e-05
0.00379248 12090 1209 0.00597425 0.0101546 0.0100457
0.0043849 12100 1210 0.00768888 -0.0332688 0.019382
0.0112661 12110 1211 0.0059512 0.0177836 0.00878471
0.0014466 12120 1212 0.00580564 0.0174928 0.00335389
0.00264696 12130 1213 0.00789631 0.015218 0.000477008
0.00339752 12140 1214 0.00805098 -0.0303383 0.0117022
0.00102191 12150 1215 0.00169611 0.0255275 0.00512117
0.00860217 12160 1216 0.00545652 0.0182857 -0.000438159
0.00195781 12170 1217 0.00694248 -0.000196142 0.00731893
0.00381809 12180 1218 0.0086709 0.0378224 0.0202725
0.00981262 12190 1219 0.00518355 -0.0253166 0.000830799
0.00378451 12200 1220 -0.000422265 0.0616826 -0.0110534
0.00192774 12210 1221 -0.00332082 -0.00229509 0.008707
0.00126293 12220 1222 0.0061822 0.0113621 9.40154e-05
0.00249169 12230 1223 0.00584644 0.0302542 0.0108396
0.00358584 12240 1224 0.00352173 0.0202649 -0.0107875
0.0245497 12250 1225 0.0113481 0.00673225 0.000956414
0.000649468 12260 1226 0.00511724 0.011418 0.00440842
0.00767213 12270 1227 0.00422318 -0.0160396 -0.010815
0.00776658 12280 1228 0.00591607 -0.0277932 -0.0141809
0.00134686 12290 1229 0.00822342 0.0143593 0.00804787
0.00721875 12300 1230 0.00084526 -0.0120289 -0.00574746
0.00165817 12310 1231 0.0105536 -0.0231988 0.0386269
0.00197276 12320 1232 0.00595259 0.022389 0.00259073
0.00130109 12330 1233 0.00823408 -0.0122493 0.00350235
0.00922605 12340 1234 0.00762766 -0.0402641 -0.00140485
0.00238924 12350 1235 0.00529939 0.0174815 -0.00394694
0.00296976 12360 1236 0.00774444 0.0210272 0.000482695
0.00157701 12370 1237 0.00124195 0.0429423 -0.0128094
0.00204875 12380 1238 0.00398156 0.0389903 0.0113894
0.000897815 12390 1239 0.00194365 0.0133312 0.00226798
0.00418612 12400 1240 0.007589 -0.000678186 0.014331
0.00392591 12410 1241 0.00813082 0.00228844 0.00428784
0.00488575 12420 1242 0.00674704 0.0144733 0.0121046
0.00169541 12430 1243 0.0156857 -0.0314414 0.0187885
0.00295643 12440 1244 0.0105576 -0.00140381 0.0207542
0.00312521 12450 1245 0.00579609 0.0222616 0.00313366
0.00278889 12460 1246 0.00752075 0.0124914 0.00920191
0.00152001 12470 1247 0.00592187 0.0189564 0.00499974
0.000727538 12480 1248 0.00581293 0.0181338 0.000149271
0.00309709 12490 1249 0.000409377 0.02852 0.00554544
0.00197377 12500 1250 0.00943802 0.0112015 0.0140039
0.00129276 12510 1251 0.0048721 0.00956185 0.00756386
0.00128834 12520 1252 0.00467617 0.0260362 -0.00620679
0.0021086 12530 1253 0.00516108 0.0359388 -0.00166578
0.00356037 12540 1254 0.00676229 0.0114624 0.00776686
0.00486588 12550 1255 0.0039697 0.0546417 0.0185413
0.00455839 12560 1256 0.00912369 -0.0119453 0.0097409
0.00327235 12570 1257 0.0034362 0.026134 -0.0019231
0.000648586 12580 1258 0.000725134 -0.0114856 -0.0159945
0.0033598 12590 1259 0.00618276 -0.00179789 0.00454886
0.00134698 12600 1260 0.00441357 -0.0153591 0.00834795
0.00425052 12610 1261 0.00795568 -0.0195208 0.00505149
0.0050835 12620 1262 0.0044749 -0.00349865 -0.00650266
0.00664275 12630 1263 0.00627759 0.0426861 0.0101919
0.00456473 12640 1264 0.000209135 -0.00534556 -0.00946918
0.00668031 12650 1265 0.00412786 -0.0135622 0.0044557
0.000879614 12660 1266 0.00643181 0.00494851 0.00793403
0.0037472 12670 1267 0.00627117 0.00648982 0.00805408
0.00121484 12680 1268 0.00452423 0.00363579 0.00419856
0.00500321 12690 1269 0.00353885 0.0255934 -0.000311161
0.00390879 12700 1270 -0.00224823 0.0721277 -0.00949004
0.00352618 12710 1271 0.0062387 -0.00246803 -0.000972559
0.00255645 12720 1272 0.00476107 0.0104423 0.000667826
0.0018496 12730 1273 0.00504292 -0.00825952 0.00572885
0.0067735 12740 1274 0.00428969 -0.0148812 -0.00798031
0.004447 12750 1275 0.00395953 0.0227804 0.00280057
0.0066537 12760 1276 -0.00220349 -0.00401982 0.0208335
0.00430732 12770 1277 0.00610906 0.0207413 0.0095248
0.00138175 12780 1278 0.00467885 0.000533928 0.00434843
0.00138262 12790 1279 0.000384525 -0.00490914 0.00697627
0.00192313 12800 1280 0.00685829 -0.00398007 -0.00228174
0.00196691 12810 1281 0.0138537 0.00358081 0.0197967
0.00411173 12820 1282 0.00801113 -0.0019852 0.0134974
0.00141148 12830 1283 0.0090859 0.00816257 0.0108053
0.00654132 12840 1284 0.00479312 0.0233936 0.00402591
0.00579531 12850 1285 0.0064634 -0.015 0.00843508
0.00824746 12860 1286 0.00339794 0.0199338 0.00212932
0.00183805 12870 1287 0.00643219 0.0109531 0.00300444
0.0034965 12880 1288 0.00419501 0.0254265 0.010515
0.00663194 12890 1289 0.00722865 0.0221914 0.0037242
0.00202536 12900 1290 0.00965966 0.0339366 0.0227177
0.00107071 12910 1291 0.00248398 0.0280218 -0.00421454
0.000443834 12920 1292 0.00581612 0.0210748 0.00178369
0.00563982 12930 1293 0.00562683 0.0237147 -0.00159186
0.00257908 12940 1294 0.006786 -0.00310987 0.0190308
0.00202593 12950 1295 0.00463542 -0.00608115 0.0028341
0.00092326 12960 1296 0.00172636 0.00993687 0.00999825
0.00170363 12970 1297 0.00414488 0.0357526 0.0112453
0.00393696 12980 1298 0.00428365 0.0199387 -0.0226085
0.00700303 12990 1299 0.00909008 0.0239506 -0.00487109
0.00582468 13000 1300 0.00487178 -0.0237854 -0.00331073
0.00391353 13010 1301 0.00498903 0.0104601 -0.00173894
0.0073913 13020 1302 0.00329431 -0.000961292 -0.00263928
0.0058137 13030 1303 0.00436663 0.000815716 0.000744255
0.00915421 13040 1304 0.00593198 0.013275 -0.00474112
0.00365714 13050 1305 0.00451949 0.0186275 -0.00299403
0.00595599 13060 1306 0.0140928 0.00665844 0.0379797
0.0048079 13070 1307 0.00481734 -0.00832987 0.000475465
0.00287467 13080 1308 0.0103182 -0.0132889 0.0154388
0.00322052 13090 1309 0.00692955 0.0230682 0.00932941
0.0012152 13100 1310 0.00286382 0.00954659 -0.00984049
0.00853245 13110 1311 0.00508204 0.0102322 0.00446301
0.00259607 13120 1312 0.00466874 0.0195671 0.000884526
0.00674068 13130 1313 0.008894 -0.0306446 0.00673049
0.00709008 13140 1314 0.00538799 0.00481057 -0.00300996
0.00116528 13150 1315 0.00716814 -0.00505226 0.00533341
0.0026551 13160 1316 0.00945688 -0.00555416 0.0091385
0.00607959 13170 1317 0.00728833 -0.0102039 0.000126302
0.00497015 13180 1318 0.00633515 -0.0212439 -0.0104027
0.0010233 13190 1319 0.00737758 0.0191165 0.00163532
0.00195239 13200 1320 0.0042279 0.0368273 0.00797676
0.00204079 13210 1321 0.00653088 -0.0141822 0.0192287
0.00483218 13220 1322 0.0071574 -0.00746918 0.00915288
0.0044956 13230 1323 0.00424842 0.00897278 -0.00587298
0.00420396 13240 1324 0.00782624 -0.0160762 -0.0143663
0.00357146 13250 1325 0.00407873 0.00823294 -0.000899268
0.00117262 13260 1326 0.0040821 0.0189757 -0.0027359
0.0025213 13270 1327 0.00322768 0.0168828 -0.00240376
0.00728166 13280 1328 0.0108774 0.0241944 0.0116432
0.00321692 13290 1329 0.00775379 -0.00746985 0.0118502
0.00435429 13300 1330 0.00360354 0.0268314 -0.00177881
0.00477735 13310 1331 0.0103333 -0.0570046 0.0170103
0.00377868 13320 1332 0.00855874 -0.0241912 -0.0162241
0.00389132 13330 1333 0.00968583 -0.012878 0.013175
0.00581583 13340 1334 0.00974941 -0.0169177 0.0116665
0.00111382 13350 1335 0.0129922 0.0149508 0.023373
0.00402302 13360 1336 0.0086063 -0.0322147 0.00850688
0.00253669 13370 1337 0.0106379 0.00306676 0.00676251
0.00543571 13380 1338 0.00601826 0.000928472 0.00219226
0.00385515 13390 1339 0.00862424 -0.0238967 0.0157802
0.00513979 13400 1340 0.0147762 -0.00729459 0.00252871
0.00437525 13410 1341 0.0119044 -0.0264606 0.00400496
0.00262343 13420 1342 0.00318794 0.0221271 -0.00659899
0.00261794 13430 1343 0.0054851 0.0179841 0.000691249
0.00171456 13440 1344 0.00848349 -0.0059215 0.00108098
0.00416349 13450 1345 0.00542302 -0.00955594 0.0093281
0.00300363 13460 1346 0.00680491 0.0167487 0.00400507
0.00699382 13470 1347 0.00447065 -0.00565945 0.00641239
0.00608458 13480 1348 0.00900173 -0.0191366 0.00229689
0.00173898 13490 1349 0.0070262 0.00438759 0.00851757
0.00916778 13500 1350 0.00243299 -0.00531654 0.0140895
0.00179118 13510 1351 0.00497301 -0.000121301 -0.000719951
0.00462457 13520 1352 0.00488736 0.0286254 0.00511362
0.00304949 13530 1353 0.0312437 -0.000176243 0.0654422
0.00275395 13540 1354 0.0039743 0.0328163 0.00293462
0.00323574 13550 1355 0.00467449 -0.00446526 -0.00146873
0.00421167 13560 1356 0.00566043 0.00971914 0.00925347
0.0011284 13570 1357 0.00932888 0.00654632 0.0234365
0.00500533 13580 1358 0.0059689 -0.00956443 -0.00311171
0.00421405 13590 1359 0.0113349 0.0251765 0.00157441
0.00134454 13600 1360 0.00694968 0.000288947 0.00716997
0.00155881 13610 1361 0.0120174 -0.000535762 0.0156112
0.0101226 13620 1362 0.00479816 -0.0321833 0.034031
0.0025122 13630 1363 0.00917489 0.0110126 -0.00687292
0.00081674 13640 1364 0.00586078 0.00995217 0.00975174
0.00312648 13650 1365 0.00462609 -0.0260908 -0.00313157
0.00166983 13660 1366 0.00708111 -0.00702237 0.00525496
0.00167962 13670 1367 0.00612987 -0.0172603 0.0192736
0.00560387 13680 1368 0.0238203 -0.00184936 0.0521229
0.00201867 13690 1369 0.0120325 -0.0213057 0.00839548
0.00419198 13700 1370 0.00259771 0.030897 -0.00464629
0.00427796 13710 1371 0.00648962 0.0102444 0.00667391
0.00228477 13720 1372 0.00594677 0.0136768 0.000841451
0.0019777 13730 1373 0.00421527 0.01637 0.00489439
0.0122367 13740 1374 0.012168 -0.0157976 -0.0134414
0.00430161 13750 1375 0.00699628 -0.0279402 0.0182308
0.00125902 13760 1376 0.00562233 0.0172608 0.00203857
0.00200222 13770 1377 0.00355174 0.00506508 -0.00615417
0.00437109 13780 1378 0.011043 -0.0208232 0.0100931
0.00158862 13790 1379 0.00358915 0.00200747 0.00697196
0.00443265 13800 1380 0.0102038 0.0461674 0.0126152
0.00311365 13810 1381 0.00757862 0.0130771 -0.00150496
0.00109235 13820 1382 0.00925478 0.0154635 0.00834015
0.00414171 13830 1383 0.00918338 -0.0134739 0.00631233
0.00324619 13840 1384 0.00526738 0.0165555 -0.00088442
0.0036001 13850 1385 0.00494628 0.0150526 0.00949527
0.00256295 13860 1386 0.00796605 -0.0107166 0.00552663
0.00132172 13870 1387 0.00232116 0.035937 0.00526349
0.00430671 13880 1388 0.0107382 0.0127184 0.00998735
0.0054696 13890 1389 0.00732063 0.0428449 0.0268592
0.00165484 13900 1390 0.0132826 -0.0262544 0.0153333
0.00306057 13910 1391 0.00501504 -0.0038654 0.00438485
0.00578514 13920 1392 0.0202573 -0.0248734 -0.0123299
0.00426645 13930 1393 0.00495363 0.0142402 0.00397586
0.000928529 13940 1394 0.00544348 0.0138263 0.0140999
0.00419827 13950 1395 0.035629 0.00589969 0.0644202
0.00682421 13960 1396 -0.0004892 -0.0219895 0.00782299
0.00231625 13970 1397 0.0127482 -0.000701895 0.0205349
0.00671735 13980 1398 0.00684592 -0.0161162 0.00739064
0.00255533 13990 1399 0.017071 -0.00901168 0.015861
0.000937696 14000 1400 0.00691492 0.0117342 0.0205436
0.00367885 14010 1401 0.00597171 0.0136099 -0.00692218
0.00085267 14020 1402 0.00591945 -0.0296683 0.000311703
0.000829479 14030 1403 0.00418367 0.015589 0.00866679
0.00636054 14040 1404 0.00335187 0.00845634 -0.000880454
0.00500586 14050 1405 0.00281164 0.0261713 -0.000604004
0.00286971 14060 1406 0.00599231 -0.0182074 0.00157175
0.00114774 14070 1407 0.00595513 0.02042 0.0189658
0.000482373 14080 1408 0.00534043 0.0135094 0.0194862
0.00124121 14090 1409 1.23746e-05 0.00729224 -0.000585322
0.00113631 14100 1410 0.00497265 0.021464 0.00811788
0.00181136 14110 1411 0.00536279 -0.00493561 0.00108509
0.00717726 14120 1412 0.0041184 -0.0223009 -0.0059557
0.00252471 14130 1413 0.00465278 0.00159696 0.00770736
0.00559019 14140 1414 0.00523383 0.0167363 0.0161211
0.00147785 14150 1415 0.00200763 -0.000406152 0.0179209
0.00276273 14160 1416 0.00572235 0.0185557 -0.00170326
0.00993428 14170 1417 0.00802916 -0.0285696 -0.00628839
0.0016694 14180 1418 0.0124103 0.00303784 0.0124817
0.00106568 14190 1419 0.00354387 0.0177025 -0.00191573
0.00133014 14200 1420 0.00583912 0.00880103 -0.00581967
0.0010361 14210 1421 0.00324226 0.0198919 -0.00415169
0.000891486 14220 1422 0.00334611 0.00609684 0.00993813
0.00298234 14230 1423 0.00817712 0.0245721 -0.0207258
0.000902811 14240 1424 0.00528461 0.0168971 0.0120973
0.00757293 14250 1425 0.00431004 0.00325275 -0.0141234
0.00217604 14260 1426 0.000429245 -0.00644917 -0.0023164
0.00210458 14270 1427 0.00274896 -0.00625043 0.0076982
0.00550656 14280 1428 0.00934372 -0.0108871 0.0111357
0.00284857 14290 1429 0.00236694 0.015377 0.00686638
0.00213497 14300 1430 0.00528265 0.0196684 0.00813234
0.00693192 14310 1431 0.0134144 0.00587712 0.0110186
0.00548016 14320 1432 0.00355085 0.0504513 0.00904654
0.00281578 14330 1433 0.0055863 0.0172294 -0.00609313
0.000922722 14340 1434 0.0067756 0.0104125 0.00428525
0.0012705 14350 1435 0.00526049 0.0218038 0.00806336
0.00189981 14360 1436 0.00760241 0.0173831 0.0111137
0.000925287 14370 1437 0.00481828 0.0226706 0.00228939
0.00110347 14380 1438 -0.000274996 0.00802309 -0.00069646
0.00345734 14390 1439 -0.000203172 0.0277725 -0.00622818
0.00036808 14400 1440 0.0188332 0.0139816 0.0197019
0.00153008 14410 1441 0.00322385 0.0205566 0.00806776
0.00490358 14420 1442 0.00715967 0.0532885 0.0110613
0.00865973 14430 1443 0.00274376 0.0110206 -0.00419016
0.00430803 14440 1444 0.00673078 -0.0192974 -0.00717162
0.00303571 14450 1445 0.00101914 0.0228222 -0.0027835
0.00380498 14460 1446 0.0109469 -0.0196643 0.0116634
0.00449924 14470 1447 0.00484951 0.0299435 0.00271407
0.00500087 14480 1448 0.00926991 0.0778067 -0.00318417
0.00730978 14490 1449 0.00322244 -0.00895897 -0.0140516
0.00517928 14500 1450 0.0036721 0.0547756 0.00617016
0.00319954 14510 1451 0.00902985 -0.0123258 0.0132588
0.00496769 14520 1452 0.00646867 0.0187402 0.00722268
0.00483398 14530 1453 0.00758441 -0.0237577 0.0122741
0.00128301 14540 1454 0.00594619 0.0036114 0.0112246
0.00871813 14550 1455 0.00502502 0.0181241 0.00451737
0.0073757 14560 1456 0.00767274 -0.0320463 -0.00301025
0.00770437 14570 1457 0.00621116 -0.00893718 -0.00819523
0.00252672 14580 1458 0.000671872 0.0147152 0.00763861
0.00095352 14590 1459 0.00513858 0.0298365 0.00215804
0.0125378 14600 1460 9.67697e-05 0.0417579 -0.0200905
0.00338951 14610 1461 0.00233511 0.0524606 0.0285258
0.00360791 14620 1462 0.00244925 0.015623 0.000503851
0.0021332 14630 1463 0.00398493 0.0224383 0.00650042
0.00867051 14640 1464 0.00558719 -0.022516 -0.0113943
0.0103697 14650 1465 0.00383368 -0.0100011 -0.003555
0.00176967 14660 1466 0.0119536 0.00921457 0.0211252
0.00135858 14670 1467 0.00634698 0.00459378 0.000125058
0.00132503 14680 1468 0.00928641 0.00837679 0.0134076
0.00581812 14690 1469 0.00393734 0.00741104 0.0021152
0.00338757 14700 1470 0.00556945 0.0197334 0.0103549
0.00412523 14710 1471 0.00585504 -0.0235764 0.0140973
0.00125689 14720 1472 0.00689577 0.00232247 0.0112543
0.00138128 14730 1473 0.00628023 0.00356144 0.0118098
0.00516512 14740 1474 0.00846197 -0.00407834 0.00952231
0.0033944 14750 1475 0.00595379 0.0436145 0.0235795
0.00326532 14760 1476 0.00641108 0.00777259 0.00683238
0.00165928 14770 1477 0.0102159 -0.00619506 0.0160184
0.00297765 14780 1478 0.00441137 0.0269104 -0.00526502
0.00440828 14790 1479 0.00527751 -0.0115215 0.00279663
0.00541537 14800 1480 0.00578884 0.00444889 -0.00511537
0.00225342 14810 1481 0.00166471 0.0296849 -0.0057087
0.00238416 14820 1482 0.00813908 -0.00755259 0.0108967
0.000819718 14830 1483 0.00417226 0.0138209 -0.00774252
0.007121 14840 1484 0.00906852 0.029084 0.0157022
0.00115967 14850 1485 0.00449919 0.010764 -0.00196413
0.00615161 14860 1486 0.00667596 0.0327206 0.00372674
0.00120414 14870 1487 0.00585278 6.05324e-05 0.0114256
0.00386641 14880 1488 0.00547332 0.0242667 -0.00131632
0.00640936 14890 1489 0.00903192 -0.0184048 -0.0056074
0.00310403 14900 1490 0.00500652 0.0109041 -0.00748179
0.00244663 14910 1491 0.00429894 0.0206719 -0.00474854
0.00317967 14920 1492 0.00573531 -0.0331806 0.0186994
0.00422016 14930 1493 0.0025527 0.00507206 0.00407985
0.00214611 14940 1494 0.00566135 0.0118668 0.00836609
0.00328113 14950 1495 0.010887 -0.0341909 0.0107771
0.00992037 14960 1496 0.00737297 0.0290157 0.0182731
0.0118215 14970 1497 0.00865286 0.00776977 0.00760485
0.00309658 14980 1498 0.00335646 0.0168874 0.012764
0.00256002 14990 1499 0.00596591 0.0244428 0.00141188
0.00350105 15000 1500 0.0061222 0.026963 0.00662126
0.00611867 15010 1501 0.00975806 0.0173765 0.0140627
0.0053688 15020 1502 0.00407183 -0.00470211 -0.0112606
0.00374989 15030 1503 0.0072789 -0.0111528 0.0119161
0.000977015 15040 1504 0.00341072 0.0128493 -0.00497868
0.00952969 15050 1505 0.00755369 -0.0156132 -0.00106255
0.00212605 15060 1506 0.00705499 0.00969737 0.0048904
0.00935138 15070 1507 0.000647811 0.0400114 0.00875056
0.0103643 15080 1508 0.0103804 -0.0218484 -0.0119949
0.00110519 15090 1509 0.00620416 -0.0042156 0.00736866
0.00609173 15100 1510 0.00482061 0.0182966 -0.00809486
0.00523546 15110 1511 0.00643027 -0.00988247 0.0129273
0.00491181 15120 1512 0.00697133 -0.0331675 -0.00207131
0.00553532 15130 1513 0.00287211 0.0124593 0.00297056
0.00407591 15140 1514 0.00279873 0.0226453 0.000216987
0.0010944 15150 1515 0.00592329 0.0161344 -0.00688865
0.00468818 15160 1516 0.00585052 0.0210279 -0.00114817
0.00105235 15170 1517 0.0042564 0.0177523 0.00471801
0.00491172 15180 1518 0.00336782 -0.0232514 -0.0186866
0.000811774 15190 1519 0.00996019 -0.0147899 0.0210062
0.00223501 15200 1520 0.0138114 -0.00679326 -0.000519306
0.000910662 15210 1521 -0.000918467 0.031472 -0.0132362
0.00118855 15220 1522 0.00129333 0.016452 0.0116171
0.00437233 15230 1523 0.0065366 0.0185486 0.00256606
0.00480608 15240 1524 0.0068592 0.00575733 -0.00304746
0.00670912 15250 1525 0.00457107 -0.017786 -0.00607665
0.00775726 15260 1526 0.00495356 -0.00458498 0.00358821
0.00367538 15270 1527 0.00353135 0.0226583 0.0108724
0.00202505 15280 1528 0.0147453 -0.0232459 0.0155541
0.00681394 15290 1529 0.0176311 -0.0442802 -0.00665829
0.00608624 15300 1530 0.00918164 0.0186876 0.0184658
0.00266758 15310 1531 0.00221688 0.0164846 0.00177488
0.00308247 15320 1532 0.00611138 0.0121648 0.0185373
0.000787427 15330 1533 0.00391085 0.0209973 0.00734587
0.00475114 15340 1534 0.00438211 0.0160033 0.00153869
0.00112205 15350 1535 0.00591747 0.00354856 0.00762322
0.00235691 15360 1536 0.00674151 0.00958781 0.00605875
0.00492289 15370 1537 0.00340568 0.00218253 -0.00467482
0.00197729 15380 1538 0.000592841 -0.025396 -0.0112542
0.00380419 15390 1539 0.00350415 0.0176865 -0.00136044
0.00311805 15400 1540 0.00808438 -0.00724774 0.017403
0.00245415 15410 1541 0.00394346 0.00722083 2.36693e-05
0.00160954 15420 1542 0.00501238 0.0157561 -0.00438879
0.00397627 15430 1543 0.00279836 0.0210795 0.00329815
0.0048853 15440 1544 0.0058307 -0.00117529 0.00525253
0.000946803 15450 1545 0.00477265 0.0229387 0.00129432
0.00211371 15460 1546 0.00371034 0.0227778 -0.00650917
0.0017198 15470 1547 0.00774289 -0.0137447 0.0177007
0.00235474 15480 1548 0.00391571 0.0304871 0.0041333
0.00311876 15490 1549 0.000837386 0.0248301 0.0114423
0.00408557 15500 1550 0.00695045 -0.0257195 0.0150125
0.00404661 15510 1551 0.00610502 0.00945417 0.00571564
0.00415524 15520 1552 0.0053248 0.0212385 0.0044698
0.00156651 15530 1553 0.00487471 0.0139015 0.000731777
0.00238825 15540 1554 0.00492973 0.00898856 0.00749657
0.00403188 15550 1555 0.00565902 0.0205373 0.00513603
0.000496149 15560 1556 -0.00123062 -0.00484419 0.00994325
0.00144118 15570 1557 0.003983 -0.00243802 0.0139754
0.00702928 15580 1558 0.00152021 -0.0181224 -0.00171815
0.00594208 15590 1559 0.00538978 -0.0158953 0.00265801
0.00751195 15600 1560 0.00268919 0.0301508 -0.010944
0.0101649 15610 1561 0.00624923 0.00244154 -0.00647116
0.00124664 15620 1562 0.0034529 0.00263876 -0.00494868
0.00125394 15630 1563 0.00766784 0.0191781 0.00528232
0.00240611 15640 1564 0.00398964 -0.00957842 0.0192757
0.00853636 15650 1565 0.00633059 0.00366381 0.000828579
0.00383402 15660 1566 0.00916172 -0.00216741 0.00695746
0.00584042 15670 1567 0.0112495 0.0116456 -0.0106093
0.00865511 15680 1568 0.00126026 0.0236195 0.00283514
0.00327094 15690 1569 0.00345714 0.0124504 0.00294977
0.00130688 15700 1570 0.00594535 -0.00651599 0.009439
0.00181859 15710 1571 0.000538398 -0.00975204 0.00166322
0.000995567 15720 1572 0.00553277 0.0248414 0.00741889
0.00135501 15730 1573 0.000129219 0.0113911 -0.0195522
0.0073489 15740 1574 0.0105506 -0.0163966 0.0032158
0.00168914 15750 1575 0.00555913 0.0191546 0.00460211
0.00568614 15760 1576 0.00951691 0.00306985 0.0437139
0.00513 15770 1577 0.00228293 -0.0447305 -0.00179526
0.00254911 15780 1578 0.0146024 0.0244004 -0.0459161
0.00490058 15790 1579 0.00950254 0.042565 0.0182918
0.00860265 15800 1580 0.00257098 0.0528929 0.00525226
0.00167166 15810 1581 0.00158994 -0.0264905 0.026636
0.000848366 15820 1582 0.00377509 0.0163994 -0.00654672
0.00491688 15830 1583 0.00480883 0.0246361 -0.00553837
0.00190639 15840 1584 0.00353153 0.0404788 -0.00362192
0.00409029 15850 1585 0.00624557 -0.0408649 0.0156958
0.000841262 15860 1586 0.00715816 0.0186651 0.0142303
0.00411846 15870 1587 0.005084 0.0223437 0.00126636
0.00564008 15880 1588 0.0119547 -0.0442584 0.0226952
0.0154648 15890 1589 0.0113036 -0.0304247 0.0154839
0.00255711 15900 1590 0.00652413 -0.0143159 0.012559
0.00289494 15910 1591 0.00560313 0.0198447 0.00719439
0.0050134 15920 1592 0.00555797 0.0121655 -0.00690979
0.00496944 15930 1593 0.0146579 -0.0445251 0.0110735
0.00428378 15940 1594 0.00559029 0.00901855 0.00143314
0.00184239 15950 1595 0.00670276 0.00102222 0.0155174
0.00227791 15960 1596 0.00339683 0.030052 -0.0112792
0.00181837 15970 1597 0.003183 0.0234652 -0.00883373
0.00557009 15980 1598 0.00477128 0.0172139 -0.00478579
0.00729788 15990 1599 0.00192788 -0.023871 -0.0187675
0.00463981 16000 1600 0.00728101 -0.00272204 0.0045869
0.00662185 16010 1601 0.00521869 0.0251959 0.00162243
0.00346936 16020 1602 0.0227107 0.0166307 -0.0432915
0.00289396 16030 1603 0.00581565 0.0102532 0.00315359
0.00906486 16040 1604 0.00834663 -0.0328376 0.0041111
0.00233654 16050 1605 0.00585313 0.0147537 0.00241979
0.0072311 16060 1606 0.00336618 0.0273586 0.000834251
0.00164661 16070 1607 0.00570056 0.0129348 0.00175884
0.00861466 16080 1608 0.00406323 0.0207333 0.00190516
0.00745557 16090 1609 0.00821578 0.0249164 0.0130298
0.0013054 16100 1610 0.00676309 -0.0119641 0.0221858
0.00333452 16110 1611 0.00591008 0.0195926 0.0113096
0.00386498 16120 1612 0.00561013 0.026217 0.00368475
0.00354292 16130 1613 0.00597257 0.00967402 0.0126275
0.00375188 16140 1614 0.00677195 0.0181168 -0.000895678
0.00948858 16150 1615 0.00613128 0.0168876 -0.00429641
0.00608261 16160 1616 0.00358614 0.0182378 -0.0022195
0.000876182 16170 1617 0.00156195 0.0133081 -0.00767908
0.00544713 16180 1618 0.00422273 0.0209256 -0.001754
0.00568619 16190 1619 0.00266542 -0.0298413 -0.0136613
0.00173298 16200 1620 0.012129 0.000713665 0.0354574
0.00765876 16210 1621 0.00505387 0.0157288 0.000431938
0.00542714 16220 1622 0.0092694 -0.0115926 0.00624124
0.00134117 16230 1623 0.004918 0.028288 0.000658695
0.00994002 16240 1624 0.012263 -0.0099499 0.0230533
0.0039803 16250 1625 0.00681181 -0.00926898 0.00672436
0.00294621 16260 1626 0.00601067 0.0131424 0.00454991
0.00305069 16270 1627 0.00720868 0.0235936 0.00697483
0.00379417 16280 1628 0.0058145 0.0236421 0.00450084
0.00646957 16290 1629 0.0147198 -0.00852773 0.0335473
0.00492974 16300 1630 0.0105872 -0.0102423 0.00813588
0.00195453 16310 1631 0.00688214 0.0049722 0.00149828
0.00405114 16320 1632 0.00679777 -0.000962088 0.0128586
0.00451563 16330 1633 0.00539341 0.021525 0.00021314
0.00710522 16340 1634 0.00684999 -0.000722225 0.0250871
0.00204626 16350 1635 0.00841579 0.0095912 0.00427403
0.0054374 16360 1636 0.0121138 -0.0114668 -0.016592
0.00325749 16370 1637 0.00408013 0.026698 0.00354211
0.000853492 16380 1638 0.00410364 0.0161086 -0.00235296
0.00493168 16390 1639 0.00717888 -0.0127619 0.00593998
0.00417556 16400 1640 0.00282374 0.0500168 0.0269283
0.00326025 16410 1641 0.00363146 0.0565032 0.0145339
0.00219651 16420 1642 0.00187821 0.0254365 -0.00185632
0.00414776 16430 1643 0.0077372 0.00512626 0.00326128
0.0044024 16440 1644 0.00798374 0.00623229 0.00648578
0.00265751 16450 1645 0.00388481 0.0154934 -0.00380844
0.00170663 16460 1646 0.00555232 -0.00139142 0.00657513
0.00696304 16470 1647 0.00614673 -0.00648608 0.0067963
0.00368606 16480 1648 0.00720774 0.0113854 -0.000771788
0.00421751 16490 1649 0.00398694 0.0181405 0.00889099
0.00463792 16500 1650 0.00777613 0.0228658 -0.0128916
0.000905551 16510 1651 0.0075085 0.0196612 0.0129428
0.00159124 16520 1652 0.00887059 0.0222048 0.00263527
0.00325415 16530 1653 0.00289746 0.0244737 0.0053119
0.000852729 16540 1654 0.00492123 0.0144641 0.000865206
0.00436382 16550 1655 0.00138935 -0.0248382 -0.0167066
0.0021312 16560 1656 0.00582838 0.0242697 0.00426877
0.00409384 16570 1657 0.00972172 -0.0242063 0.00417298
0.00520524 16580 1658 0.00840053 -0.00956155 -0.00955396
0.00455894 16590 1659 0.00613826 0.0357103 -0.0056035
0.00191223 16600 1660 0.00945894 -0.00738099 0.0111609
0.00210506 16610 1661 0.00682114 -0.0170723 0.00794867
0.00481004 16620 1662 0.00651366 0.0282454 0.00215705
0.0017677 16630 1663 0.00586668 0.0165716 0.00421082
0.00152961 16640 1664 0.00759298 -0.0206388 0.00616638
0.00855773 16650 1665 0.0137166 -0.00650758 0.0464029
0.00494952 16660 1666 0.00432572 0.0085137 -0.005861
0.00966127 16670 1667 0.0130437 -0.025856 0.0105709
0.00620898 16680 1668 0.00533809 -0.0123435 -0.000715279
0.00367416 16690 1669 0.00724566 -0.00929036 0.0141234
0.000909335 16700 1670 0.00328551 0.0197147 0.0106526
0.00279928 16710 1671 0.0061841 0.0202145 -0.00139924
0.00675346 16720 1672 0.00291881 0.0314672 0.0106015
0.00109912 16730 1673 0.00465894 0.0196424 0.00925601
0.000654723 16740 1674 -0.000464495 0.0141431 -0.00590544
0.00112651 16750 1675 0.00896799 0.00948072 0.00874545
0.00456168 16760 1676 0.00585916 0.0316828 0.00417884
0.00662622 16770 1677 0.00888464 -0.0270202 -0.00683642
0.00216601 16780 1678 0.00562444 -0.00504288 0.00336277
0.00167829 16790 1679 0.00499342 0.0274107 -0.00557677
0.00184914 16800 1680 0.0145098 -0.00175395 0.0330858
0.00233331 16810 1681 -0.00702305 0.069535 -0.0239642
0.00322498 16820 1682 0.00772016 -0.00505227 0.00669102
0.00194746 16830 1683 0.0029156 0.0398428 0.0326035
0.00173853 16840 1684 0.00700445 0.0237024 0.00281307
0.00195687 16850 1685 0.00665501 0.0163725 0.000403522
0.0106608 16860 1686 0.0121771 0.0189433 0.00946289
0.00507486 16870 1687 0.00624632 0.0222105 0.00818624
0.00200517 16880 1688 0.00397602 0.00740684 0.00256176
0.00235394 16890 1689 0.00364634 0.0300091 0.00897231
0.00276376 16900 1690 0.00403775 -0.0101358 0.0106085
0.00305948 16910 1691 0.0088572 -0.0143329 0.0111236
0.00432168 16920 1692 0.00332868 0.00609378 -0.000748543
0.00296965 16930 1693 0.00539295 0.0205993 -0.00249369
0.000876498 16940 1694 0.00540135 0.0069167 -0.00441173
0.00195143 16950 1695 0.00246525 0.0199817 0.00855159
0.00298878 16960 1696 -0.00285731 0.0234591 -0.00923003
0.0021078 16970 1697 0.00775812 0.0117986 0.00605686
0.00105899 16980 1698 0.00453205 0.0221702 -0.0139574
0.00101601 16990 1699 0.00477512 0.0100459 0.00901469
0.00300606 17000 1700 0.0021437 0.0459599 0.00985927
0.00270373 17010 1701 0.00536748 0.0313157 0.0130407
0.00785741 17020 1702 0.00973836 -0.00750266 0.0164558
0.000753639 17030 1703 0.00171619 0.0165828 0.00797056
0.00209602 17040 1704 0.00933798 0.00910865 0.0055264
0.00904639 17050 1705 0.00784893 -0.0513485 -0.00880897
0.00504996 17060 1706 0.00725012 -0.00291569 0.01488
0.00537647 17070 1707 0.00529871 0.0213338 0.00886256
0.00778105 17080 1708 0.0116862 0.0631903 0.00173673
0.00178783 17090 1709 0.00544155 0.00876628 0.00814563
0.00682498 17100 1710 0.00267545 0.0139301 -0.00590933
0.00130208 17110 1711 0.00322418 0.0283608 -5.37191e-05
0.00104357 17120 1712 0.0103154 0.0262819 -0.0165337
0.00180821 17130 1713 0.00865047 0.00821096 0.0134179
0.00153779 17140 1714 0.00207339 0.0246254 0.00892875
0.0010764 17150 1715 0.00539377 0.0193645 0.0106957
0.00545377 17160 1716 0.00116813 0.019615 0.00416303
0.00312208 17170 1717 0.00670365 -0.00311578 0.0173603
0.00292531 17180 1718 0.00476456 0.011494 0.00136782
0.00137669 17190 1719 0.0051635 0.0143703 -0.00252924
0.00515415 17200 1720 0.00858636 -0.00880719 0.00571119
0.00402873 17210 1721 0.00492308 0.0221971 0.00161235
0.00101006 17220 1722 0.00650688 0.0121314 0.00670937
0.0101665 17230 1723 0.00492697 0.0167543 -0.000505867
0.00093186 17240 1724 0.00676087 0.0274284 0.00651363
0.000733559 17250 1725 0.00662277 0.0176758 0.00806055
0.00347514 17260 1726 0.00451115 0.0251899 0.00254721
0.0108798 17270 1727 0.0103286 -0.0187172 0.0170276
0.00393133 17280 1728 0.00801609 -0.0110885 0.00865485
0.00150885 17290 1729 0.00676044 0.014803 0.010162
0.00409278 17300 1730 0.00546434 0.0289476 0.00965282
0.00142003 17310 1731 0.00442261 0.00546962 0.00792179
0.00148244 17320 1732 0.00606176 0.0373561 0.00781731
0.0110741 17330 1733 0.00656698 0.0194695 0.00966383
0.00678974 17340 1734 0.00336365 0.0122002 0.00106755
0.00912473 17350 1735 0.00716032 -0.0238395 0.00250878
0.00493046 17360 1736 0.00246844 0.0236997 -0.000581671
0.00100917 17370 1737 0.00398144 0.00309535 0.000141836
0.0040366 17380 1738 0.00426249 0.0244266 -0.00023652
0.00234853 17390 1739 0.00995611 -0.0391512 0.0185032
0.00196768 17400 1740 0.00660627 -0.0038294 0.00273478
0.00440405 17410 1741 0.00734256 0.0555181 0.0103168
0.00456625 17420 1742 0.00817525 0.0494116 0.0154298
0.00329143 17430 1743 0.0049462 -0.023017 -0.0111724
0.002819 17440 1744 0.00696851 0.0129474 0.00169793
0.00462127 17450 1745 0.0076938 0.018504 0.0192221
0.00339515 17460 1746 0.0120184 0.0494126 0.0272442
0.00764025 17470 1747 0.00560042 0.0279749 0.000130746
0.00493215 17480 1748 0.0114991 -0.0069402 0.00732642
0.002229 17490 1749 0.00544164 0.0118499 0.00121956
0.00508818 17500 1750 0.00420827 -0.00346193 0.00958713
0.00396586 17510 1751 0.0066239 0.00630085 0.0103327
0.00158552 17520 1752 0.00685481 0.00978554 -0.00904163
0.00182858 17530 1753 0.0102558 -0.0237088 0.0129303
0.00491495 17540 1754 0.00670602 0.0277016 0.00330397
0.00664364 17550 1755 0.00282102 0.00685395 -0.000988346
0.00488892 17560 1756 0.00725653 0.0227099 0.00817963
0.00427059 17570 1757 0.00783753 0.0173551 0.015893
0.00695774 17580 1758 0.0091638 -0.0247892 0.00622519
0.00252527 17590 1759 0.00564731 0.0134 0.00378115
0.00736936 17600 1760 0.0154625 0.00113607 0.0623416
0.00656679 17610 1761 0.0101012 0.021616 -0.00472435
0.00200348 17620 1762 0.00559796 -0.00766395 -0.00111143
0.00126768 17630 1763 0.00661898 0.0236415 0.0148377
0.00671049 17640 1764 0.00695402 -0.0184147 0.00309058
0.00523991 17650 1765 0.0066459 0.0263317 0.0119168
0.00767406 17660 1766 0.00508239 0.0221366 -0.00642118
0.00378685 17670 1767 0.00413149 0.0104927 -0.00777699
0.00323972 17680 1768 0.00522519 0.0135825 0.0067198
0.0014677 17690 1769 0.00869011 0.0202584 0.00456711
0.00366415 17700 1770 0.0112354 -0.00407534 0.0161599
0.00131522 17710 1771 0.00805336 -0.00327456 0.005443
0.00737912 17720 1772 0.00294449 0.0474405 0.00259076
0.00214236 17730 1773 0.0112917 0.0195558 0.00421211
0.0031495 17740 1774 0.00644491 0.0336688 0.00742896
0.000747661 17750 1775 0.00884874 0.0371644 0.0166608
0.00154285 17760 1776 0.00484182 0.0195403 -0.000219352
0.00337724 17770 1777 0.0154441 0.00207335 0.072637
0.0054729 17780 1778 0.00792826 0.0244626 -0.00620666
0.00110399 17790 1779 0.0116974 -0.00789839 0.020481
0.00362249 17800 1780 0.00433507 0.0230568 -0.00667704
0.00437453 17810 1781 0.00571787 0.0146613 0.00993029
0.00387152 17820 1782 0.00493672 0.00679509 0.0128272
0.00579819 17830 1783 0.00582343 0.0221829 -0.00146103
0.0101806 17840 1784 0.0185875 -0.00145073 0.0408854
0.00243958 17850 1785 0.00625465 0.0220609 0.00392841
0.00168772 17860 1786 0.00258393 0.020611 0.00130097
0.00282389 17870 1787 0.00445718 0.0114316 0.00469309
0.00783629 17880 1788 0.00517499 0.0196732 0.00392991
0.0109501 17890 1789 0.0076246 -0.0117857 -0.0164098
0.00508052 17900 1790 0.00587439 0.00688671 0.007237
0.00834917 17910 1791 0.0125307 0.0141929 0.0780727
0.004104 17920 1792 0.00378699 -0.0180656 -0.00133758
0.00931232 17930 1793 0.0111576 -0.0181769 -0.00761345
0.00104328 17940 1794 0.0148696 0.00505977 0.0167913
0.00490084 17950 1795 0.00916875 -0.00703793 -0.00128342
0.00127045 17960 1796 0.00738447 0.0130381 0.0142204
0.00842391 17970 1797 0.00221552 -0.0206678 -0.0137029
0.00259777 17980 1798 0.00258543 0.0164465 0.00199761
0.00619256 17990 1799 0.00473077 -0.021044 0.00154035
0.0046338 18000 1800 0.00384481 0.0181686 0.0040881
