0.00430998 10 327.099 0.000646434 0.0150043 0.00746731
0.000840883 20 328.1 0.0042039 0.0149019 0.0338614
0.00085043 30 329.099 0.00223468 0.0163543 0.0179441
0.000784856 40 330.099 0.00200468 0.0342347 0.013142
0.00106614 50 331.099 0.00156973 -0.00706728 -0.00131378
0.000669459 60 332.1 0.00147236 0.0391703 0.0110516
0.000512946 70 333.1 0.00267904 0.0218943 -0.000899697
0.000844708 80 334.1 0.00393139 0.0205997 0.010996
0.000758999 90 335.1 0.00162869 0.0229494 0.00542493
0.00529035 100 336.1 0.0192149 -0.0387042 0.00774233
0.00207108 110 337.1 0.00350065 0.0209484 0.00810991
