0.173233 10 327.099 0.173453 -0.0913426 -0.209631
0.138336 20 328.1 0.189689 0.145793 0.659762
0.191413 30 329.099 0.132385 0.00629706 -0.409624
0.14499 40 330.099 0.0803408 0.00951627 -0.361197
0.226607 50 331.099 0.138162 0.0829236 -0.248752
0.092999 60 332.1 0.480561 -0.0417408 -0.301808
0.124393 70 333.1 0.251271 0.191052 -0.225398
0.115006 80 334.1 0.203828 0.138706 0.661422
0.164771 90 335.1 0.2707 0.104558 -0.287529
0.149312 100 336.1 0.465348 -0.0755492 -0.16739
0.196157 110 337.1 0.338132 -0.156588 -0.117233
