0.124503 10 561.2 0.372318 0.0155009 -0.163276
0.0938337 20 562.199 0.380942 -0.052866 -0.142209
0.0193845 30 563.2 0.359699 0.00921939 -0.0763066
0.0596387 40 564.199 0.387129 -0.0345632 -0.175671
0.0240656 50 565.2 0.179173 -0.104706 0.644004
0.0258004 60 566.2 0.3098 -0.0928739 -0.253647
0.0328994 70 567.199 0.370059 -0.076317 -0.214896
0.0824756 80 568.2 0.318256 0.0105136 -0.0977276
0.0203704 90 569.2 0.287181 -0.149756 -0.489194
0.0257966 100 570.199 0.368239 -0.022992 -0.0297594
0.127405 110 571.2 0.388281 0.0510007 -0.0436507
0.0714423 120 572.2 0.339527 -0.0487445 -0.3096
0.054582 130 573.2 0.017814 0.0169654 0.574948
0.00884444 140 574.2 0.315103 -0.251863 -0.219721
0.104897 150 575.199 0.380271 -0.0279532 -0.150485
0.0347574 160 576.2 0.36248 -0.00578047 -0.0853478
0.00507979 170 577.199 0.354054 0.0152571 -0.042153
0.0624922 180 578.199 0.318289 -0.0603898 -0.34751
0.00473077 190 579.199 0.351173 -0.0196793 -0.00977462
