0.218641 10 561.2 0.122067 0.00379725 0.0393984
0.17946 20 562.199 0.128961 -0.051931 -0.216929
0.101741 30 563.2 0.138269 0.193786 -0.220086
0.177352 40 564.199 0.145451 0.0443969 0.12543
0.0240656 50 565.2 0.179173 -0.104706 0.644004
0.0258004 60 566.2 0.3098 -0.0928739 -0.253647
0.0872248 70 567.199 0.226695 0.102971 0.241646
0.138394 80 568.2 0.212744 -0.00555633 -0.071977
0.0800265 90 569.2 0.194226 0.059605 0.483974
0.0751749 100 570.199 0.217725 0.0564244 0.126261
0.223809 110 571.2 0.123221 0.0259959 -0.0089569
0.15964 120 572.2 0.162744 0.0516706 0.168115
0.054582 130 573.2 0.017814 0.0169654 0.574948
0.104666 140 574.2 0.067692 0.0687598 -0.293736
0.104897 150 575.199 0.380271 -0.0279532 -0.150485
0.0788433 160 576.2 0.225731 0.0791923 0.193938
0.0204591 170 577.199 0.236536 0.112522 0.227807
0.20966 180 578.199 0.130634 -0.0325182 0.126496
0.024922 190 579.199 0.231801 0.0825683 0.179747
