0.0979131 10 561.2 0.0542167 -0.00662542 -0.0383368
0.125382 20 562.199 0.0341699 -0.0977765 0.355887
0.0365598 30 563.2 0.112341 -0.056455 -0.135704
0.120438 40 564.199 0.285239 0.217908 0.72083
0.0212321 50 565.2 -0.446887 0.495025 -0.52912
0.00202748 60 566.2 0.701331 0.0731884 -0.0723147
0.0721231 70 567.199 0.286186 0.186532 0.554414
0.188027 80 568.2 0.132539 -0.0366525 -0.131373
0.026542 90 569.2 0.215828 0.10672 0.688975
0.0496887 100 570.199 0.148044 -0.0353324 -0.0708326
0.237219 110 571.2 0.105473 0.0169919 -0.0575434
0.113016 120 572.2 0.11276 0.0923429 0.183978
0.0132225 130 573.2 0.647218 0.0398561 -0.0192027
0.0154517 140 574.2 0.0498085 -0.15737 0.323023
0.0579816 150 575.199 0.682425 0.00540293 -0.0110384
0.070162 160 576.2 0.190059 0.141984 0.356027
0.0182265 170 577.199 0.171999 0.00798474 -0.00555261
0.11686 180 578.199 0.00982748 -0.0920553 0.440863
0.00482853 190 579.199 0.170019 0.0102248 -0.00395123
