0.00833422 10 327.099 0.371573 0.244736 0.174542
0.0329566 20 328.1 0.28674 0.0839093 0.265219
0.0212903 30 329.099 0.369398 0.185925 0.16978
0.0223034 40 330.099 0.34791 0.179536 0.141684
0.0215672 50 331.099 0.362033 0.233194 0.179594
0.0235168 60 332.1 0.439614 0.0571381 0.0713073
0.124393 70 333.1 0.251271 0.191052 -0.225398
0.0165062 80 334.1 0.372831 0.194845 0.169271
0.0339237 90 335.1 0.363978 0.219991 0.122666
0.0186851 100 336.1 0.541316 -0.0553803 0.0206763
0.0114878 110 337.1 0.376057 0.273371 0.11632
