0.00121893 10 1 0.00791801 0.0193444 0.00656661
0.000523512 20 2 0.00237774 0.0159534 -0.00483423
0.00537206 30 3 0.00411325 0.00741952 0.00806303
0.00486478 40 4 0.0051936 0.0194348 0.0113193
0.00483191 50 5 0.00406218 -0.00567791 -0.00311573
0.00127124 60 6 0.00482119 -0.0011245 0.00479548
0.000789567 70 7 0.00404979 0.0168628 0.00438057
0.000720676 80 8 0.00571954 0.0140578 -0.00436725
0.00381558 90 9 0.00609944 0.0279214 0.011262
0.00136768 100 10 0.00586128 -0.0026682 0.0208292
0.0008955 110 11 0.00624391 -0.00610094 0.00972548
0.00155107 120 12 0.00536636 -0.0127712 0.000776222
0.00124041 130 13 0.00626084 0.00531256 0.0121955
0.00230663 140 14 0.00536803 0.00948318 0.00522101
0.000654021 150 15 0.00342389 0.0144966 0.00749507
0.0103498 160 16 0.00953302 0.0164672 0.00500102
0.00250808 170 17 0.00450445 0.0206613 0.0150344
0.00644557 180 18 0.0130759 -0.0312261 -0.00409008
0.00148944 190 19 0.00684609 -0.0105788 0.0134412
0.00180428 200 20 0.00262555 -0.00619227 0.00739119
0.00171912 210 21 0.00347521 -0.00317599 -0.000248499
0.00407625 220 22 0.0096578 -0.0320029 0.0107828
0.00143189 230 23 0.00645386 -0.00365881 0.018794
0.00738026 240 24 0.00932108 -0.023624 -0.00544361
0.00352312 250 25 0.0118089 0.0540758 0.019123
0.00417278 260 26 0.00822962 0.0241922 -0.00164465
0.000509846 270 27 0.00764196 0.0180261 0.00975193
0.00416917 280 28 0.00724955 0.0327024 -0.00445256
0.00807134 290 29 0.00596735 -0.0110061 0.00110961
0.00570629 300 30 0.00708106 0.00459066 0.00276485
0.00606726 310 31 0.00879658 -0.033672 -0.00907341
0.00443844 320 32 0.00604855 0.0101328 0.00779995
0.00114499 330 33 0.0101951 -0.00112177 -0.00642352
0.00198527 340 34 0.00889464 -0.00377538 0.0127781
0.00441678 350 35 0.00785436 0.0327592 0.00465591
0.00535514 360 36 0.00646199 0.011795 -0.00397697
0.000742468 370 37 0.0101824 -0.0324177 0.0126675
0.000407145 380 38 0.00762394 0.0131757 0.00442377
0.00470826 390 39 0.00478079 0.0279269 -0.0110634
0.00406059 400 40 0.00298776 0.0208759 -0.00736839
0.00199557 410 41 0.0112499 0.00340443 0.0125169
0.00365237 420 42 0.00905009 -0.0430531 0.00791454
0.00191598 430 43 0.00716407 -0.0131008 0.0106121
0.00193316 440 44 0.0120991 -0.0126663 0.0174987
0.00456805 450 45 0.00584634 0.013338 -0.00550906
0.00154921 460 46 0.00182661 0.025125 0.0122789
0.0044275 470 47 0.00803975 0.00562745 0.00164584
0.00167344 480 48 0.0054131 0.025512 0.0166001
0.000670612 490 49 0.0067973 -0.00197612 0.00807974
0.00310366 500 50 0.00437166 -0.0204832 0.00391707
0.00464837 510 51 0.00608417 0.0602019 0.0063583
0.00183159 520 52 0.0028637 -0.00954004 0.021608
0.00541364 530 53 0.010492 0.0284258 0.0200675
0.00429016 540 54 0.00849415 -0.019023 0.0132995
0.00242008 550 55 0.00698887 0.00876388 -0.00566955
0.00183654 560 56 0.00259302 0.0237428 -0.00618757
0.00133272 570 57 0.00429205 0.0113589 0.00945211
0.0047466 580 58 0.00219678 0.0219354 -0.000992201
0.00158945 590 59 0.00520436 0.0120712 0.0123607
0.00825998 600 60 0.0150076 0.0235575 0.00178523
0.000872608 610 61 0.00471874 0.0171366 -0.00289873
0.00067267 620 62 -0.00313806 0.0107367 -0.0046905
0.00226898 630 63 0.0033921 0.0239296 0.000545361
0.0012047 640 64 0.00374336 0.00096543 0.0129326
0.0016489 650 65 0.00716382 0.00161771 -0.00935089
0.00177738 660 66 0.00706288 0.0199919 0.00157722
0.00271666 670 67 0.00512303 0.0286122 -0.00797954
0.00675688 680 68 0.00909129 -0.0288558 0.00156773
0.00563945 690 69 0.00518764 -0.011513 -0.00633149
0.00288709 700 70 0.0064646 0.00533754 0.00241616
0.00226423 710 71 0.00647562 0.0364084 0.00100376
0.000938237 720 72 0.00631586 0.0113255 0.0235791
0.00159745 730 73 0.00443196 0.0383443 0.0231415
0.00382841 740 74 0.00588349 -0.0109783 0.0197325
0.00588913 750 75 0.00627522 -0.0377677 -0.00105974
0.0065699 760 76 0.00626248 -0.0123042 -0.0026765
0.00166691 770 77 0.00368485 0.0197747 0.00273907
0.0040082 780 78 0.0143604 -0.0387783 0.00444552
0.00290201 790 79 0.00327095 0.047952 0.00975861
0.00116432 800 80 0.00386183 0.0257344 0.00835452
0.00496655 810 81 0.00826406 0.068895 0.00274784
0.00134105 820 82 0.00398446 0.0155889 0.00280753
0.00140588 830 83 0.00541026 -0.00114903 0.00337745
0.0026191 840 84 0.00706895 0.00222782 0.0145466
0.00266698 850 85 0.004408 0.0142238 -0.000852445
0.0103009 860 86 0.00680382 0.021618 0.0039207
0.00331567 870 87 0.00534552 0.0103313 0.00183478
0.00518029 880 88 0.0107627 -0.0157899 0.0116265
0.00106596 890 89 0.0102058 0.00491293 -0.0298597
0.00161206 900 90 0.002852 0.0142508 -0.000714962
0.00487765 910 91 0.0330694 0.116632 -0.0570966
0.0115894 920 92 0.00432853 -0.0104934 -0.00650108
0.00148309 930 93 0.00667389 -0.00420092 0.00263434
0.00839 940 94 0.00720081 0.0266809 0.0109218
0.00291234 950 95 0.004813 0.0210801 0.00581923
0.00815091 960 96 0.00488151 0.0213647 -0.00680927
0.00311206 970 97 0.00405519 0.0151358 0.000948133
0.00398863 980 98 0.00492063 0.0277956 0.0119833
0.004115 990 99 0.0176641 -0.0404259 0.00802561
0.00248734 1000 100 0.001722 0.0068463 0.000500603
0.00565585 1010 101 0.00567574 0.0324154 0.0285453
0.0041185 1020 102 0.00861007 0.00291711 0.0150205
0.00649027 1030 103 0.00579398 0.0106825 0.012308
0.00238809 1040 104 0.0066541 -0.0145816 0.0152766
0.00159249 1050 105 0.010587 0.0179737 -0.00713277
0.00244656 1060 106 0.00951909 -0.0066 0.00747245
0.00354002 1070 107 0.00555428 -0.00718026 0.00968441
0.00251172 1080 108 0.00713036 -0.00346876 0.0118762
0.00605863 1090 109 0.00702596 0.0633807 0.00613843
0.00511309 1100 110 0.00261245 0.000384998 0.000605018
0.0052505 1110 111 0.0142306 -0.0483316 0.000337798
0.00377241 1120 112 0.00408883 0.0190953 0.00751973
0.00475681 1130 113 0.00497998 0.0268481 -0.00419135
0.00397522 1140 114 0.00579782 0.00917777 5.50067e-05
0.00611693 1150 115 0.00725746 -0.0219011 -0.0081018
0.0065844 1160 116 0.0108916 -0.0319412 -0.00666066
0.00641348 1170 117 0.00472011 -0.0285413 -0.00538867
0.00126521 1180 118 0.0113069 0.00569951 0.0188786
0.00605375 1190 119 0.00511978 0.0219262 0.00418389
0.0126511 1200 120 0.00835967 -0.0134616 -0.0113465
0.001937 1210 121 0.00341816 0.0207927 -0.00186111
0.00164218 1220 122 0.00340485 0.00912919 0.00212053
0.00648721 1230 123 0.00552938 -0.0153455 -0.000386905
0.00185344 1240 124 0.00510573 -0.00589466 0.0169844
0.00397362 1250 125 0.00509508 0.0254902 -0.00889747
0.00427615 1260 126 -0.00204049 -0.0288837 0.00269905
0.00717253 1270 127 0.0236292 0.00328224 0.0614571
0.00692909 1280 128 0.00527321 0.0185579 0.00648121
0.0034451 1290 129 0.0116654 0.046269 0.0291733
0.00463974 1300 130 0.00561234 0.0158279 0.00866668
0.00363758 1310 131 0.00587976 -0.00466161 0.0101021
0.00132983 1320 132 0.00150578 0.0213783 0.0226755
0.00222808 1330 133 0.00613236 0.0197099 0.00561722
0.000687494 1340 134 0.0034862 0.00501256 0.0123356
0.00531609 1350 135 0.00218839 0.0209898 -0.00623436
0.00278334 1360 136 0.00957523 0.0120512 0.00608266
0.00666252 1370 137 -0.000704218 -0.0109178 0.00584897
0.00856345 1380 138 0.0130319 -0.00463525 -0.0172132
0.00281973 1390 139 0.00692064 0.011825 0.0130959
0.00472331 1400 140 0.00886855 0.0433688 0.0195043
0.000703485 1410 141 0.00221025 0.0180101 0.00157571
0.00414492 1420 142 0.00559463 0.0652133 0.00749006
0.00325766 1430 143 0.00496268 0.0232371 -0.00075515
0.00318919 1440 144 0.00483966 -0.0221233 0.0201029
0.00174731 1450 145 0.00196602 0.0132694 0.000788174
0.00195078 1460 146 0.0120502 -0.0151029 0.0132591
0.00243919 1470 147 0.00658894 -0.0110088 0.0171838
0.00211962 1480 148 0.00579678 0.00132891 0.00536548
0.00224607 1490 149 0.00317096 0.0104946 0.00261284
0.00723691 1500 150 0.00591989 0.0320101 -0.00414814
0.00384597 1510 151 0.00568656 0.0217763 0.00863341
0.00142199 1520 152 0.00505409 0.0108239 0.00566032
0.0063901 1530 153 0.0102128 0.0362711 0.0200144
0.00166979 1540 154 0.00432798 0.0122995 0.0112127
0.00389003 1550 155 0.0117495 0.000967147 0.0157786
0.00368776 1560 156 0.00780229 -0.0037026 -0.00178743
0.00168448 1570 157 0.00646177 0.00592822 0.0144313
0.00381485 1580 158 0.00573585 0.0367632 -1.04842e-05
0.00189857 1590 159 0.00332673 0.0230612 -0.00676637
0.00684699 1600 160 0.0040055 0.0645453 -0.000666783
0.00542723 1610 161 0.00126616 -0.0182799 -0.016885
0.00817361 1620 162 0.00656864 0.016436 0.00487452
0.00777211 1630 163 0.00453451 0.0101781 0.00791236
0.00591516 1640 164 0.0102817 -0.00705335 0.0157736
0.00316167 1650 165 0.00375212 0.0178485 0.00208687
0.00201679 1660 166 0.00954649 0.0236067 -0.000676621
0.00672552 1670 167 0.014204 0.0188986 0.00420602
0.00149141 1680 168 0.010607 0.00380966 -0.001664
0.00979308 1690 169 0.00420039 0.0300872 0.0092951
0.00131653 1700 170 0.00683612 0.0264692 0.00215126
0.00669061 1710 171 0.0034946 0.0307007 0.00247836
0.00581969 1720 172 0.00587887 0.0381052 0.00297189
0.00353599 1730 173 0.00408967 0.0565087 0.0191592
0.00472206 1740 174 0.00972938 0.0330174 0.023261
0.00115648 1750 175 0.00805954 0.0134219 0.0132023
0.00275858 1760 176 0.00851944 -0.0115741 0.0210244
0.00754603 1770 177 -0.00668952 -0.0247155 0.00555819
0.00433949 1780 178 0.00630836 0.00867632 0.0122921
0.00682507 1790 179 0.00830069 -0.0192107 0.0065868
0.00265635 1800 180 0.00514151 0.0257494 0.0112257
0.00281909 1810 181 0.00336563 0.0424828 -0.00424186
0.0114243 1820 182 0.0148817 -0.03895 0.0516523
0.00276257 1830 183 0.00916679 -0.00940979 0.00578293
0.00161759 1840 184 0.00973555 -0.00688561 0.021536
0.00225815 1850 185 0.00789293 -0.00809543 0.0130958
0.00119507 1860 186 0.00441545 -0.00162292 -0.00527437
0.00585673 1870 187 0.00347169 0.0164898 -0.00317482
0.00721651 1880 188 0.0111733 -0.0332557 0.04614
0.00753837 1890 189 0.00596779 -0.0151827 -0.000535431
0.00467036 1900 190 0.00681035 0.00531659 0.00215211
0.00366334 1910 191 0.00382974 -0.00499528 0.0126878
0.0014817 1920 192 0.0072231 0.00606952 0.00214226
0.00668229 1930 193 0.006163 -0.0143764 0.00668607
0.00814607 1940 194 0.00343173 -0.00405519 -0.0127747
0.00354816 1950 195 0.00375842 0.0306906 -0.000575311
0.00201115 1960 196 0.00593356 0.00850365 0.00155343
0.0028332 1970 197 0.00516438 0.0569663 0.000927378
0.00383634 1980 198 0.00346534 0.00973023 0.00853602
0.00350676 1990 199 0.0106056 -0.0267834 0.00215578
0.00522144 2000 200 0.00696124 0.0162567 0.0115345
0.00589604 2010 201 0.0051516 0.00847796 -0.00143244
0.00909169 2020 202 0.0131333 -0.00573954 0.0340031
0.0056025 2030 203 0.00508207 0.0176289 0.00911213
0.00547389 2040 204 0.00605179 0.0340487 0.00457193
0.00607957 2050 205 0.00657264 0.0348878 -0.00392681
0.000997254 2060 206 0.0061775 -0.00498046 0.0196247
0.0055796 2070 207 0.000708227 0.076579 -0.013994
0.00334008 2080 208 0.0104312 -0.0207603 0.0274998
0.000750785 2090 209 0.00246624 0.00799407 -0.0121087
0.00622174 2100 210 0.00304163 0.0252849 0.00481066
0.00176062 2110 211 0.00871235 0.00042999 0.0143688
0.00438758 2120 212 0.00383987 0.0610673 0.0104487
0.00147695 2130 213 0.00651112 0.0102744 -0.0111907
0.00137594 2140 214 0.0137168 0.00870083 0.0273586
0.00187897 2150 215 0.00756484 -0.0066815 -0.00256231
0.00715191 2160 216 0.00470344 0.0208881 0.00893235
0.00228283 2170 217 0.00427808 0.0358685 0.00563191
0.0058721 2180 218 0.0045148 0.000771913 -0.00499846
0.00854567 2190 219 0.00786105 -0.0233918 -0.00492771
0.00106775 2200 220 0.000188946 0.0056045 0.00648099
0.00313077 2210 221 0.00932789 -0.0158315 0.0147463
0.00566703 2220 222 0.00221103 -0.0161771 -0.00963065
0.00189507 2230 223 0.00398096 -0.00565971 0.0109179
0.00229869 2240 224 0.0153919 -0.00666486 -0.0131388
0.00754517 2250 225 0.00958819 -0.0216989 -0.0119813
0.00206929 2260 226 0.00712659 -0.00165232 0.0130761
0.00106465 2270 227 0.00598409 0.0222758 -0.00968834
0.00122813 2280 228 0.00990572 0.00330994 0.0214951
0.00134252 2290 229 0.0112255 -0.0339034 0.0155869
0.00224905 2300 230 0.00348133 0.0150616 -0.00211373
0.00192627 2310 231 0.0056094 0.0215033 -0.00315954
0.00184919 2320 232 0.00666057 0.00206411 0.00557739
0.00240162 2330 233 0.00387483 0.00562849 0.0130907
0.00302689 2340 234 0.003579 0.0103458 0.00389396
0.000945544 2350 235 0.0054906 0.00903328 0.0129682
0.00636685 2360 236 0.00625064 0.0597015 0.00190306
0.0055989 2370 237 0.00626883 -0.00679076 -0.00287669
0.00417884 2380 238 0.00691929 0.000740199 0.0109379
0.00130848 2390 239 0.00712217 0.00328119 0.0109254
0.00108183 2400 240 0.00457825 0.00927643 0.0135581
0.00539897 2410 241 -0.00565793 -0.0229308 0.0131506
0.00255582 2420 242 0.00683489 0.0222277 -0.00146243
0.00683482 2430 243 0.00929414 -0.0297461 0.0155433
0.00142192 2440 244 0.00342198 0.0180861 -0.0090554
0.00711537 2450 245 0.010114 -0.0354276 -0.00871223
0.0130051 2460 246 0.00741348 0.109877 -0.0306363
0.00516198 2470 247 0.00313619 0.0177713 0.00432432
0.0089299 2480 248 0.00633206 0.02827 0.00972835
0.00450352 2490 249 -0.00196603 -0.0290397 0.00466546
0.00114566 2500 250 0.00723314 0.0205308 0.00936941
0.010535 2510 251 0.00537752 0.0283822 0.000263078
0.00202389 2520 252 0.00761488 -0.0200229 0.0160796
0.00233701 2530 253 0.00519262 0.0234873 -0.00866292
0.00489717 2540 254 0.00374027 0.0253511 0.00281551
0.00549759 2550 255 0.00702422 0.0271306 0.00579621
0.00921116 2560 256 0.00889479 -0.0162644 -0.0103513
0.00653469 2570 257 0.00588152 0.0570018 0.0149744
0.00434929 2580 258 0.003645 0.0303445 -0.0124892
0.00264568 2590 259 0.00526582 0.0245599 0.00559731
0.00152161 2600 260 0.00834091 0.00159806 0.0221859
0.00187902 2610 261 0.00777925 -0.00942562 0.0201152
0.00428655 2620 262 0.00562421 0.0178483 0.00418439
0.0086156 2630 263 0.00987705 0.0297491 0.00380406
0.0060309 2640 264 0.0143282 0.0126369 0.0133019
0.00593577 2650 265 0.00508567 -0.0235876 0.00455118
0.00127698 2660 266 0.00833148 -0.0062346 0.0116099
0.00251551 2670 267 0.0097187 -0.0213551 0.0182176
0.00179089 2680 268 0.00335944 0.0354163 0.00205836
0.00159336 2690 269 0.00836518 0.0254434 0.000369105
0.000767768 2700 270 0.00554176 0.0106097 0.00184137
0.00483452 2710 271 0.00741233 -0.028857 -0.00933695
0.00642115 2720 272 0.00490092 -0.0228152 -0.00619923
0.00161752 2730 273 0.00816242 0.00580916 0.00673281
0.00296855 2740 274 0.00842725 -0.0156135 0.0201289
0.00239705 2750 275 0.0075178 -0.00416442 0.00689661
0.00669135 2760 276 -5.20954e-05 0.0533158 -0.00755124
0.00167467 2770 277 0.00506106 -0.024098 0.015111
0.00517357 2780 278 0.00660504 0.0246078 0.00444477
0.00216809 2790 279 0.0125222 -0.00854659 0.0161615
0.0058596 2800 280 0.00462224 0.000404209 0.00357643
0.00343311 2810 281 0.00488271 0.0389463 0.00903563
0.0058512 2820 282 0.00425351 -0.0129046 0.000342603
0.00165802 2830 283 0.00431609 0.0126949 -0.00127197
0.00219112 2840 284 0.00662463 0.000953631 0.0160268
0.00585444 2850 285 0.00138111 -0.00899133 0.0266334
0.00103445 2860 286 0.00561791 0.00966619 0.0100768
0.00370551 2870 287 0.00632978 0.0234481 0.000333868
0.00426494 2880 288 0.00739068 0.0620161 -0.00334728
0.00918561 2890 289 0.00549378 -0.0244784 -0.0109127
0.00654702 2900 290 0.00491302 0.0216698 -0.00266662
0.00408387 2910 291 0.00983571 -0.0140589 0.0190961
0.0045331 2920 292 0.00682976 0.0203691 9.26883e-05
0.00374288 2930 293 0.00692459 0.0266931 0.0222714
0.00542181 2940 294 0.00245513 -0.0263698 0.0211125
0.00534629 2950 295 0.00279716 -0.0238226 -0.0125389
0.00247338 2960 296 0.00687665 0.00797879 0.011327
0.00115792 2970 297 0.00663125 -0.0112257 0.00609433
0.00769844 2980 298 0.00796624 -0.0308813 -0.00324268
0.00156318 2990 299 0.00281862 0.0318355 0.00859875
0.00801629 3000 300 0.00625158 -0.00419489 -0.00966655
0.0164769 3010 301 0.0049848 0.0183049 0.00539014
0.00074906 3020 302 0.00276746 0.0108632 0.00207776
0.00219647 3030 303 0.00370791 -0.00924116 0.0174434
0.00906019 3040 304 0.00537851 -0.00340058 -0.0144621
0.0013155 3050 305 0.0108806 -0.0252297 -0.000410777
0.00302362 3060 306 0.00206284 0.0343595 -0.00875815
0.00233847 3070 307 0.0070438 -0.0359597 0.0123757
0.00837922 3080 308 0.00374721 0.0274907 -0.00568023
0.00477066 3090 309 -0.00108645 0.0750742 -0.00423753
0.00144565 3100 310 0.00275684 0.00905125 0.00142676
0.00597299 3110 311 0.00579766 -0.00547487 0.0137904
0.00427001 3120 312 0.00237454 0.0210696 -0.00591605
0.00573114 3130 313 0.0110329 0.00753005 0.0245264
0.00235557 3140 314 0.00511743 -0.00530873 0.0015976
0.00131267 3150 315 0.0063583 -0.00755565 0.00459812
0.00908757 3160 316 0.0050934 0.0204856 -0.00281888
0.00166054 3170 317 0.00463615 0.0122498 0.00245519
0.00142214 3180 318 0.00456466 -0.0171904 0.0176421
0.000892048 3190 319 0.00258482 -0.00939277 0.0178058
0.010194 3200 320 0.019532 -0.0516432 -0.00608015
0.00787706 3210 321 0.0090235 -0.0269861 -0.00447854
0.00148019 3220 322 0.00388285 0.0187019 0.0177286
0.000900546 3230 323 0.00580324 0.0148972 0.0181047
0.00476288 3240 324 0.00132778 0.0233059 0.000237902
0.000800429 3250 325 0.00189557 0.0292001 -0.0178161
0.00570907 3260 326 0.00829185 -0.0288405 0.0156562
0.00271136 3270 327 0.00472249 0.0145696 0.00378975
0.00269624 3280 328 0.0042492 -0.0215701 0.00914344
0.000845158 3290 329 0.00486637 0.0148971 -0.00375105
0.00210913 3300 330 -5.34683e-05 0.0175471 -0.00492665
0.0067339 3310 331 0.00641354 -0.0273017 -0.00124183
0.00402285 3320 332 0.00391605 0.0181386 0.0182003
0.00603955 3330 333 0.00620899 -0.0280704 -0.0104127
0.00446881 3340 334 0.00857913 0.0169403 0.00427693
0.00201882 3350 335 0.00104461 0.00827579 -0.0104265
0.00411534 3360 336 0.00826829 0.0398356 0.0265099
0.00236568 3370 337 0.00891951 -0.00809003 0.0130298
0.00778573 3380 338 0.00627509 0.0185389 0.00764046
0.00503104 3390 339 0.00723757 0.0248473 0.00506813
0.00114219 3400 340 0.00135143 -0.00778266 0.00126031
0.00159328 3410 341 0.00469604 0.0261623 -0.00386292
0.00199245 3420 342 0.00491595 0.00679008 0.00591399
0.0026238 3430 343 0.0104915 0.0125733 0.0144742
0.00472171 3440 344 0.00589165 0.0184407 0.00303139
0.00448583 3450 345 0.00524089 0.0354545 -0.00252669
0.00447334 3460 346 0.00530711 -0.0154563 0.00285871
0.00330224 3470 347 0.00343748 0.064352 0.0155995
0.00488287 3480 348 0.00731738 -0.0306582 0.00437656
0.00236464 3490 349 0.00808398 0.00174569 0.0202944
0.00249664 3500 350 0.00430794 0.0135882 0.00358373
0.00143858 3510 351 0.00131461 0.0222886 0.00639957
0.00524744 3520 352 0.00825605 0.0227989 0.0114198
0.0036595 3530 353 0.0142842 0.0479005 0.0271688
0.00572914 3540 354 0.00475285 0.0305449 0.00258922
0.00118804 3550 355 0.0127531 -0.00923042 0.0221772
0.00622555 3560 356 0.0107305 -0.0225852 -0.0115729
0.00392515 3570 357 0.00698049 -0.0176642 0.00308592
0.00115913 3580 358 0.00648436 0.00282405 0.00856919
0.0027021 3590 359 0.00501219 0.0196996 -0.000191971
0.00358662 3600 360 0.0109631 0.0142064 0.0151144
0.00106854 3610 361 0.00877585 0.000193872 0.0125362
0.00530548 3620 362 0.00424049 0.000683138 0.0111602
0.00264589 3630 363 0.00358581 0.0156814 -0.0152009
0.00428228 3640 364 0.00700435 0.0212256 0.0044493
0.00413285 3650 365 0.00489233 0.0155464 0.00311093
0.00737661 3660 366 0.00346581 -0.0207502 -0.00679869
0.00218437 3670 367 0.00890433 -6.17105e-05 0.0125892
0.00194339 3680 368 0.00873955 -0.0174345 0.0200185
0.00624909 3690 369 0.00591999 0.0262387 0.00791885
0.00444107 3700 370 0.00490667 0.0195138 -0.00537676
0.00475519 3710 371 0.00602853 -0.0502843 -0.00299393
0.00478181 3720 372 0.00352445 0.0363267 -0.00894309
0.00162749 3730 373 0.00479214 0.0177085 0.00655117
0.00121609 3740 374 0.00505485 0.0236452 0.00280018
0.00316452 3750 375 0.00486401 0.0223446 0.0100691
0.00229832 3760 376 0.00492794 0.0050851 0.00273364
0.000684145 3770 377 0.00570988 0.0224998 0.0122215
0.00497728 3780 378 0.0127995 -0.01494 0.00336486
0.000951081 3790 379 0.00601482 0.0065958 0.00451129
0.00112086 3800 380 0.00938816 0.0127835 0.0226453
0.00190637 3810 381 0.00318435 -0.0223537 0.021936
0.00369579 3820 382 0.00469261 0.0147764 0.000293813
0.000943509 3830 383 0.00789576 0.000726873 0.0168117
0.00110307 3840 384 0.00554747 0.0173946 0.00590977
0.00737813 3850 385 0.00589461 0.00338199 0.0148494
0.00264572 3860 386 0.00541574 0.0111659 0.00998888
0.00222261 3870 387 0.00494843 -0.00858703 0.00994585
0.00120175 3880 388 0.00823151 -0.00956806 0.00969372
0.000727688 3890 389 0.00226751 0.0153394 0.00287197
0.00278611 3900 390 0.005342 0.0216037 -0.00928271
0.00140208 3910 391 0.00312367 0.0181438 -0.00147353
0.000990865 3920 392 0.00286887 0.0258607 -0.00338531
0.00412036 3930 393 0.00421761 0.0389423 0.00924293
0.00273755 3940 394 0.0108699 -0.0111891 0.0233395
0.00140227 3950 395 0.00931218 -0.0304313 0.0201889
0.00167391 3960 396 0.00652948 0.017579 0.00493257
0.00319033 3970 397 0.00272064 0.00968375 -0.00379987
0.00600286 3980 398 0.00282492 -0.00806975 0.00412899
0.00137163 3990 399 0.0126977 0.0109284 0.0178873
0.00213675 4000 400 0.00331126 -0.00383985 0.0162339
0.00480673 4010 401 0.00762488 -0.0130868 0.0034386
0.00905507 4020 402 0.0120894 -0.0255234 -0.0211119
0.000691988 4030 403 0.00580745 0.033112 0.0193868
0.00519274 4040 404 0.0107693 -0.0405605 -0.00146237
0.00119015 4050 405 0.00432867 0.0113685 0.00726726
0.000711417 4060 406 0.00434831 0.00712857 0.0058097
0.00521261 4070 407 0.0103473 0.0164628 0.00420788
0.00649871 4080 408 0.00970194 -0.00894143 0.0139066
0.00092775 4090 409 0.00298477 0.0198052 0.00114616
0.00827416 4100 410 0.00806444 0.0303692 0.010981
0.00170274 4110 411 0.00647616 -0.000263125 0.0107865
0.00548052 4120 412 0.00396377 0.0240682 0.0104866
0.003622 4130 413 0.00341827 0.0350204 0.00570737
0.00108552 4140 414 0.0101291 -0.00366159 0.0212665
0.00115669 4150 415 0.00522348 0.0121982 0.00179086
0.00313715 4160 416 0.00319315 0.0106292 -0.0137689
0.0072045 4170 417 0.00712911 0.0146786 0.00755256
0.00875436 4180 418 0.00652446 -0.0219863 -0.0060836
0.00129457 4190 419 0.00457744 0.0157316 0.00170673
0.00283851 4200 420 0.00554126 -0.015475 0.0207067
0.00510124 4210 421 0.00340635 0.0187831 -0.00249656
0.00152697 4220 422 0.00456857 0.0123724 0.00187225
0.00209085 4230 423 0.00468568 -0.0206701 0.0207512
0.00363167 4240 424 0.00337755 -0.00806769 0.00357823
0.00567581 4250 425 0.00182227 0.0530289 0.00630595
0.00162575 4260 426 0.00237267 0.00104081 0.0113361
0.00856009 4270 427 0.00490217 0.0547787 0.00554742
0.00602136 4280 428 0.00222891 0.0160862 -0.00721933
0.00630078 4290 429 0.00584735 -0.0162586 -0.00694126
0.00680627 4300 430 0.00352768 0.0265085 0.00211709
0.00212207 4310 431 0.00810636 -0.0117993 0.0163447
0.00248789 4320 432 0.00754207 0.0198468 0.0118996
0.00346782 4330 433 0.00740571 0.0199084 0.00251184
0.00390648 4340 434 0.00663762 0.0237267 0.0166282
0.00150763 4350 435 0.00607048 -0.00549482 0.0195932
0.00310762 4360 436 0.00531761 0.0204943 0.00277584
0.00716584 4370 437 0.003202 0.0435623 0.0113064
0.00778623 4380 438 0.00370805 0.0284119 0.00686767
0.010694 4390 439 0.00999625 -0.00467144 0.0212815
0.00253324 4400 440 0.00542744 -0.0169395 0.00839809
0.00374269 4410 441 0.00709594 0.0140599 0.000444937
0.00350043 4420 442 0.00445676 0.0168133 0.0063409
0.00311957 4430 443 0.00328784 0.0199871 -0.00418293
0.000993933 4440 444 0.0403141 -0.0122415 0.0608636
0.00378043 4450 445 0.00336283 0.024147 0.0185321
0.00407748 4460 446 0.00103997 0.0292812 -0.00398937
0.00284212 4470 447 0.00930068 0.0203403 -2.9157e-06
0.00405273 4480 448 0.00116224 0.0294405 -0.0149711
0.000781356 4490 449 0.00700315 0.021618 0.00960117
0.00298463 4500 450 0.00463783 0.0349968 0.000329677
0.00562512 4510 451 0.00929601 -0.013655 0.0134642
0.00295212 4520 452 0.00395765 0.00777756 0.00329022
0.00626198 4530 453 0.00608521 -0.0211801 -0.00513647
0.0110557 4540 454 0.0100423 -0.0420381 -0.00130795
0.000637578 4550 455 0.00150729 0.0198384 0.0080867
0.00271385 4560 456 0.00656424 0.0274499 0.0112707
0.0014411 4570 457 0.00548039 -0.00385029 -0.00510009
0.00156306 4580 458 0.00861378 0.0360938 0.0142046
0.00884224 4590 459 0.00982971 0.0241549 0.00652421
0.00551793 4600 460 0.00723235 0.0368212 0.00565829
0.00548422 4610 461 0.00515551 0.0259292 0.000881519
0.00637951 4620 462 -0.000372817 -0.0264018 0.01064
0.00481474 4630 463 0.00140877 0.0229363 0.0128813
0.00117457 4640 464 0.0101076 0.0302033 0.0093864
0.00119157 4650 465 0.00377769 -0.00249035 0.0114854
0.00178493 4660 466 0.00708121 0.0321256 0.0113178
0.00100531 4670 467 0.000431437 0.0146583 0.00466298
0.00469638 4680 468 0.00223976 -0.000201521 0.00173692
0.00736686 4690 469 0.00737693 0.025647 -0.000217685
0.00163614 4700 470 0.0055216 -0.00418072 0.00174544
0.00237572 4710 471 0.00567653 0.0179863 0.00600853
0.0100019 4720 472 0.00555714 -0.0197055 -0.0119901
0.00180236 4730 473 0.0156182 -0.00803891 0.030218
0.00408217 4740 474 0.00365139 0.0169432 0.0126927
0.00359575 4750 475 0.00568371 0.0119961 0.00196825
0.00202668 4760 476 0.00922701 0.0100487 0.00938704
0.00391707 4770 477 0.00429532 0.0208281 0.00320534
0.00539842 4780 478 0.00652642 0.00490409 0.000922716
0.00131958 4790 479 0.00957345 0.00756896 0.0111128
0.00171274 4800 480 0.00483898 -0.00635758 0.0142403
0.00181522 4810 481 0.0080003 0.00771584 0.00332031
0.00122455 4820 482 0.00641109 0.026691 0.0052244
0.00606122 4830 483 0.00420672 0.0107951 0.00557485
0.00545883 4840 484 0.00625179 0.00780383 -0.00706552
0.0107642 4850 485 0.0102832 -0.0240262 0.00718624
0.00444248 4860 486 0.00777666 -0.00737441 0.000590905
0.00219492 4870 487 0.00752734 -0.0164817 0.0102013
0.00297195 4880 488 0.00446546 -0.00994225 0.00629697
0.00741398 4890 489 0.00451222 -0.00188191 -0.0113769
0.0049314 4900 490 0.0103798 -0.0408857 5.24479e-05
0.00136758 4910 491 0.00697221 0.0119658 0.00732662
0.00279688 4920 492 0.00472441 0.0263982 0.002002
0.00154036 4930 493 0.00505521 0.00892402 0.00711643
0.00234663 4940 494 0.0102672 -0.0028622 0.00540649
0.00355279 4950 495 0.00480795 -0.000611713 0.00646043
0.00196389 4960 496 0.00961589 0.00146144 0.0127848
0.00368403 4970 497 0.00872402 -0.00934467 0.0188597
0.00709154 4980 498 0.0110832 -0.0262851 0.00217527
0.00572241 4990 499 0.00764054 0.030405 0.00515719
0.00418982 5000 500 0.00612092 -0.00841993 0.0129336
0.00750129 5010 501 0.00748844 0.0717994 0.00708473
0.0032508 5020 502 0.00819776 0.0130078 0.00871509
0.0067362 5030 503 0.00338308 0.0165122 -0.00251878
0.00506484 5040 504 0.00713962 0.0313289 -0.0026231
0.00439456 5050 505 0.00600559 0.0310833 0.00210449
0.00178504 5060 506 0.00614051 0.0155114 0.00896969
0.00578564 5070 507 0.0106002 0.0305304 0.0239232
0.00333861 5080 508 0.0125889 0.00641529 -0.0019696
0.00525759 5090 509 0.00412574 0.0319536 0.000484257
0.00421195 5100 510 0.000299988 0.0123585 -0.0143053
0.0020365 5110 511 0.00532788 0.00520482 0.00289964
0.00287276 5120 512 0.0077185 -0.000325155 0.00702034
0.00263436 5130 513 0.00302817 0.0277665 0.00656471
0.00596299 5140 514 0.00456511 0.0213969 -0.000909087
0.00135403 5150 515 0.003477 0.0218532 -0.00394125
0.00157314 5160 516 0.0081951 0.0158864 0.0186536
0.00315776 5170 517 0.0066467 0.00566758 0.0184973
0.00791057 5180 518 0.0079704 -0.0164815 0.00773236
0.00279204 5190 519 0.00633961 0.0344743 0.0227352
0.00116479 5200 520 0.000643431 0.0150243 -0.00484302
0.00120728 5210 521 0.00663613 0.0162154 0.000855154
0.00536484 5220 522 0.00482807 -0.000857805 -0.00698122
0.010036 5230 523 0.00338159 0.0169279 -0.00490618
0.00166321 5240 524 0.00257895 0.00463395 0.0282543
0.00287815 5250 525 0.0137437 -0.0102605 -0.0148724
0.00145224 5260 526 0.0117173 -0.010875 -0.00779018
0.0013144 5270 527 0.0056114 0.0182016 0.0100855
0.00512353 5280 528 0.00206154 0.0297539 -0.00590956
0.0035916 5290 529 0.0044771 0.058804 0.0144189
0.000889263 5300 530 0.0056625 -0.00105926 0.00158774
0.00300819 5310 531 0.00581303 0.00500907 0.0113355
0.00162435 5320 532 0.00547865 0.0469857 0.0116775
0.00780879 5330 533 0.00497507 0.0233311 0.000958098
0.00662163 5340 534 -0.000280424 0.0674959 -0.0233457
0.00225212 5350 535 0.00597065 0.0059156 0.0101493
0.00580034 5360 536 0.00536085 0.0308784 0.00973995
0.0067645 5370 537 0.00437587 0.0168178 0.0058948
0.00691835 5380 538 0.00107504 0.0490284 0.00330098
0.00266296 5390 539 0.0029809 -0.0158096 0.0130045
0.00472658 5400 540 0.00750514 0.0175496 0.00588123
0.00498961 5410 541 0.00314534 0.00814993 0.0011232
0.00100436 5420 542 0.00490892 0.0186699 0.00441125
0.00629022 5430 543 0.00333037 0.0103059 -0.00561304
0.0039141 5440 544 0.00446967 0.0253976 -0.000511221
0.00536261 5450 545 0.00628431 0.0182388 0.0023142
0.00414549 5460 546 0.00665523 -0.0327528 0.00133095
0.00260373 5470 547 0.0191529 0.0187235 0.0266724
0.00156371 5480 548 0.0036352 0.0163224 -0.00637243
0.00672605 5490 549 0.00807577 0.0173056 -0.000308296
0.00458252 5500 550 0.00552962 -0.000330452 0.0113034
0.0013533 5510 551 0.00455945 0.0123485 -0.00786744
0.00471848 5520 552 0.00924237 -0.0136802 0.0153621
0.00368989 5530 553 0.00568945 0.0202366 0.00466376
0.0010219 5540 554 0.00949335 -0.0036644 0.0240915
0.00455531 5550 555 0.0069946 0.0269768 -0.000470099
0.00200501 5560 556 0.00441088 0.00670292 0.00298053
0.0102295 5570 557 0.0177221 -0.0402964 -0.00871007
0.00253533 5580 558 0.00119275 0.0196495 0.00583264
0.0034739 5590 559 0.00502055 0.0150832 0.00263881
0.0037208 5600 560 0.0052402 0.0568586 0.00399539
0.00938751 5610 561 0.00759191 -0.0230177 -0.00475089
0.0130165 5620 562 0.00519887 0.00775919 0.00657415
0.00525916 5630 563 0.00577826 0.0277772 0.00658661
0.0076191 5640 564 0.00562142 0.01585 0.00134413
0.00984212 5650 565 -0.0171759 0.0455948 -0.0830239
0.00201247 5660 566 0.0105452 -0.0227942 0.0251597
0.00360867 5670 567 0.00837416 -0.0151552 0.0147258
0.00438973 5680 568 0.00483137 0.0180975 0.00309624
0.00984498 5690 569 0.00114909 0.010862 -0.003003
0.00138395 5700 570 0.00453868 0.0141052 0.0036344
0.00158871 5710 571 0.00675099 0.0248958 0.00857284
0.001925 5720 572 0.0120794 0.00444927 0.0227319
0.00756044 5730 573 0.00398666 -0.00785096 -0.00442301
0.00262861 5740 574 0.00131102 -0.0296269 -0.00986896
0.00568322 5750 575 0.00568721 0.016805 0.00797423
0.00344025 5760 576 0.00192591 0.019971 0.00172107
0.00475418 5770 577 0.00817951 -0.0257891 0.0135665
0.00538851 5780 578 0.00729379 0.0117518 0.015875
0.00893887 5790 579 0.00693908 -0.0343618 0.0569617
0.00269178 5800 580 0.00193272 0.0103552 -0.00600867
0.00960927 5810 581 0.00868514 -0.011723 -0.0061853
0.00165333 5820 582 0.00668596 0.0213766 0.0128547
0.00705659 5830 583 0.00805949 -0.0249309 0.016088
0.00230134 5840 584 0.00566229 0.000658445 0.00539274
0.000609882 5850 585 0.00549936 0.00672977 0.0225311
0.00122738 5860 586 0.00488336 0.0136032 0.00410934
0.0022751 5870 587 0.00702229 0.0174039 0.0111826
0.0024919 5880 588 0.00773182 0.0146091 0.00808727
0.00619361 5890 589 0.00836175 0.000402065 0.0156273
0.00641567 5900 590 0.00475776 0.0269832 -0.00589238
0.0047385 5910 591 0.0178393 0.0349132 0.0329069
0.00674081 5920 592 0.00510015 0.0360744 0.000580652
0.00702438 5930 593 0.00512104 0.0495756 -0.00667464
0.00335772 5940 594 0.00796221 -0.0229861 0.00092549
0.00223422 5950 595 0.00569984 0.0352765 0.00314441
0.00610278 5960 596 0.0055109 -0.00558717 0.0100369
0.00161724 5970 597 0.00521601 -0.00293399 0.00838171
0.00163326 5980 598 0.00562352 0.0154317 0.00985147
0.0029981 5990 599 0.00881597 -0.024981 0.0186736
0.0104724 6000 600 0.00623724 -0.0197055 0.0005955
0.00178563 6010 601 0.00925074 -0.00865495 0.0173492
0.00224216 6020 602 0.00426228 0.0348662 0.0133065
0.00568132 6030 603 0.00836838 -0.0165529 -0.00737697
0.00503437 6040 604 0.00754427 -0.0172239 -0.00172441
0.00385327 6050 605 0.00634369 -0.00177664 0.0123611
0.00894611 6060 606 0.000567414 -0.0175723 -0.00748571
0.00701505 6070 607 0.00796101 0.0540679 0.0147144
0.00246673 6080 608 0.0125327 -0.00667414 0.017236
0.00159984 6090 609 0.00324534 0.0171526 0.00495124
0.00373205 6100 610 0.00736646 -0.0187666 0.0076119
0.0106581 6110 611 0.00826806 -0.0378759 -0.00237736
0.00213492 6120 612 0.0113451 0.00369579 0.0199665
0.00467141 6130 613 0.00357147 -0.0104897 0.00544692
0.00503992 6140 614 0.00282773 0.0257983 0.00177445
0.00119766 6150 615 0.00498768 0.0184459 0.00886722
0.0108685 6160 616 0.00814779 0.072212 0.00508449
0.00391823 6170 617 0.00919943 0.00790677 0.00875822
0.0064144 6180 618 0.00395785 -0.000703929 0.0126003
0.0048122 6190 619 0.00578813 0.0194331 -0.000658743
0.00974805 6200 620 0.00430555 0.0016689 -0.0120048
0.00427191 6210 621 0.00862316 -0.00793783 0.00355204
0.00317234 6220 622 0.00563003 -0.00755079 0.0100549
0.00266974 6230 623 0.0058389 0.01565 0.00248529
0.00182215 6240 624 0.00428181 0.0114311 -0.0073869
0.00329774 6250 625 0.00395251 -0.00777784 0.0197002
0.00395719 6260 626 0.00309032 -0.0106007 -0.0114398
0.00434399 6270 627 0.00210178 0.0358836 -0.00650965
0.00949607 6280 628 0.00589171 -0.0136587 -0.000896113
0.0111033 6290 629 0.00381348 0.0338099 -0.00375949
0.00103037 6300 630 0.00393715 0.0307575 -0.0010952
0.00244917 6310 631 -0.00337416 -0.00132674 0.00589527
0.00707273 6320 632 -0.00490602 -0.00828025 0.0211397
0.0014617 6330 633 0.0075079 0.0174805 0.0140983
0.00444076 6340 634 0.00853844 -0.0141883 0.0107741
0.00327493 6350 635 0.00717423 -0.0147113 0.00477072
0.00105066 6360 636 0.00691368 0.00858214 0.00710459
0.00226023 6370 637 0.00584364 0.0214541 0.000338913
0.00294488 6380 638 0.00567908 -0.012394 0.0208009
0.0018259 6390 639 0.0140479 -0.0306822 0.0146472
0.00309353 6400 640 0.00525539 0.0333644 0.00202685
0.00203288 6410 641 0.00646387 -0.0137972 0.0202818
0.000965627 6420 642 0.00158249 0.0158398 -0.00840727
0.00591314 6430 643 0.0087833 0.00910859 0.0109755
0.0068802 6440 644 0.00740967 -0.0058402 0.00651671
0.00228216 6450 645 0.00690905 -0.00242572 0.00860029
0.00133665 6460 646 0.0031738 0.017447 0.00539878
0.00746916 6470 647 0.010226 0.0169187 0.0300705
0.000937705 6480 648 0.00836614 0.0303065 0.0121575
0.00961417 6490 649 0.0114652 0.00742494 0.0140265
0.0066706 6500 650 0.00387177 0.057171 0.00671904
0.00115414 6510 651 0.00264689 0.0299336 0.000832778
0.00737276 6520 652 0.00749191 0.0212119 0.00353922
0.00513821 6530 653 0.00378669 0.0324275 -0.00718481
0.000787967 6540 654 0.00325039 0.0066776 0.0119531
0.00640561 6550 655 0.0140082 -0.0263217 -0.00639414
0.00715425 6560 656 0.00256899 -0.0324676 -0.0146439
0.00248237 6570 657 0.00520763 0.0115936 0.0117034
0.00323144 6580 658 0.00435292 -0.00568815 0.0165965
0.00166936 6590 659 0.00600389 0.00931994 0.00203341
0.00132104 6600 660 0.00777572 -0.00694776 0.00513513
0.00177811 6610 661 0.0084119 0.0100842 0.0158653
0.00178261 6620 662 0.00451789 0.0139218 0.00652422
0.00417376 6630 663 0.00414965 0.036488 0.0113029
0.00117302 6640 664 0.0023262 0.0380783 0.0130815
0.00292455 6650 665 0.00158052 0.0301446 0.00203245
0.00145738 6660 666 0.00313458 0.0187423 0.00759549
0.00630145 6670 667 0.00444131 0.01549 -0.0024315
0.00979162 6680 668 0.0082406 0.0284899 0.00868975
0.00453199 6690 669 0.00660886 -0.0015397 7.39442e-05
0.00341476 6700 670 0.00405941 0.0272044 0.005564
0.00815496 6710 671 -0.00180189 -0.0187502 0.0164855
0.00513835 6720 672 0.0110068 0.0184545 0.00230374
0.00425869 6730 673 0.00506535 -0.00810793 0.001775
0.00173736 6740 674 0.0067984 0.00203099 0.0227838
0.00114281 6750 675 0.00223895 0.022679 -0.00924057
0.00557404 6760 676 0.0144493 -0.0457066 0.00673002
0.00180082 6770 677 0.00615643 -0.00598464 0.00777177
0.00124688 6780 678 0.00679089 0.0228134 0.00929612
0.00130087 6790 679 0.0117995 -0.00363286 0.00667394
0.000982093 6800 680 0.00495238 0.0191513 0.00316001
0.00276539 6810 681 0.00143392 0.0120134 0.0231693
0.0028024 6820 682 0.00202567 0.00137492 -0.017438
0.00638473 6830 683 0.0103412 0.0279821 0.00279075
0.00211049 6840 684 0.00907264 0.0108644 0.00952379
0.00194735 6850 685 0.00226887 0.0168355 0.00572914
0.00281978 6860 686 0.00669473 -0.00728537 0.0226218
0.0115351 6870 687 0.00230862 0.0655252 -0.000653382
0.000839095 6880 688 0.00502933 0.0170797 0.00868541
0.00352456 6890 689 0.00210799 0.0101881 0.00137273
0.00630417 6900 690 0.0020072 -0.0182805 -0.00478326
0.00170938 6910 691 0.00672049 0.00540819 0.00581946
0.00103831 6920 692 0.00438694 0.0147183 0.00185109
0.00661763 6930 693 0.00571586 -0.00866751 0.0133326
0.004511 6940 694 0.010299 -0.0303438 0.000488729
0.0012643 6950 695 0.00701467 -0.0116628 0.00921773
0.00173089 6960 696 0.00612056 0.0147071 0.00782151
0.00352128 6970 697 0.0055134 0.0547645 0.00750852
0.00281279 6980 698 0.00555679 -0.0119148 0.00780557
0.00391135 6990 699 0.00480896 0.0267195 0.0154588
0.00244636 7000 700 0.00552526 0.0146788 0.00166556
0.00946877 7010 701 0.00556805 -1.78478e-05 -4.45042e-05
0.00526802 7020 702 0.00434321 0.0573222 0.0206304
0.00621612 7030 703 0.00687145 0.0274704 -0.00329739
0.00177977 7040 704 0.00387537 0.0308175 0.0110108
0.0032192 7050 705 0.00979793 -0.00319327 0.0237867
0.0016661 7060 706 0.00335017 0.0232848 0.00851596
0.00322196 7070 707 0.00591205 -0.00237869 0.0138568
0.00507019 7080 708 0.00738157 0.0228166 0.00931644
0.00212813 7090 709 0.00558084 0.00870726 0.0113624
0.00234675 7100 710 0.00274476 0.0253346 -0.00298478
0.00604278 7110 711 0.00154219 0.060362 0.00840769
0.00398972 7120 712 0.00538491 0.00972858 0.0143456
0.0019861 7130 713 0.00429719 0.0223271 0.00738854
0.00187031 7140 714 0.00636275 0.0226852 0.0169025
0.00407841 7150 715 0.00598412 0.0366514 0.00709205
0.0038396 7160 716 0.0108652 0.0532366 0.0291169
0.00332308 7170 717 0.00622843 -0.00637353 0.00829522
0.00850869 7180 718 0.00261975 0.0197528 -0.00212479
0.00603688 7190 719 0.00869067 -0.0311248 0.00746362
0.00301073 7200 720 0.00559833 0.0184634 0.00932653
0.00420223 7210 721 0.00724183 0.000519394 0.00603893
0.00393403 7220 722 0.00610604 0.0203207 0.00219874
0.00616608 7230 723 0.00249398 0.0611719 0.00734753
0.00117803 7240 724 0.0061327 0.0240002 -0.00298736
0.00131527 7250 725 0.00656694 -0.00799179 0.00790284
0.00626756 7260 726 0.00412651 0.0125347 0.00525075
0.00384997 7270 727 0.0023479 0.0340075 -0.0094007
0.00311572 7280 728 0.00453278 -0.00367098 0.0159587
0.00134937 7290 729 0.00545261 0.0130932 -0.00625587
0.00873948 7300 730 0.00955471 -0.0225348 -0.0103911
0.00327115 7310 731 0.00585961 -0.00797833 0.000299755
0.00867281 7320 732 0.00888574 -0.0423701 -0.00979186
0.00182563 7330 733 0.00874974 -0.0145473 0.0162632
0.00196305 7340 734 0.00315657 0.00184482 0.00972548
0.00287092 7350 735 0.00536457 0.026661 -0.00178707
0.00831594 7360 736 0.00334139 -0.00942209 -0.00753661
0.00838318 7370 737 0.00551115 -0.0246612 -0.00396653
0.00332599 7380 738 0.00695422 0.0048375 0.00562908
0.00182469 7390 739 0.00904899 -0.00653367 0.00843724
0.0080722 7400 740 0.00653224 -0.00663864 -0.00349767
0.00637553 7410 741 0.00532726 0.0194572 -0.00697204
0.0105379 7420 742 0.00643373 -0.000488418 0.0157554
0.00320105 7430 743 0.00758659 0.0164471 -0.00143513
0.00360513 7440 744 0.00862756 -0.0315577 0.00102384
0.00556665 7450 745 0.0196191 0.0303443 0.0216252
0.000847385 7460 746 0.00539337 0.00902081 -0.000127202
0.00433034 7470 747 0.00643042 0.0216524 0.00964391
0.00473973 7480 748 0.00451299 0.0266113 -0.0189595
0.00418745 7490 749 0.0059206 0.00868969 0.0115308
0.00136527 7500 750 0.000616169 0.0236909 0.0166016
0.00171007 7510 751 0.0101433 -0.00149326 0.00832564
0.00426186 7520 752 0.00521016 -0.0061198 -0.000362647
0.00288267 7530 753 0.00127909 0.0127841 0.00092893
0.00138745 7540 754 0.00278301 0.0207254 0.00666357
0.00372892 7550 755 0.00364539 0.00777584 0.0043599
0.00273595 7560 756 0.00553078 0.04951 0.0174686
0.00127657 7570 757 0.00671599 -0.00402558 0.00770219
0.00205671 7580 758 0.00485051 0.0419741 -0.00537459
0.00452562 7590 759 0.00652694 0.0631776 0.00204966
0.00441603 7600 760 0.00284701 0.0410706 -0.00274725
0.000644641 7610 761 0.00569342 0.0167897 -0.000573352
0.00411111 7620 762 0.0045945 -0.0200432 -0.00146991
0.00583826 7630 763 0.00199962 -0.0147154 0.00443393
0.00464611 7640 764 0.00717141 0.0132878 0.00724586
0.00142145 7650 765 0.0048755 0.0131754 0.00252062
0.00229871 7660 766 0.00412728 0.0228172 0.00108409
0.00221131 7670 767 0.00633121 0.0142986 0.011992
0.00432321 7680 768 0.00888571 0.031936 0.00316118
0.00346186 7690 769 0.00597596 0.033733 0.000284307
0.00185491 7700 770 0.00691418 0.0110494 0.00926292
0.00104684 7710 771 0.00831163 -0.0115838 0.00754166
0.00178433 7720 772 0.00365825 0.0138366 -0.00250643
0.00587153 7730 773 0.0119376 -0.0213614 -0.0119454
0.00562514 7740 774 0.00631404 0.0110201 0.00687235
0.00503222 7750 775 0.0149812 -0.0469649 0.0111504
0.0143239 7760 776 0.00637132 0.0161808 0.00785058
0.00266764 7770 777 0.00377228 0.0264901 -0.0115061
0.000802779 7780 778 0.00516725 0.0186747 0.00353732
0.00150367 7790 779 0.00381207 0.000898173 -0.00334367
0.00512879 7800 780 0.0048293 -0.0130944 0.0196486
0.000690724 7810 781 0.00360555 0.0136198 0.00806694
0.0044761 7820 782 0.00331598 0.0298625 -0.00366298
0.00214564 7830 783 0.00962314 -0.00985206 0.0149949
0.00364373 7840 784 0.00530745 -0.023314 9.7907e-05
0.00750794 7850 785 0.00510309 0.0202622 0.00330494
0.00204514 7860 786 0.00702973 -0.0122166 0.0146372
0.00233876 7870 787 0.00298463 0.0227211 0.010769
0.00630653 7880 788 0.00351196 0.0210492 0.00523442
0.00956347 7890 789 0.00599486 0.0158764 -0.0070942
0.00322487 7900 790 0.00398024 0.0106791 0.00319932
0.00883457 7910 791 0.00508019 -0.0390849 -0.00372314
0.00442099 7920 792 0.00503768 0.0195131 0.006651
0.00290326 7930 793 0.00560844 -0.000370504 0.0067638
0.00834371 7940 794 0.00667127 -0.0209616 -0.00583579
0.00552881 7950 795 0.00714693 0.0124028 0.00738409
0.000909913 7960 796 0.007244 0.00400003 0.00585196
0.00584708 7970 797 0.00708003 4.04684e-05 1.22964e-05
0.00265598 7980 798 0.00701292 0.0258638 0.000830836
0.00599116 7990 799 0.00974744 -0.0172144 0.00819883
0.00614021 8000 800 0.00681984 -0.00882331 0.00270605
0.00458622 8010 801 0.00780393 0.0334661 -0.00628311
0.00302654 8020 802 0.00641437 0.0156972 0.00414238
0.00382971 8030 803 0.00960636 0.0495508 0.02116
0.00376476 8040 804 0.00439169 0.0130109 0.00244994
0.00267409 8050 805 0.00771664 -0.0194201 0.0172603
0.00143156 8060 806 0.00386074 -0.0151985 0.00341267
0.00287742 8070 807 0.00444234 0.0138791 0.00632206
0.00634383 8080 808 0.00313013 -0.0188537 -0.00548175
0.00169978 8090 809 0.00600169 -0.0119674 0.00525209
0.00470596 8100 810 0.00939534 0.0382555 0.0158135
0.00117344 8110 811 0.00341584 0.028349 -0.00134499
0.000993562 8120 812 0.00328676 0.0299432 -0.00250167
0.0092973 8130 813 0.00962404 0.028706 0.00864938
0.00441333 8140 814 0.00383576 0.0152038 -0.00285133
0.000955618 8150 815 0.00869655 0.0220639 0.0139223
0.00138582 8160 816 0.0516929 0.0540607 0.0135344
0.00650331 8170 817 0.00538181 -0.01751 -0.00861085
0.00853798 8180 818 0.00379415 -0.010049 0.00510785
0.00366603 8190 819 0.00548234 -0.0204201 0.0115794
0.00224849 8200 820 0.0023058 0.0207713 0.0127158
0.00655737 8210 821 0.00785378 -0.0191354 0.0277058
0.00231398 8220 822 0.00771878 -0.01379 0.0178806
0.00469618 8230 823 0.0105624 0.00873131 0.00865903
0.00122038 8240 824 0.00799004 0.0181741 0.00403156
0.00884354 8250 825 0.00520752 -0.0270788 -0.00830198
0.00379518 8260 826 0.00785183 -0.0128483 0.00895309
0.00215865 8270 827 0.00165595 0.0250823 -0.000675559
0.000928459 8280 828 0.00426481 0.0102231 0.00500645
0.000855015 8290 829 0.00857407 0.0127862 0.00894223
0.00208578 8300 830 0.00313396 0.00953038 0.00214758
0.00350026 8310 831 0.00492542 0.0100028 0.00643469
0.00151657 8320 832 0.00946955 0.00889932 0.0151688
0.00918847 8330 833 0.00494829 -0.0231165 -0.00309093
0.00524278 8340 834 0.00227372 0.0262565 -0.00347918
0.00534326 8350 835 0.0255797 -0.0145552 0.080679
0.00189766 8360 836 0.00725653 0.00142121 -0.00819492
0.00157142 8370 837 0.00770504 0.0286018 0.00195432
0.00217483 8380 838 0.00170569 -0.00700428 -0.0014536
0.00320558 8390 839 0.0073115 0.0128433 0.00444069
0.00361741 8400 840 0.00587516 0.00423119 0.00949617
0.00482036 8410 841 0.00560127 -0.0121221 -0.00690537
0.00474198 8420 842 0.00735862 -0.0159755 0.0157821
0.00575504 8430 843 8.79442e-05 -0.0411472 -0.000487607
0.00770111 8440 844 0.00638585 0.0144171 0.00951661
0.00549264 8450 845 -0.0015199 -0.00655618 0.0260077
0.00277871 8460 846 0.00338462 0.0235516 0.00865713
0.00300699 8470 847 0.00213087 0.00397475 0.00184606
0.00539397 8480 848 0.00489863 0.0300021 0.00292111
0.00314445 8490 849 0.0075707 -0.0296377 0.00749524
0.00652463 8500 850 0.00263939 0.0556098 0.0120542
0.00435232 8510 851 0.00693565 0.0228947 0.000420094
0.00230907 8520 852 0.00709687 0.00529768 0.00928222
0.00876332 8530 853 0.0089268 0.0227648 0.00663939
0.00197101 8540 854 0.00545849 0.00683108 -0.00581419
0.00556076 8550 855 0.00898586 0.00304515 0.00326219
0.00481706 8560 856 0.00946438 -0.0277562 0.0178259
0.00899654 8570 857 0.00320623 0.0490767 -0.00262738
0.00525671 8580 858 0.00634696 -0.0297368 0.015448
0.00353061 8590 859 0.0041618 0.0117759 0.00669196
0.00195684 8600 860 0.00457384 -0.0048196 0.0156544
0.00272736 8610 861 0.00376203 0.00867087 -0.00358243
0.00155032 8620 862 0.00637405 -0.00187229 0.0185893
0.000641163 8630 863 0.00707468 0.0160287 0.0153454
0.00136002 8640 864 -0.000412461 -0.0222758 0.0278123
0.00402074 8650 865 0.0048803 0.0152507 0.00142513
0.00196685 8660 866 0.00856181 -0.0171115 0.0177741
0.00128883 8670 867 0.00555523 0.0212892 0.0030496
0.00679119 8680 868 0.0109826 0.0434602 0.0338775
0.013753 8690 869 0.00481743 0.0215219 0.00211541
0.00200054 8700 870 0.00554678 0.00447989 -0.00170509
0.00246932 8710 871 0.00352646 0.0238967 -0.00827891
0.00485096 8720 872 0.00516624 -0.0168262 -8.37843e-08
0.00389793 8730 873 0.00104219 0.0657271 0.0113497
0.00686744 8740 874 0.00324336 0.0168961 -0.00797532
0.00278011 8750 875 0.00512037 0.0109485 0.00584031
0.00273048 8760 876 0.00138086 -0.00513288 -0.0274366
0.00592709 8770 877 0.00313144 0.0103204 -0.00104943
0.000976028 8780 878 0.0051784 0.0191002 -0.00156232
0.00140828 8790 879 0.00548913 -0.0227977 -0.000464677
0.00656615 8800 880 0.00713627 0.00434951 0.00500167
0.00496606 8810 881 0.0054931 0.0164749 0.00638568
0.00408218 8820 882 0.005065 0.00311805 0.0154749
0.00404488 8830 883 0.00616672 0.0465422 0.00639011
0.00176227 8840 884 0.0108548 0.0113487 -0.000290058
0.00153214 8850 885 0.00494802 0.00989354 0.00483568
0.00548899 8860 886 0.00334239 -0.0120901 -0.0124617
0.00156423 8870 887 0.00284468 0.0156493 -0.00202055
0.0060243 8880 888 0.008905 0.0271641 -0.0156791
0.00294669 8890 889 0.00724372 0.0222918 -0.00339395
0.00167019 8900 890 0.00628633 -0.0240797 0.00632451
0.00168733 8910 891 0.0055765 0.037539 0.021646
0.00921705 8920 892 0.0128095 -0.0301008 -0.000886876
0.0010788 8930 893 0.0106193 0.00209743 0.0091143
0.00450632 8940 894 0.001026 0.0188616 -0.00952559
0.00384513 8950 895 0.00828398 -0.00610893 0.00665453
0.00592035 8960 896 0.00368638 0.027569 0.0132879
0.00132254 8970 897 0.0108366 -0.000622403 0.0155937
0.00125916 8980 898 0.00102742 0.0214943 -0.0146971
0.00344661 8990 899 0.00503485 0.00192504 0.00727453
0.00143131 9000 900 0.00824578 0.015391 0.0062071
0.00237989 9010 901 0.0060496 0.00225462 0.0115642
0.00410786 9020 902 0.00422845 0.0246779 -0.00760894
0.00758377 9030 903 0.00557451 -0.00951242 0.000846799
0.00394268 9040 904 0.0112478 -0.0127374 0.0123627
0.00344594 9050 905 0.00616828 0.031028 0.00907616
0.00194786 9060 906 0.0226041 -0.00138858 0.0123035
0.00250662 9070 907 0.00600952 -0.00810744 0.0173645
0.00222055 9080 908 0.000107346 -0.0160092 -0.00323046
0.00427044 9090 909 0.00721927 0.016656 0.00476569
0.00104826 9100 910 0.00381831 -7.58847e-05 0.00427294
0.00171914 9110 911 0.00361971 0.0132823 0.0116684
0.00248655 9120 912 0.00304372 0.0313356 0.00360236
0.00234992 9130 913 0.00447092 0.047547 0.00161948
0.00188979 9140 914 0.00526878 0.0318462 5.3978e-05
0.00243689 9150 915 0.00453396 -0.0101752 -0.00210408
0.00261842 9160 916 0.00485581 0.00540711 0.00889253
0.00353856 9170 917 0.00472396 0.0185898 -0.00732132
0.00361169 9180 918 0.00394479 0.0413274 0.0017042
0.00137332 9190 919 0.00118821 0.00367725 0.00206519
0.00375963 9200 920 0.00819016 0.021695 -0.00103498
0.00142027 9210 921 0.00675501 0.00361062 0.0231084
0.0015455 9220 922 0.0115219 0.00144351 0.0164162
0.00258826 9230 923 0.0122338 0.0502787 0.0287727
0.00840969 9240 924 0.00485775 -0.0085335 -0.00155189
0.003531 9250 925 0.00423622 0.01939 -0.00254202
0.00436556 9260 926 0.00551787 0.0280651 0.0136335
0.00118382 9270 927 0.00429785 0.00615387 -0.00130804
0.00953016 9280 928 0.00607227 -0.0132612 -0.007334
0.00207612 9290 929 0.00769692 0.00488016 0.00696077
0.00182516 9300 930 0.0155807 -0.00224509 0.0168724
0.0185174 9310 931 0.0056833 0.0108233 0.0240754
0.00718666 9320 932 0.011045 0.0712769 0.00787215
0.00226009 9330 933 0.00157724 0.0189244 0.00569588
0.00515409 9340 934 0.00385765 -0.0293242 -0.00934561
0.00561162 9350 935 0.00560358 0.0111147 0.00991421
0.00181644 9360 936 0.0184961 -0.00897416 0.00540177
0.0048558 9370 937 0.00679109 0.021563 0.00458746
0.0014477 9380 938 0.00637562 0.00859512 0.00767496
0.00267484 9390 939 0.00808541 0.0155688 0.00697044
0.00412445 9400 940 0.00713614 -0.0250595 0.00877876
0.00295178 9410 941 0.00559788 -0.00986966 0.00811447
0.00453097 9420 942 0.00513337 0.00678682 0.0108202
0.00195725 9430 943 0.00694027 -0.000914237 0.0246845
0.00157904 9440 944 0.0062456 -0.0280369 0.0136577
0.00176807 9450 945 0.007163 0.0296863 0.0226884
0.00112827 9460 946 0.0080307 0.00779036 0.0110041
0.000861737 9470 947 0.00525864 -0.00420616 0.00463962
0.0101938 9480 948 0.00723333 0.0166886 0.00470333
0.00471687 9490 949 0.0118854 -0.0103329 0.0480801
0.00268941 9500 950 0.00342141 -0.0158509 0.0184317
0.0123951 9510 951 0.0109955 -0.00274491 -0.0104799
0.00167189 9520 952 0.00359984 -0.0145974 0.0167289
0.00291564 9530 953 0.00449275 0.0218795 0.00892742
0.00219335 9540 954 0.00691359 0.0223281 0.00813111
0.00519915 9550 955 0.00773487 -0.0305497 0.0119701
0.00548192 9560 956 0.0170078 -0.000716306 0.0359908
0.00314011 9570 957 0.00615646 0.0346239 0.0104162
0.00330017 9580 958 0.00925796 -0.0208281 0.00205992
0.00506037 9590 959 0.00916534 0.0119746 0.000195469
0.00101076 9600 960 0.00287275 0.0142503 -0.00938297
0.00733083 9610 961 0.00490011 0.00973877 0.013854
0.00617061 9620 962 0.0104132 -0.0193294 -0.0117171
0.00388272 9630 963 0.00805502 0.0156732 -0.00169863
0.000937873 9640 964 0.00465231 0.00761143 0.0105227
0.00647421 9650 965 0.00871789 0.0245057 -0.000614793
0.00727046 9660 966 0.00770834 -0.010945 0.0256915
0.00467939 9670 967 0.00254618 0.0146312 0.000237367
0.00120955 9680 968 0.0070417 -0.00163365 0.0123423
0.00843726 9690 969 0.0181111 -0.0387604 -0.00856238
0.00162798 9700 970 0.00538465 0.0240779 0.0077255
0.00245483 9710 971 0.0107103 -0.0235543 0.0146025
0.00841647 9720 972 0.000409653 -0.00144821 0.0130116
0.00609724 9730 973 0.0103066 -0.0346781 0.0114518
